         200     = number of Te values
Te [keV]
  1.00e-01  1.03e-01  1.05e-01  1.08e-01  1.11e-01  1.14e-01  1.17e-01  1.20e-01
  1.24e-01  1.27e-01  1.31e-01  1.34e-01  1.38e-01  1.41e-01  1.45e-01  1.49e-01
  1.53e-01  1.57e-01  1.61e-01  1.66e-01  1.70e-01  1.75e-01  1.80e-01  1.84e-01
  1.89e-01  1.95e-01  2.00e-01  2.05e-01  2.11e-01  2.16e-01  2.22e-01  2.28e-01
  2.34e-01  2.41e-01  2.47e-01  2.54e-01  2.61e-01  2.68e-01  2.75e-01  2.82e-01
  2.90e-01  2.98e-01  3.06e-01  3.14e-01  3.23e-01  3.31e-01  3.40e-01  3.50e-01
  3.59e-01  3.69e-01  3.79e-01  3.89e-01  3.99e-01  4.10e-01  4.21e-01  4.32e-01
  4.44e-01  4.56e-01  4.68e-01  4.81e-01  4.94e-01  5.07e-01  5.21e-01  5.35e-01
  5.50e-01  5.64e-01  5.80e-01  5.95e-01  6.11e-01  6.28e-01  6.45e-01  6.62e-01
  6.80e-01  6.98e-01  7.17e-01  7.37e-01  7.56e-01  7.77e-01  7.98e-01  8.19e-01
  8.41e-01  8.64e-01  8.87e-01  9.11e-01  9.36e-01  9.61e-01  9.87e-01  1.01e+00
  1.04e+00  1.07e+00  1.10e+00  1.13e+00  1.16e+00  1.19e+00  1.22e+00  1.25e+00
  1.29e+00  1.32e+00  1.36e+00  1.40e+00  1.43e+00  1.47e+00  1.51e+00  1.55e+00
  1.59e+00  1.64e+00  1.68e+00  1.73e+00  1.77e+00  1.82e+00  1.87e+00  1.92e+00
  1.97e+00  2.03e+00  2.08e+00  2.14e+00  2.19e+00  2.25e+00  2.31e+00  2.38e+00
  2.44e+00  2.51e+00  2.57e+00  2.64e+00  2.72e+00  2.79e+00  2.86e+00  2.94e+00
  3.02e+00  3.10e+00  3.19e+00  3.27e+00  3.36e+00  3.45e+00  3.54e+00  3.64e+00
  3.74e+00  3.84e+00  3.94e+00  4.05e+00  4.16e+00  4.27e+00  4.38e+00  4.50e+00
  4.62e+00  4.75e+00  4.88e+00  5.01e+00  5.14e+00  5.28e+00  5.43e+00  5.57e+00
  5.72e+00  5.88e+00  6.04e+00  6.20e+00  6.37e+00  6.54e+00  6.71e+00  6.89e+00
  7.08e+00  7.27e+00  7.47e+00  7.67e+00  7.88e+00  8.09e+00  8.31e+00  8.53e+00
  8.76e+00  9.00e+00  9.24e+00  9.49e+00  9.75e+00  1.00e+01  1.03e+01  1.06e+01
  1.08e+01  1.11e+01  1.14e+01  1.17e+01  1.21e+01  1.24e+01  1.27e+01  1.31e+01
  1.34e+01  1.38e+01  1.41e+01  1.45e+01  1.49e+01  1.53e+01  1.57e+01  1.62e+01
  1.66e+01  1.70e+01  1.75e+01  1.80e+01  1.85e+01  1.90e+01  1.95e+01  2.00e+01
H_ Lz[W m^3]
  1.01e-43  1.39e-43  1.85e-43  2.43e-43  3.20e-43  4.20e-43  5.53e-43  7.26e-43
  9.55e-43  1.26e-42  1.62e-42  2.04e-42  2.57e-42  3.24e-42  4.09e-42  5.15e-42
  6.50e-42  8.19e-42  1.03e-41  1.25e-41  1.52e-41  1.85e-41  2.25e-41  2.74e-41
  3.34e-41  4.07e-41  4.95e-41  5.86e-41  6.93e-41  8.20e-41  9.69e-41  1.15e-40
  1.35e-40  1.60e-40  1.89e-40  2.20e-40  2.54e-40  2.93e-40  3.38e-40  3.90e-40
  4.50e-40  5.20e-40  5.99e-40  6.87e-40  7.77e-40  8.78e-40  9.93e-40  1.12e-39
  1.27e-39  1.44e-39  1.62e-39  1.84e-39  2.04e-39  2.27e-39  2.53e-39  2.81e-39
  3.12e-39  3.47e-39  3.86e-39  4.30e-39  4.73e-39  5.19e-39  5.69e-39  6.24e-39
  6.85e-39  7.51e-39  8.24e-39  9.04e-39  9.86e-39  1.07e-38  1.16e-38  1.26e-38
  1.36e-38  1.48e-38  1.60e-38  1.74e-38  1.88e-38  2.02e-38  2.17e-38  2.33e-38
  2.50e-38  2.68e-38  2.88e-38  3.09e-38  3.32e-38  3.54e-38  3.77e-38  4.01e-38
  4.27e-38  4.54e-38  4.83e-38  5.14e-38  5.48e-38  5.80e-38  6.13e-38  6.48e-38
  6.84e-38  7.22e-38  7.63e-38  8.06e-38  8.52e-38  8.98e-38  9.42e-38  9.89e-38
  1.04e-37  1.09e-37  1.14e-37  1.20e-37  1.26e-37  1.32e-37  1.38e-37  1.44e-37
  1.50e-37  1.56e-37  1.63e-37  1.70e-37  1.77e-37  1.85e-37  1.92e-37  1.99e-37
  2.07e-37  2.14e-37  2.22e-37  2.31e-37  2.39e-37  2.48e-37  2.57e-37  2.65e-37
  2.74e-37  2.83e-37  2.92e-37  3.01e-37  3.11e-37  3.21e-37  3.31e-37  3.40e-37
  3.50e-37  3.60e-37  3.69e-37  3.80e-37  3.90e-37  4.01e-37  4.12e-37  4.22e-37
  4.32e-37  4.42e-37  4.53e-37  4.63e-37  4.74e-37  4.85e-37  4.97e-37  5.07e-37
  5.17e-37  5.28e-37  5.38e-37  5.49e-37  5.59e-37  5.70e-37  5.82e-37  5.93e-37
  6.02e-37  6.12e-37  6.22e-37  6.32e-37  6.42e-37  6.53e-37  6.63e-37  6.74e-37
  6.83e-37  6.92e-37  7.01e-37  7.11e-37  7.20e-37  7.29e-37  7.39e-37  7.49e-37
  7.57e-37  7.65e-37  7.73e-37  7.81e-37  7.89e-37  7.98e-37  8.06e-37  8.14e-37
  8.22e-37  8.29e-37  8.35e-37  8.42e-37  8.49e-37  8.55e-37  8.62e-37  8.69e-37
  8.76e-37  8.81e-37  8.86e-37  8.91e-37  8.96e-37  9.01e-37  9.07e-37  9.12e-37
He Lz[W m^3]
  1.41e-42  1.91e-42  2.49e-42  3.22e-42  4.16e-42  5.37e-42  6.93e-42  8.95e-42
  1.16e-41  1.49e-41  1.89e-41  2.34e-41  2.90e-41  3.60e-41  4.46e-41  5.54e-41
  6.87e-41  8.51e-41  1.05e-40  1.26e-40  1.51e-40  1.81e-40  2.17e-40  2.60e-40
  3.12e-40  3.74e-40  4.48e-40  5.24e-40  6.11e-40  7.12e-40  8.30e-40  9.68e-40
  1.13e-39  1.32e-39  1.54e-39  1.77e-39  2.01e-39  2.29e-39  2.61e-39  2.98e-39
  3.40e-39  3.87e-39  4.41e-39  5.00e-39  5.59e-39  6.26e-39  7.01e-39  7.85e-39
  8.79e-39  9.83e-39  1.10e-38  1.23e-38  1.36e-38  1.50e-38  1.65e-38  1.82e-38
  2.01e-38  2.21e-38  2.44e-38  2.69e-38  2.93e-38  3.19e-38  3.47e-38  3.78e-38
  4.11e-38  4.47e-38  4.87e-38  5.29e-38  5.73e-38  6.18e-38  6.66e-38  7.17e-38
  7.72e-38  8.32e-38  8.96e-38  9.66e-38  1.04e-37  1.11e-37  1.18e-37  1.26e-37
  1.34e-37  1.43e-37  1.53e-37  1.63e-37  1.74e-37  1.85e-37  1.96e-37  2.07e-37
  2.20e-37  2.33e-37  2.47e-37  2.61e-37  2.77e-37  2.92e-37  3.07e-37  3.23e-37
  3.40e-37  3.58e-37  3.76e-37  3.95e-37  4.16e-37  4.37e-37  4.57e-37  4.78e-37
  4.99e-37  5.22e-37  5.46e-37  5.71e-37  5.97e-37  6.24e-37  6.49e-37  6.75e-37
  7.02e-37  7.30e-37  7.59e-37  7.89e-37  8.21e-37  8.54e-37  8.84e-37  9.15e-37
  9.46e-37  9.79e-37  1.01e-36  1.05e-36  1.08e-36  1.12e-36  1.16e-36  1.19e-36
  1.23e-36  1.26e-36  1.30e-36  1.34e-36  1.38e-36  1.42e-36  1.46e-36  1.50e-36
  1.54e-36  1.58e-36  1.62e-36  1.66e-36  1.71e-36  1.75e-36  1.80e-36  1.84e-36
  1.88e-36  1.92e-36  1.96e-36  2.00e-36  2.05e-36  2.09e-36  2.14e-36  2.18e-36
  2.22e-36  2.26e-36  2.30e-36  2.34e-36  2.38e-36  2.43e-36  2.47e-36  2.52e-36
  2.55e-36  2.59e-36  2.63e-36  2.67e-36  2.71e-36  2.75e-36  2.79e-36  2.84e-36
  2.87e-36  2.90e-36  2.94e-36  2.98e-36  3.01e-36  3.05e-36  3.09e-36  3.12e-36
  3.16e-36  3.19e-36  3.22e-36  3.25e-36  3.28e-36  3.31e-36  3.34e-36  3.37e-36
  3.40e-36  3.43e-36  3.45e-36  3.48e-36  3.50e-36  3.53e-36  3.55e-36  3.58e-36
  3.60e-36  3.62e-36  3.64e-36  3.66e-36  3.68e-36  3.70e-36  3.71e-36  3.73e-36
Be Lz[W m^3]
  8.83e-41  1.13e-40  1.41e-40  1.74e-40  2.15e-40  2.66e-40  3.29e-40  4.06e-40
  5.01e-40  6.19e-40  7.51e-40  8.96e-40  1.07e-39  1.28e-39  1.52e-39  1.82e-39
  2.17e-39  2.59e-39  3.07e-39  3.57e-39  4.14e-39  4.80e-39  5.57e-39  6.47e-39
  7.51e-39  8.71e-39  1.01e-38  1.15e-38  1.30e-38  1.47e-38  1.67e-38  1.90e-38
  2.15e-38  2.44e-38  2.76e-38  3.09e-38  3.44e-38  3.82e-38  4.25e-38  4.73e-38
  5.26e-38  5.85e-38  6.50e-38  7.20e-38  7.89e-38  8.66e-38  9.49e-38  1.04e-37
  1.14e-37  1.25e-37  1.37e-37  1.51e-37  1.63e-37  1.77e-37  1.91e-37  2.07e-37
  2.24e-37  2.43e-37  2.63e-37  2.85e-37  3.05e-37  3.27e-37  3.50e-37  3.75e-37
  4.01e-37  4.29e-37  4.59e-37  4.92e-37  5.25e-37  5.58e-37  5.93e-37  6.30e-37
  6.70e-37  7.12e-37  7.57e-37  8.05e-37  8.54e-37  8.99e-37  9.46e-37  9.96e-37
  1.05e-36  1.10e-36  1.16e-36  1.22e-36  1.28e-36  1.35e-36  1.42e-36  1.49e-36
  1.56e-36  1.64e-36  1.72e-36  1.81e-36  1.90e-36  1.98e-36  2.06e-36  2.15e-36
  2.24e-36  2.33e-36  2.43e-36  2.53e-36  2.64e-36  2.74e-36  2.85e-36  2.95e-36
  3.07e-36  3.18e-36  3.30e-36  3.43e-36  3.56e-36  3.69e-36  3.81e-36  3.94e-36
  4.07e-36  4.20e-36  4.34e-36  4.49e-36  4.63e-36  4.79e-36  4.92e-36  5.06e-36
  5.19e-36  5.33e-36  5.47e-36  5.62e-36  5.77e-36  5.93e-36  6.08e-36  6.23e-36
  6.39e-36  6.55e-36  6.71e-36  6.88e-36  7.05e-36  7.22e-36  7.40e-36  7.56e-36
  7.72e-36  7.88e-36  8.05e-36  8.22e-36  8.40e-36  8.58e-36  8.76e-36  8.92e-36
  9.08e-36  9.24e-36  9.41e-36  9.58e-36  9.75e-36  9.93e-36  1.01e-35  1.03e-35
  1.04e-35  1.06e-35  1.07e-35  1.09e-35  1.11e-35  1.12e-35  1.14e-35  1.16e-35
  1.17e-35  1.18e-35  1.20e-35  1.21e-35  1.23e-35  1.24e-35  1.26e-35  1.27e-35
  1.28e-35  1.30e-35  1.31e-35  1.32e-35  1.33e-35  1.35e-35  1.36e-35  1.37e-35
  1.38e-35  1.39e-35  1.40e-35  1.42e-35  1.43e-35  1.44e-35  1.45e-35  1.46e-35
  1.47e-35  1.48e-35  1.48e-35  1.49e-35  1.50e-35  1.51e-35  1.52e-35  1.52e-35
  1.53e-35  1.54e-35  1.54e-35  1.55e-35  1.55e-35  1.56e-35  1.57e-35  1.57e-35
B_ Lz[W m^3]
  6.50e-40  8.13e-40  9.89e-40  1.19e-39  1.44e-39  1.73e-39  2.09e-39  2.51e-39
  3.02e-39  3.63e-39  4.30e-39  5.01e-39  5.85e-39  6.83e-39  7.96e-39  9.28e-39
  1.08e-38  1.26e-38  1.46e-38  1.66e-38  1.89e-38  2.15e-38  2.45e-38  2.78e-38
  3.17e-38  3.60e-38  4.09e-38  4.57e-38  5.09e-38  5.68e-38  6.32e-38  7.05e-38
  7.85e-38  8.75e-38  9.75e-38  1.08e-37  1.18e-37  1.29e-37  1.42e-37  1.55e-37
  1.70e-37  1.86e-37  2.04e-37  2.23e-37  2.42e-37  2.62e-37  2.84e-37  3.08e-37
  3.34e-37  3.61e-37  3.92e-37  4.24e-37  4.55e-37  4.88e-37  5.23e-37  5.60e-37
  6.01e-37  6.44e-37  6.90e-37  7.40e-37  7.87e-37  8.35e-37  8.86e-37  9.40e-37
  9.97e-37  1.06e-36  1.12e-36  1.19e-36  1.26e-36  1.33e-36  1.40e-36  1.48e-36
  1.56e-36  1.65e-36  1.74e-36  1.84e-36  1.94e-36  2.03e-36  2.12e-36  2.21e-36
  2.31e-36  2.42e-36  2.53e-36  2.64e-36  2.76e-36  2.88e-36  3.01e-36  3.14e-36
  3.28e-36  3.43e-36  3.58e-36  3.74e-36  3.91e-36  4.07e-36  4.22e-36  4.37e-36
  4.53e-36  4.70e-36  4.87e-36  5.05e-36  5.23e-36  5.42e-36  5.60e-36  5.79e-36
  5.99e-36  6.19e-36  6.40e-36  6.62e-36  6.85e-36  7.08e-36  7.29e-36  7.50e-36
  7.72e-36  7.95e-36  8.19e-36  8.43e-36  8.68e-36  8.93e-36  9.15e-36  9.37e-36
  9.58e-36  9.80e-36  1.00e-35  1.03e-35  1.05e-35  1.07e-35  1.10e-35  1.12e-35
  1.15e-35  1.17e-35  1.20e-35  1.23e-35  1.25e-35  1.28e-35  1.31e-35  1.33e-35
  1.36e-35  1.39e-35  1.41e-35  1.44e-35  1.47e-35  1.49e-35  1.52e-35  1.55e-35
  1.57e-35  1.60e-35  1.62e-35  1.65e-35  1.68e-35  1.70e-35  1.73e-35  1.75e-35
  1.78e-35  1.80e-35  1.82e-35  1.85e-35  1.87e-35  1.90e-35  1.92e-35  1.95e-35
  1.97e-35  1.99e-35  2.01e-35  2.03e-35  2.05e-35  2.07e-35  2.09e-35  2.12e-35
  2.13e-35  2.15e-35  2.17e-35  2.19e-35  2.20e-35  2.22e-35  2.24e-35  2.26e-35
  2.28e-35  2.29e-35  2.30e-35  2.32e-35  2.33e-35  2.35e-35  2.36e-35  2.38e-35
  2.39e-35  2.40e-35  2.41e-35  2.42e-35  2.43e-35  2.44e-35  2.45e-35  2.46e-35
  2.48e-35  2.48e-35  2.49e-35  2.50e-35  2.50e-35  2.51e-35  2.52e-35  2.53e-35
C_ Lz[W m^3]
  2.95e-39  3.76e-39  4.67e-39  5.75e-39  7.04e-39  8.60e-39  1.04e-38  1.26e-38
  1.52e-38  1.83e-38  2.16e-38  2.52e-38  2.92e-38  3.38e-38  3.91e-38  4.50e-38
  5.16e-38  5.91e-38  6.72e-38  7.53e-38  8.43e-38  9.43e-38  1.05e-37  1.18e-37
  1.31e-37  1.46e-37  1.63e-37  1.79e-37  1.96e-37  2.15e-37  2.35e-37  2.58e-37
  2.82e-37  3.08e-37  3.37e-37  3.66e-37  3.95e-37  4.26e-37  4.60e-37  4.97e-37
  5.36e-37  5.78e-37  6.24e-37  6.71e-37  7.17e-37  7.67e-37  8.20e-37  8.77e-37
  9.38e-37  1.00e-36  1.07e-36  1.15e-36  1.22e-36  1.29e-36  1.37e-36  1.45e-36
  1.53e-36  1.63e-36  1.72e-36  1.83e-36  1.92e-36  2.02e-36  2.12e-36  2.23e-36
  2.34e-36  2.46e-36  2.59e-36  2.72e-36  2.85e-36  2.99e-36  3.13e-36  3.27e-36
  3.43e-36  3.59e-36  3.76e-36  3.94e-36  4.12e-36  4.27e-36  4.43e-36  4.60e-36
  4.77e-36  4.95e-36  5.13e-36  5.33e-36  5.53e-36  5.74e-36  5.96e-36  6.20e-36
  6.44e-36  6.69e-36  6.95e-36  7.22e-36  7.50e-36  7.76e-36  8.00e-36  8.25e-36
  8.51e-36  8.78e-36  9.05e-36  9.34e-36  9.63e-36  9.93e-36  1.02e-35  1.05e-35
  1.08e-35  1.12e-35  1.15e-35  1.18e-35  1.22e-35  1.26e-35  1.29e-35  1.32e-35
  1.36e-35  1.39e-35  1.43e-35  1.46e-35  1.50e-35  1.54e-35  1.57e-35  1.60e-35
  1.64e-35  1.67e-35  1.70e-35  1.73e-35  1.77e-35  1.80e-35  1.83e-35  1.87e-35
  1.91e-35  1.94e-35  1.98e-35  2.02e-35  2.06e-35  2.10e-35  2.14e-35  2.18e-35
  2.21e-35  2.25e-35  2.29e-35  2.33e-35  2.37e-35  2.40e-35  2.44e-35  2.48e-35
  2.51e-35  2.55e-35  2.58e-35  2.62e-35  2.66e-35  2.69e-35  2.73e-35  2.77e-35
  2.80e-35  2.83e-35  2.86e-35  2.89e-35  2.93e-35  2.96e-35  2.99e-35  3.02e-35
  3.05e-35  3.08e-35  3.11e-35  3.13e-35  3.16e-35  3.19e-35  3.22e-35  3.25e-35
  3.27e-35  3.29e-35  3.32e-35  3.34e-35  3.36e-35  3.39e-35  3.41e-35  3.43e-35
  3.45e-35  3.47e-35  3.49e-35  3.50e-35  3.52e-35  3.54e-35  3.56e-35  3.58e-35
  3.59e-35  3.60e-35  3.62e-35  3.63e-35  3.64e-35  3.65e-35  3.67e-35  3.68e-35
  3.69e-35  3.70e-35  3.71e-35  3.71e-35  3.72e-35  3.73e-35  3.73e-35  3.74e-35
N_ Lz[W m^3]
  3.03e-39  4.01e-39  5.22e-39  6.79e-39  8.81e-39  1.14e-38  1.48e-38  1.92e-38
  2.49e-38  3.20e-38  4.08e-38  5.14e-38  6.43e-38  8.01e-38  9.91e-38  1.22e-37
  1.45e-37  1.72e-37  2.01e-37  2.32e-37  2.67e-37  3.05e-37  3.47e-37  3.93e-37
  4.44e-37  4.98e-37  5.58e-37  6.11e-37  6.68e-37  7.29e-37  7.93e-37  8.62e-37
  9.36e-37  1.01e-36  1.10e-36  1.18e-36  1.26e-36  1.35e-36  1.44e-36  1.53e-36
  1.64e-36  1.74e-36  1.85e-36  1.96e-36  2.07e-36  2.19e-36  2.31e-36  2.44e-36
  2.58e-36  2.72e-36  2.87e-36  3.03e-36  3.17e-36  3.33e-36  3.48e-36  3.65e-36
  3.83e-36  4.01e-36  4.20e-36  4.40e-36  4.58e-36  4.77e-36  4.96e-36  5.15e-36
  5.36e-36  5.57e-36  5.79e-36  6.02e-36  6.26e-36  6.50e-36  6.75e-36  7.01e-36
  7.27e-36  7.55e-36  7.84e-36  8.14e-36  8.43e-36  8.68e-36  8.94e-36  9.20e-36
  9.47e-36  9.75e-36  1.00e-35  1.03e-35  1.06e-35  1.10e-35  1.13e-35  1.17e-35
  1.21e-35  1.25e-35  1.29e-35  1.33e-35  1.38e-35  1.42e-35  1.45e-35  1.49e-35
  1.53e-35  1.57e-35  1.61e-35  1.65e-35  1.69e-35  1.73e-35  1.78e-35  1.82e-35
  1.87e-35  1.92e-35  1.97e-35  2.02e-35  2.07e-35  2.12e-35  2.17e-35  2.22e-35
  2.26e-35  2.31e-35  2.37e-35  2.42e-35  2.47e-35  2.53e-35  2.57e-35  2.61e-35
  2.65e-35  2.69e-35  2.73e-35  2.77e-35  2.82e-35  2.86e-35  2.90e-35  2.95e-35
  3.00e-35  3.05e-35  3.10e-35  3.16e-35  3.21e-35  3.26e-35  3.32e-35  3.37e-35
  3.41e-35  3.46e-35  3.51e-35  3.56e-35  3.61e-35  3.66e-35  3.72e-35  3.76e-35
  3.81e-35  3.85e-35  3.90e-35  3.94e-35  3.99e-35  4.04e-35  4.09e-35  4.13e-35
  4.17e-35  4.21e-35  4.25e-35  4.29e-35  4.33e-35  4.37e-35  4.41e-35  4.45e-35
  4.48e-35  4.52e-35  4.55e-35  4.58e-35  4.62e-35  4.65e-35  4.69e-35  4.72e-35
  4.75e-35  4.77e-35  4.80e-35  4.83e-35  4.85e-35  4.88e-35  4.91e-35  4.93e-35
  4.95e-35  4.97e-35  4.99e-35  5.01e-35  5.03e-35  5.05e-35  5.07e-35  5.09e-35
  5.11e-35  5.12e-35  5.13e-35  5.14e-35  5.16e-35  5.17e-35  5.18e-35  5.19e-35
  5.20e-35  5.21e-35  5.22e-35  5.22e-35  5.23e-35  5.23e-35  5.24e-35  5.25e-35
O_ Lz[W m^3]
  4.78e-39  6.48e-39  8.71e-39  1.14e-38  1.44e-38  1.81e-38  2.28e-38  2.87e-38
  3.61e-38  4.55e-38  5.69e-38  7.09e-38  8.83e-38  1.10e-37  1.37e-37  1.67e-37
  1.99e-37  2.39e-37  2.85e-37  3.39e-37  4.03e-37  4.78e-37  5.66e-37  6.70e-37
  7.90e-37  9.30e-37  1.09e-36  1.24e-36  1.40e-36  1.58e-36  1.77e-36  1.98e-36
  2.21e-36  2.45e-36  2.71e-36  2.97e-36  3.24e-36  3.52e-36  3.79e-36  4.06e-36
  4.33e-36  4.61e-36  4.90e-36  5.19e-36  5.48e-36  5.78e-36  6.08e-36  6.39e-36
  6.71e-36  7.03e-36  7.36e-36  7.68e-36  7.98e-36  8.30e-36  8.62e-36  8.95e-36
  9.28e-36  9.63e-36  9.98e-36  1.03e-35  1.07e-35  1.10e-35  1.13e-35  1.17e-35
  1.20e-35  1.24e-35  1.27e-35  1.31e-35  1.35e-35  1.39e-35  1.43e-35  1.47e-35
  1.51e-35  1.56e-35  1.60e-35  1.65e-35  1.69e-35  1.73e-35  1.77e-35  1.80e-35
  1.84e-35  1.88e-35  1.92e-35  1.96e-35  2.00e-35  2.05e-35  2.11e-35  2.16e-35
  2.22e-35  2.28e-35  2.34e-35  2.40e-35  2.46e-35  2.51e-35  2.56e-35  2.61e-35
  2.67e-35  2.72e-35  2.77e-35  2.83e-35  2.88e-35  2.94e-35  3.00e-35  3.06e-35
  3.13e-35  3.19e-35  3.26e-35  3.32e-35  3.39e-35  3.46e-35  3.53e-35  3.59e-35
  3.65e-35  3.72e-35  3.79e-35  3.86e-35  3.93e-35  4.00e-35  4.05e-35  4.10e-35
  4.14e-35  4.19e-35  4.24e-35  4.28e-35  4.33e-35  4.38e-35  4.43e-35  4.50e-35
  4.56e-35  4.62e-35  4.69e-35  4.75e-35  4.82e-35  4.88e-35  4.95e-35  5.01e-35
  5.07e-35  5.13e-35  5.19e-35  5.25e-35  5.31e-35  5.37e-35  5.44e-35  5.49e-35
  5.55e-35  5.60e-35  5.65e-35  5.71e-35  5.76e-35  5.82e-35  5.88e-35  5.93e-35
  5.97e-35  6.02e-35  6.06e-35  6.11e-35  6.16e-35  6.20e-35  6.25e-35  6.30e-35
  6.33e-35  6.37e-35  6.40e-35  6.44e-35  6.48e-35  6.52e-35  6.55e-35  6.59e-35
  6.62e-35  6.65e-35  6.67e-35  6.70e-35  6.73e-35  6.75e-35  6.78e-35  6.81e-35
  6.83e-35  6.85e-35  6.87e-35  6.88e-35  6.90e-35  6.92e-35  6.94e-35  6.96e-35
  6.97e-35  6.98e-35  6.99e-35  7.00e-35  7.01e-35  7.02e-35  7.03e-35  7.04e-35
  7.05e-35  7.05e-35  7.05e-35  7.05e-35  7.05e-35  7.05e-35  7.06e-35  7.06e-35
Ne Lz[W m^3]
  8.07e-39  1.04e-38  1.31e-38  1.66e-38  2.10e-38  2.66e-38  3.32e-38  4.11e-38
  5.11e-38  6.37e-38  7.91e-38  9.81e-38  1.22e-37  1.53e-37  1.92e-37  2.42e-37
  2.95e-37  3.57e-37  4.32e-37  5.14e-37  6.14e-37  7.34e-37  8.80e-37  1.06e-36
  1.27e-36  1.53e-36  1.84e-36  2.14e-36  2.48e-36  2.88e-36  3.35e-36  3.88e-36
  4.47e-36  5.16e-36  5.97e-36  6.90e-36  7.97e-36  9.22e-36  1.07e-35  1.23e-35
  1.42e-35  1.64e-35  1.83e-35  2.01e-35  2.21e-35  2.41e-35  2.62e-35  2.85e-35
  3.08e-35  3.32e-35  3.56e-35  3.80e-35  4.04e-35  4.27e-35  4.50e-35  4.71e-35
  4.92e-35  5.11e-35  5.28e-35  5.43e-35  5.59e-35  5.72e-35  5.83e-35  5.93e-35
  6.03e-35  6.12e-35  6.21e-35  6.29e-35  6.37e-35  6.43e-35  6.49e-35  6.55e-35
  6.61e-35  6.66e-35  6.71e-35  6.75e-35  6.80e-35  6.87e-35  6.94e-35  7.01e-35
  7.08e-35  7.15e-35  7.22e-35  7.28e-35  7.35e-35  7.41e-35  7.48e-35  7.55e-35
  7.62e-35  7.68e-35  7.75e-35  7.82e-35  7.89e-35  7.94e-35  7.97e-35  8.00e-35
  8.03e-35  8.07e-35  8.10e-35  8.13e-35  8.16e-35  8.20e-35  8.25e-35  8.29e-35
  8.34e-35  8.39e-35  8.44e-35  8.49e-35  8.54e-35  8.59e-35  8.66e-35  8.73e-35
  8.80e-35  8.88e-35  8.95e-35  9.02e-35  9.10e-35  9.17e-35  9.24e-35  9.31e-35
  9.38e-35  9.45e-35  9.52e-35  9.59e-35  9.67e-35  9.74e-35  9.81e-35  9.87e-35
  9.94e-35  1.00e-34  1.01e-34  1.01e-34  1.02e-34  1.03e-34  1.03e-34  1.04e-34
  1.05e-34  1.05e-34  1.06e-34  1.06e-34  1.07e-34  1.08e-34  1.08e-34  1.09e-34
  1.09e-34  1.10e-34  1.10e-34  1.11e-34  1.11e-34  1.12e-34  1.12e-34  1.13e-34
  1.13e-34  1.13e-34  1.14e-34  1.14e-34  1.14e-34  1.15e-34  1.15e-34  1.16e-34
  1.16e-34  1.16e-34  1.16e-34  1.17e-34  1.17e-34  1.17e-34  1.17e-34  1.18e-34
  1.18e-34  1.18e-34  1.18e-34  1.18e-34  1.18e-34  1.18e-34  1.19e-34  1.19e-34
  1.19e-34  1.19e-34  1.19e-34  1.19e-34  1.19e-34  1.19e-34  1.19e-34  1.19e-34
  1.19e-34  1.19e-34  1.19e-34  1.19e-34  1.18e-34  1.18e-34  1.18e-34  1.18e-34
  1.18e-34  1.18e-34  1.18e-34  1.18e-34  1.17e-34  1.17e-34  1.17e-34  1.17e-34
Si Lz[W m^3]
  9.63e-40  1.42e-39  2.05e-39  2.92e-39  4.19e-39  6.05e-39  8.77e-39  1.27e-38
  1.84e-38  2.66e-38  3.73e-38  5.18e-38  7.16e-38  9.86e-38  1.35e-37  1.84e-37
  2.49e-37  3.34e-37  4.39e-37  5.62e-37  7.17e-37  9.10e-37  1.15e-36  1.45e-36
  1.82e-36  2.28e-36  2.84e-36  3.46e-36  4.21e-36  5.12e-36  6.24e-36  7.50e-36
  8.89e-36  1.05e-35  1.24e-35  1.45e-35  1.68e-35  1.95e-35  2.26e-35  2.62e-35
  3.04e-35  3.53e-35  4.10e-35  4.74e-35  5.32e-35  5.95e-35  6.65e-35  7.44e-35
  8.32e-35  9.30e-35  1.04e-34  1.16e-34  1.29e-34  1.43e-34  1.59e-34  1.77e-34
  1.96e-34  2.13e-34  2.32e-34  2.52e-34  2.73e-34  2.95e-34  3.20e-34  3.46e-34
  3.73e-34  4.03e-34  4.35e-34  4.70e-34  5.07e-34  5.42e-34  5.72e-34  6.03e-34
  6.35e-34  6.68e-34  7.02e-34  7.38e-34  7.73e-34  8.08e-34  8.42e-34  8.77e-34
  9.11e-34  9.45e-34  9.71e-34  9.91e-34  1.01e-33  1.02e-33  1.04e-33  1.05e-33
  1.06e-33  1.07e-33  1.07e-33  1.07e-33  1.08e-33  1.07e-33  1.07e-33  1.06e-33
  1.05e-33  1.04e-33  1.02e-33  1.01e-33  9.88e-34  9.73e-34  9.57e-34  9.41e-34
  9.24e-34  9.07e-34  8.90e-34  8.72e-34  8.51e-34  8.33e-34  8.15e-34  7.97e-34
  7.80e-34  7.63e-34  7.46e-34  7.30e-34  7.15e-34  7.01e-34  6.87e-34  6.74e-34
  6.61e-34  6.47e-34  6.33e-34  6.20e-34  6.09e-34  5.98e-34  5.87e-34  5.77e-34
  5.67e-34  5.57e-34  5.47e-34  5.38e-34  5.30e-34  5.21e-34  5.13e-34  5.05e-34
  4.97e-34  4.90e-34  4.82e-34  4.76e-34  4.69e-34  4.63e-34  4.57e-34  4.51e-34
  4.45e-34  4.40e-34  4.34e-34  4.29e-34  4.24e-34  4.19e-34  4.14e-34  4.09e-34
  4.05e-34  4.00e-34  3.96e-34  3.92e-34  3.88e-34  3.84e-34  3.80e-34  3.77e-34
  3.73e-34  3.69e-34  3.66e-34  3.63e-34  3.59e-34  3.56e-34  3.53e-34  3.50e-34
  3.47e-34  3.44e-34  3.41e-34  3.39e-34  3.36e-34  3.33e-34  3.30e-34  3.28e-34
  3.25e-34  3.23e-34  3.20e-34  3.18e-34  3.16e-34  3.13e-34  3.11e-34  3.09e-34
  3.06e-34  3.04e-34  3.02e-34  3.00e-34  2.98e-34  2.96e-34  2.95e-34  2.93e-34
  2.92e-34  2.90e-34  2.88e-34  2.87e-34  2.85e-34  2.84e-34  2.82e-34  2.81e-34
Ar Lz[W m^3]
  8.47e-40  1.18e-39  1.62e-39  2.18e-39  2.87e-39  3.77e-39  4.94e-39  6.46e-39
  8.43e-39  1.10e-38  1.41e-38  1.80e-38  2.28e-38  2.90e-38  3.67e-38  4.57e-38
  5.63e-38  6.94e-38  8.52e-38  1.04e-37  1.26e-37  1.53e-37  1.87e-37  2.29e-37
  2.81e-37  3.46e-37  4.29e-37  5.17e-37  6.23e-37  7.55e-37  9.19e-37  1.12e-36
  1.38e-36  1.70e-36  2.11e-36  2.61e-36  3.23e-36  3.99e-36  4.87e-36  5.80e-36
  6.88e-36  8.11e-36  9.51e-36  1.11e-35  1.31e-35  1.53e-35  1.77e-35  2.05e-35
  2.37e-35  2.73e-35  3.12e-35  3.54e-35  4.03e-35  4.59e-35  5.23e-35  5.96e-35
  6.80e-35  7.67e-35  8.65e-35  9.75e-35  1.09e-34  1.22e-34  1.36e-34  1.51e-34
  1.68e-34  1.87e-34  2.09e-34  2.34e-34  2.60e-34  2.87e-34  3.12e-34  3.40e-34
  3.71e-34  4.05e-34  4.40e-34  4.79e-34  5.21e-34  5.63e-34  6.09e-34  6.59e-34
  7.14e-34  7.74e-34  8.30e-34  8.84e-34  9.41e-34  9.98e-34  1.06e-33  1.12e-33
  1.18e-33  1.25e-33  1.33e-33  1.41e-33  1.49e-33  1.57e-33  1.66e-33  1.73e-33
  1.80e-33  1.87e-33  1.94e-33  2.02e-33  2.09e-33  2.17e-33  2.24e-33  2.31e-33
  2.39e-33  2.46e-33  2.54e-33  2.60e-33  2.64e-33  2.69e-33  2.72e-33  2.75e-33
  2.78e-33  2.81e-33  2.83e-33  2.85e-33  2.86e-33  2.87e-33  2.87e-33  2.87e-33
  2.85e-33  2.83e-33  2.80e-33  2.77e-33  2.74e-33  2.70e-33  2.67e-33  2.62e-33
  2.58e-33  2.54e-33  2.49e-33  2.44e-33  2.40e-33  2.35e-33  2.30e-33  2.25e-33
  2.20e-33  2.14e-33  2.09e-33  2.04e-33  1.99e-33  1.94e-33  1.90e-33  1.85e-33
  1.81e-33  1.77e-33  1.72e-33  1.68e-33  1.64e-33  1.60e-33  1.56e-33  1.52e-33
  1.48e-33  1.44e-33  1.41e-33  1.37e-33  1.34e-33  1.31e-33  1.28e-33  1.25e-33
  1.22e-33  1.19e-33  1.16e-33  1.14e-33  1.11e-33  1.09e-33  1.06e-33  1.04e-33
  1.02e-33  9.97e-34  9.77e-34  9.58e-34  9.38e-34  9.19e-34  9.01e-34  8.83e-34
  8.66e-34  8.49e-34  8.33e-34  8.19e-34  8.04e-34  7.90e-34  7.77e-34  7.64e-34
  7.50e-34  7.38e-34  7.26e-34  7.14e-34  7.02e-34  6.91e-34  6.80e-34  6.70e-34
  6.60e-34  6.50e-34  6.41e-34  6.32e-34  6.23e-34  6.14e-34  6.05e-34  5.97e-34
Fe Lz[W m^3]
  3.82e-40  5.30e-40  7.15e-40  9.62e-40  1.30e-39  1.78e-39  2.46e-39  3.47e-39
  5.04e-39  7.60e-39  1.11e-38  1.64e-38  2.48e-38  3.83e-38  6.02e-38  9.53e-38
  1.51e-37  2.39e-37  3.74e-37  5.64e-37  8.41e-37  1.24e-36  1.80e-36  2.58e-36
  3.46e-36  4.53e-36  5.91e-36  7.54e-36  9.57e-36  1.21e-35  1.52e-35  1.90e-35
  2.35e-35  2.91e-35  3.59e-35  4.38e-35  5.31e-35  6.42e-35  7.48e-35  8.61e-35
  9.88e-35  1.13e-34  1.29e-34  1.46e-34  1.64e-34  1.83e-34  2.04e-34  2.26e-34
  2.49e-34  2.74e-34  3.00e-34  3.26e-34  3.46e-34  3.64e-34  3.82e-34  4.00e-34
  4.17e-34  4.33e-34  4.49e-34  4.65e-34  4.77e-34  4.89e-34  5.01e-34  5.13e-34
  5.26e-34  5.41e-34  5.55e-34  5.69e-34  5.85e-34  6.02e-34  6.21e-34  6.43e-34
  6.69e-34  7.01e-34  7.39e-34  7.84e-34  8.35e-34  8.91e-34  9.53e-34  1.02e-33
  1.08e-33  1.13e-33  1.18e-33  1.23e-33  1.27e-33  1.30e-33  1.33e-33  1.35e-33
  1.37e-33  1.37e-33  1.37e-33  1.37e-33  1.36e-33  1.35e-33  1.33e-33  1.32e-33
  1.31e-33  1.30e-33  1.30e-33  1.29e-33  1.29e-33  1.29e-33  1.30e-33  1.30e-33
  1.32e-33  1.33e-33  1.35e-33  1.38e-33  1.40e-33  1.43e-33  1.45e-33  1.48e-33
  1.51e-33  1.55e-33  1.59e-33  1.63e-33  1.68e-33  1.74e-33  1.79e-33  1.85e-33
  1.90e-33  1.95e-33  2.00e-33  2.06e-33  2.12e-33  2.18e-33  2.24e-33  2.30e-33
  2.36e-33  2.43e-33  2.50e-33  2.57e-33  2.65e-33  2.72e-33  2.78e-33  2.84e-33
  2.89e-33  2.95e-33  3.01e-33  3.07e-33  3.13e-33  3.19e-33  3.25e-33  3.31e-33
  3.37e-33  3.43e-33  3.47e-33  3.51e-33  3.54e-33  3.58e-33  3.61e-33  3.64e-33
  3.66e-33  3.69e-33  3.71e-33  3.73e-33  3.75e-33  3.76e-33  3.77e-33  3.76e-33
  3.75e-33  3.74e-33  3.72e-33  3.70e-33  3.68e-33  3.66e-33  3.64e-33  3.62e-33
  3.59e-33  3.56e-33  3.53e-33  3.49e-33  3.45e-33  3.40e-33  3.35e-33  3.30e-33
  3.25e-33  3.20e-33  3.15e-33  3.10e-33  3.06e-33  3.01e-33  2.96e-33  2.92e-33
  2.86e-33  2.81e-33  2.76e-33  2.71e-33  2.66e-33  2.60e-33  2.55e-33  2.50e-33
  2.46e-33  2.41e-33  2.37e-33  2.33e-33  2.29e-33  2.25e-33  2.20e-33  2.16e-33
Ni Lz[W m^3]
  1.72e-40  2.47e-40  3.46e-40  4.79e-40  6.55e-40  8.96e-40  1.22e-39  1.67e-39
  2.28e-39  3.12e-39  4.18e-39  5.53e-39  7.31e-39  9.65e-39  1.28e-38  1.67e-38
  2.18e-38  2.87e-38  3.84e-38  5.19e-38  7.26e-38  1.06e-37  1.61e-37  2.55e-37
  4.16e-37  6.88e-37  1.14e-36  1.70e-36  2.48e-36  3.54e-36  4.96e-36  6.76e-36
  9.00e-36  1.16e-35  1.46e-35  1.80e-35  2.17e-35  2.60e-35  3.07e-35  3.53e-35
  4.05e-35  4.63e-35  5.30e-35  6.04e-35  6.84e-35  7.76e-35  8.81e-35  1.00e-34
  1.14e-34  1.31e-34  1.47e-34  1.65e-34  1.83e-34  2.04e-34  2.27e-34  2.52e-34
  2.80e-34  3.11e-34  3.45e-34  3.84e-34  4.25e-34  4.69e-34  5.09e-34  5.50e-34
  5.95e-34  6.42e-34  6.91e-34  7.43e-34  7.96e-34  8.47e-34  9.01e-34  9.54e-34
  1.01e-33  1.06e-33  1.11e-33  1.15e-33  1.20e-33  1.24e-33  1.28e-33  1.31e-33
  1.35e-33  1.39e-33  1.42e-33  1.46e-33  1.50e-33  1.54e-33  1.57e-33  1.60e-33
  1.63e-33  1.66e-33  1.68e-33  1.71e-33  1.73e-33  1.75e-33  1.76e-33  1.77e-33
  1.77e-33  1.77e-33  1.78e-33  1.78e-33  1.78e-33  1.77e-33  1.76e-33  1.76e-33
  1.75e-33  1.74e-33  1.74e-33  1.74e-33  1.74e-33  1.75e-33  1.76e-33  1.77e-33
  1.78e-33  1.80e-33  1.82e-33  1.84e-33  1.87e-33  1.91e-33  1.94e-33  1.98e-33
  2.02e-33  2.07e-33  2.13e-33  2.19e-33  2.22e-33  2.27e-33  2.31e-33  2.35e-33
  2.39e-33  2.44e-33  2.49e-33  2.55e-33  2.60e-33  2.66e-33  2.72e-33  2.78e-33
  2.84e-33  2.90e-33  2.97e-33  3.04e-33  3.11e-33  3.19e-33  3.27e-33  3.35e-33
  3.44e-33  3.52e-33  3.59e-33  3.63e-33  3.68e-33  3.72e-33  3.76e-33  3.80e-33
  3.84e-33  3.88e-33  3.92e-33  3.95e-33  3.99e-33  4.02e-33  4.05e-33  4.08e-33
  4.11e-33  4.14e-33  4.16e-33  4.19e-33  4.20e-33  4.22e-33  4.24e-33  4.25e-33
  4.26e-33  4.25e-33  4.22e-33  4.19e-33  4.16e-33  4.12e-33  4.08e-33  4.04e-33
  4.00e-33  3.95e-33  3.91e-33  3.86e-33  3.82e-33  3.77e-33  3.72e-33  3.67e-33
  3.62e-33  3.57e-33  3.52e-33  3.47e-33  3.42e-33  3.36e-33  3.31e-33  3.26e-33
  3.19e-33  3.13e-33  3.06e-33  3.00e-33  2.93e-33  2.87e-33  2.81e-33  2.75e-33
Cu Lz[W m^3]
  2.35e-40  3.50e-40  5.07e-40  7.21e-40  1.00e-39  1.39e-39  1.93e-39  2.66e-39
  3.66e-39  5.01e-39  6.75e-39  8.98e-39  1.19e-38  1.58e-38  2.08e-38  2.71e-38
  3.50e-38  4.50e-38  5.78e-38  7.34e-38  9.34e-38  1.20e-37  1.54e-37  2.01e-37
  2.66e-37  3.58e-37  4.90e-37  6.45e-37  8.54e-37  1.14e-36  1.53e-36  2.06e-36
  2.77e-36  3.63e-36  4.72e-36  6.08e-36  7.73e-36  9.76e-36  1.21e-35  1.47e-35
  1.77e-35  2.13e-35  2.54e-35  3.01e-35  3.55e-35  4.16e-35  4.87e-35  5.69e-35
  6.63e-35  7.71e-35  8.91e-35  1.02e-34  1.17e-34  1.33e-34  1.52e-34  1.71e-34
  1.91e-34  2.12e-34  2.36e-34  2.63e-34  2.92e-34  3.23e-34  3.56e-34  3.91e-34
  4.30e-34  4.73e-34  5.19e-34  5.70e-34  6.25e-34  6.84e-34  7.49e-34  8.18e-34
  8.94e-34  9.76e-34  1.06e-33  1.14e-33  1.23e-33  1.33e-33  1.41e-33  1.50e-33
  1.59e-33  1.68e-33  1.77e-33  1.86e-33  1.95e-33  2.03e-33  2.10e-33  2.16e-33
  2.22e-33  2.28e-33  2.33e-33  2.38e-33  2.42e-33  2.45e-33  2.48e-33  2.50e-33
  2.51e-33  2.51e-33  2.52e-33  2.52e-33  2.51e-33  2.49e-33  2.46e-33  2.43e-33
  2.40e-33  2.37e-33  2.34e-33  2.31e-33  2.28e-33  2.26e-33  2.24e-33  2.23e-33
  2.21e-33  2.20e-33  2.20e-33  2.20e-33  2.20e-33  2.21e-33  2.22e-33  2.23e-33
  2.26e-33  2.29e-33  2.33e-33  2.37e-33  2.39e-33  2.41e-33  2.44e-33  2.47e-33
  2.50e-33  2.53e-33  2.57e-33  2.61e-33  2.65e-33  2.69e-33  2.74e-33  2.79e-33
  2.84e-33  2.89e-33  2.94e-33  3.00e-33  3.06e-33  3.13e-33  3.20e-33  3.27e-33
  3.34e-33  3.41e-33  3.47e-33  3.51e-33  3.54e-33  3.58e-33  3.62e-33  3.65e-33
  3.68e-33  3.72e-33  3.75e-33  3.78e-33  3.81e-33  3.84e-33  3.87e-33  3.89e-33
  3.92e-33  3.94e-33  3.96e-33  3.98e-33  4.00e-33  4.02e-33  4.03e-33  4.05e-33
  4.06e-33  4.06e-33  4.06e-33  4.06e-33  4.05e-33  4.04e-33  4.03e-33  4.02e-33
  4.00e-33  3.98e-33  3.95e-33  3.93e-33  3.91e-33  3.88e-33  3.85e-33  3.82e-33
  3.79e-33  3.75e-33  3.71e-33  3.68e-33  3.64e-33  3.59e-33  3.55e-33  3.51e-33
  3.44e-33  3.36e-33  3.29e-33  3.21e-33  3.14e-33  3.07e-33  3.00e-33  2.94e-33
W_ Lz[W m^3]
  3.49e-40  4.53e-40  5.72e-40  7.16e-40  8.95e-40  1.12e-39  1.40e-39  1.76e-39
  2.21e-39  2.79e-39  3.48e-39  4.30e-39  5.33e-39  6.65e-39  8.34e-39  1.04e-38
  1.31e-38  1.64e-38  2.05e-38  2.52e-38  3.10e-38  3.83e-38  4.72e-38  5.81e-38
  7.15e-38  8.79e-38  1.08e-37  1.29e-37  1.54e-37  1.84e-37  2.18e-37  2.59e-37
  3.07e-37  3.63e-37  4.28e-37  5.00e-37  5.81e-37  6.74e-37  7.79e-37  8.96e-37
  1.03e-36  1.18e-36  1.35e-36  1.54e-36  1.75e-36  1.98e-36  2.25e-36  2.54e-36
  2.87e-36  3.25e-36  3.66e-36  4.10e-36  4.57e-36  5.08e-36  5.64e-36  6.27e-36
  6.96e-36  7.73e-36  8.58e-36  9.51e-36  1.05e-35  1.16e-35  1.27e-35  1.39e-35
  1.53e-35  1.69e-35  1.86e-35  2.07e-35  2.31e-35  2.59e-35  2.93e-35  3.35e-35
  3.89e-35  4.56e-35  5.36e-35  6.37e-35  7.65e-35  9.28e-35  1.14e-34  1.41e-34
  1.76e-34  2.22e-34  2.78e-34  3.47e-34  4.33e-34  5.35e-34  6.52e-34  7.93e-34
  9.61e-34  1.16e-33  1.40e-33  1.67e-33  2.00e-33  2.37e-33  2.80e-33  3.25e-33
  3.73e-33  4.23e-33  4.75e-33  5.29e-33  5.87e-33  6.47e-33  7.09e-33  7.73e-33
  8.38e-33  9.04e-33  9.70e-33  1.04e-32  1.09e-32  1.15e-32  1.20e-32  1.25e-32
  1.31e-32  1.37e-32  1.43e-32  1.50e-32  1.57e-32  1.65e-32  1.75e-32  1.86e-32
  1.99e-32  2.11e-32  2.25e-32  2.41e-32  2.58e-32  2.75e-32  2.93e-32  3.11e-32
  3.29e-32  3.46e-32  3.63e-32  3.79e-32  3.94e-32  4.07e-32  4.18e-32  4.30e-32
  4.41e-32  4.52e-32  4.63e-32  4.73e-32  4.83e-32  4.92e-32  5.02e-32  5.10e-32
  5.18e-32  5.26e-32  5.31e-32  5.36e-32  5.41e-32  5.44e-32  5.48e-32  5.50e-32
  5.52e-32  5.54e-32  5.54e-32  5.54e-32  5.53e-32  5.52e-32  5.49e-32  5.45e-32
  5.40e-32  5.35e-32  5.29e-32  5.23e-32  5.16e-32  5.10e-32  5.02e-32  4.95e-32
  4.89e-32  4.82e-32  4.76e-32  4.69e-32  4.62e-32  4.55e-32  4.49e-32  4.43e-32
  4.37e-32  4.31e-32  4.25e-32  4.20e-32  4.15e-32  4.10e-32  4.05e-32  3.99e-32
  3.93e-32  3.87e-32  3.81e-32  3.75e-32  3.69e-32  3.62e-32  3.56e-32  3.50e-32
  3.45e-32  3.39e-32  3.34e-32  3.29e-32  3.23e-32  3.18e-32  3.12e-32  3.06e-32
