SEQ='LI'     NUCCHG=20                                                  /IC/

   PARENT LEVEL INDEXING                BWNP=  85506533.4   NPRNTI= 1   NPRNTF= 1
   ---------------------
   INDP         CODE                 S L   WI        WNP
   ----         ----                 - -   --  ----------
     1                              (1)0( 0.0)        0.0 

   IC RESOLVED LEVEL INDEXING           BWNR=  94847620.1   NLVL=  63
   --------------------------
   INDX  INDP   CODE                 S L   WJ        WNR
   ----  ----   ----                 - -   --  ----------
     1     1    2S1                 (2)0( 0.5)        0.0 
     2     1    2P1                 (2)1( 0.5)   293704.1 
     3     1    2P1                 (2)1( 1.5)   333337.0 
     4     1    3S1                 (2)0( 0.5)  5259719.3 
     5     1    3P1                 (2)1( 0.5)  5340869.5 
     6     1    3P1                 (2)1( 1.5)  5352649.0 
     7     1    3D1                 (2)2( 1.5)  5383646.2 
     8     1    3D1                 (2)2( 2.5)  5387424.2 
     9     1    4S1                 (2)0( 0.5)  7064011.3 
    10     1    4P1                 (2)1( 0.5)  7097396.7 
    11     1    4P1                 (2)1( 1.5)  7102367.3 
    12     1    4D1                 (2)2( 1.5)  7115236.4 
    13     1    4D1                 (2)2( 2.5)  7116829.0 
    14     1    4F1                 (2)3( 2.5)  7117498.2 
    15     1    4F1                 (2)3( 3.5)  7118296.8 
    16     1    5S1                 (2)0( 0.5)  7890827.5 
    17     1    5P1                 (2)1( 0.5)  7907708.5 
    18     1    5P1                 (2)1( 1.5)  7910252.7 
    19     1    5D1                 (2)2( 1.5)  7916791.5 
    20     1    5D1                 (2)2( 2.5)  7917606.7 
    21     1    5F1                 (2)3( 2.5)  7917983.4 
    22     1    5F1                 (2)3( 3.5)  7918392.3 
    23     1    5G1                 (1)*( 3.5)  7918457.4 
    24     1    5G1                 (1)*( 4.5)  7918457.4 
    25     1    6S1                 (2)0( 0.5)  8337216.3 
    26     1    6P1                 (2)1( 0.5)  8346913.8 
    27     1    6P1                 (2)1( 1.5)  8348385.7 
    28     1    6D1                 (2)2( 1.5)  8352153.5 
    29     1    6D1                 (2)2( 2.5)  8352625.1 
    30     1    6F1                 (2)3( 2.5)  8352853.6 
    31     1    6F1                 (2)3( 3.5)  8353090.2 
    32     1    6G1                 (1)*( 3.5)  8353199.7 
    33     1    6G1                 (1)*( 4.5)  8353199.7 
    34     1    6H1                 (1)*( 4.5)  8353320.9 
    35     1    6H1                 (1)*( 5.5)  8353320.9 
    36     1    7S1                 (2)0( 0.5)  8605252.7 
    37     1    7P1                 (2)1( 0.5)  8611330.5 
    38     1    7P1                 (2)1( 1.5)  8612257.1 
    39     1    7D1                 (2)2( 1.5)  8614623.4 
    40     1    7D1                 (2)2( 2.5)  8614920.4 
    41     1    7F1                 (2)3( 2.5)  8615068.2 
    42     1    7F1                 (2)3( 3.5)  8615217.2 
    43     1    7G1                 (1)*( 3.5)  8615318.4 
    44     1    7G1                 (1)*( 4.5)  8615318.4 
    45     1    7H1                 (1)*( 4.5)  8615394.8 
    46     1    7H1                 (1)*( 5.5)  8615394.8 
    47     1    7I1                 (1)*( 5.5)  8615428.9 
    48     1    7I1                 (1)*( 6.5)  8615428.9 
    49     1    8S1                 (2)0( 0.5)  8778691.0 
    50     1    8P1                 (2)1( 0.5)  8782749.0 
    51     1    8P1                 (2)1( 1.5)  8783369.6 
    52     1    8D1                 (2)2( 1.5)  8784952.0 
    53     1    8D1                 (2)2( 2.5)  8785150.9 
    54     1    8F1                 (2)3( 2.5)  8785251.6 
    55     1    8F1                 (2)3( 3.5)  8785351.4 
    56     1    8G1                 (1)*( 3.5)  8785435.5 
    57     1    8G1                 (1)*( 4.5)  8785435.5 
    58     1    8H1                 (1)*( 4.5)  8785486.6 
    59     1    8H1                 (1)*( 5.5)  8785486.6 
    60     1    8I1                 (1)*( 5.5)  8785509.4 
    61     1    8I1                 (1)*( 6.5)  8785509.4 
    62     1    8J1                 (1)*( 6.5)  8785521.1 
    63     1    8J1                 (1)*( 7.5)  8785521.1 

   NL-SHELL INDEXING                     NLREP= 55
   -----------------
   ILREP   N   L
   -----   -   -
     1     1   0
     2     2   0
     3     2   1
     4     3   0
     5     3   1
     6     3   2
     7     4   0
     8     4   1
     9     4   2
    10     4   3
    11     5   0
    12     5   1
    13     5   2
    14     5   3
    15     5   4
    16     6   0
    17     6   1
    18     6   2
    19     6   3
    20     6   4
    21     6   5
    22     7   0
    23     7   1
    24     7   2
    25     7   3
    26     7   4
    27     7   5
    28     7   6
    29     8   0
    30     8   1
    31     8   2
    32     8   3
    33     8   4
    34     8   5
    35     8   6
    36     8   7
    37     9   0
    38     9   1
    39     9   2
    40     9   3
    41     9   4
    42     9   5
    43     9   6
    44     9   7
    45     9   8
    46    10   0
    47    10   1
    48    10   2
    49    10   3
    50    10   4
    51    10   5
    52    10   6
    53    10   7
    54    10   8
    55    10   9

   N-SHELL INDEXING                                     NREP= 42
   ----------------
   INREP   N
   -----   -
     1     1
     2     2
     3     3
     4     4
     5     5
     6     6
     7     7
     8     8
     9     9
    10    10
    11    11
    12    12
    13    13
    14    14
    15    15
    16    16
    17    18
    18    20
    19    22
    20    25
    21    29
    22    35
    23    39
    24    45
    25    49
    26    55
    27    61
    28    70
    29    81
    30   100
    31   115
    32   140
    33   162
    34   200
    35   235
    36   300
    37   353
    38   450
    39   535
    40   700
    41   811
    42   999



 --------------------------
 PRTI= 1  LVLPRT= (1S  0.0)

   INDX TE=  3.24E+03  6.48E+03  1.62E+04  3.24E+04  6.48E+04  1.62E+05  3.24E+05  6.48E+05  1.62E+06  3.24E+06
   ---- ---  6.48E+06  1.62E+07  3.24E+07  6.48E+07  1.62E+08  3.24E+08  6.48E+08  1.62E+09  3.24E+09
     1       1.44E-11  1.02E-11  6.46E-12  4.57E-12  3.23E-12  2.04E-12  1.44E-12  1.02E-12  6.42E-13  4.50E-13
             3.11E-13  1.83E-13  1.15E-13  6.86E-14  3.09E-14  1.55E-14  7.30E-15  2.46E-15  1.02E-15
     2       1.35E-11  9.57E-12  6.05E-12  4.27E-12  3.01E-12  1.89E-12  1.32E-12  9.12E-13  5.41E-13  3.49E-13
             2.13E-13  9.88E-14  5.02E-14  2.35E-14  7.74E-15  3.11E-15  1.20E-15  3.24E-16  1.18E-16
     3       2.67E-11  1.89E-11  1.19E-11  8.43E-12  5.95E-12  3.73E-12  2.61E-12  1.80E-12  1.07E-12  6.90E-13
             4.21E-13  1.96E-13  9.97E-14  4.67E-14  1.54E-14  6.19E-15  2.39E-15  6.46E-16  2.35E-16
     4       4.62E-12  3.27E-12  2.07E-12  1.46E-12  1.03E-12  6.54E-13  4.63E-13  3.27E-13  2.06E-13  1.44E-13
             9.89E-14  5.72E-14  3.57E-14  2.09E-14  9.30E-15  4.64E-15  2.17E-15  7.28E-16  3.01E-16
     5       5.02E-12  3.55E-12  2.24E-12  1.58E-12  1.12E-12  7.01E-13  4.90E-13  3.39E-13  2.01E-13  1.30E-13
             7.90E-14  3.65E-14  1.85E-14  8.62E-15  2.82E-15  1.13E-15  4.35E-16  1.17E-16  4.26E-17
     6       9.95E-12  7.03E-12  4.44E-12  3.14E-12  2.21E-12  1.39E-12  9.72E-13  6.72E-13  4.00E-13  2.58E-13
             1.57E-13  7.26E-14  3.68E-14  1.72E-14  5.62E-15  2.26E-15  8.67E-16  2.34E-16  8.51E-17
     7       6.70E-12  4.73E-12  2.98E-12  2.10E-12  1.47E-12  9.12E-13  6.22E-13  4.12E-13  2.21E-13  1.27E-13
             6.68E-14  2.47E-14  1.06E-14  4.25E-15  1.19E-15  4.36E-16  1.57E-16  4.04E-17  1.43E-17
     8       1.00E-11  7.08E-12  4.46E-12  3.14E-12  2.21E-12  1.36E-12  9.31E-13  6.16E-13  3.31E-13  1.90E-13
             9.99E-14  3.70E-14  1.59E-14  6.37E-15  1.78E-15  6.53E-16  2.36E-16  6.05E-17  2.15E-17
     9       2.11E-12  1.49E-12  9.45E-13  6.68E-13  4.72E-13  2.99E-13  2.11E-13  1.49E-13  9.34E-14  6.48E-14
             4.41E-14  2.51E-14  1.55E-14  9.00E-15  3.96E-15  1.97E-15  9.18E-16  3.07E-16  1.27E-16
    10       2.37E-12  1.68E-12  1.06E-12  7.49E-13  5.28E-13  3.32E-13  2.32E-13  1.60E-13  9.48E-14  6.09E-14
             3.69E-14  1.69E-14  8.50E-15  3.95E-15  1.28E-15  5.15E-16  1.98E-16  5.33E-17  1.93E-17
    11       4.72E-12  3.33E-12  2.11E-12  1.49E-12  1.05E-12  6.59E-13  4.61E-13  3.18E-13  1.89E-13  1.21E-13
             7.35E-14  3.37E-14  1.70E-14  7.88E-15  2.57E-15  1.03E-15  3.95E-16  1.06E-16  3.86E-17
    12       4.19E-12  2.96E-12  1.87E-12  1.31E-12  9.22E-13  5.70E-13  3.89E-13  2.58E-13  1.38E-13  7.95E-14
             4.17E-14  1.54E-14  6.59E-15  2.64E-15  7.35E-16  2.70E-16  9.74E-17  2.50E-17  8.88E-18
    13       6.26E-12  4.43E-12  2.79E-12  1.97E-12  1.38E-12  8.54E-13  5.83E-13  3.86E-13  2.07E-13  1.19E-13
             6.24E-14  2.31E-14  9.87E-15  3.96E-15  1.10E-15  4.04E-16  1.46E-16  3.75E-17  1.33E-17
    14       3.33E-12  2.35E-12  1.48E-12  1.04E-12  7.20E-13  4.34E-13  2.85E-13  1.78E-13  8.47E-14  4.33E-14
             2.01E-14  6.38E-15  2.49E-15  9.34E-16  2.46E-16  8.81E-17  3.14E-17  7.97E-18  2.82E-18
    15       4.43E-12  3.13E-12  1.97E-12  1.38E-12  9.59E-13  5.78E-13  3.80E-13  2.37E-13  1.13E-13  5.77E-14
             2.67E-14  8.51E-15  3.32E-15  1.24E-15  3.27E-16  1.17E-16  4.18E-17  1.06E-17  3.76E-18
    16       1.17E-12  8.23E-13  5.21E-13  3.68E-13  2.60E-13  1.64E-13  1.16E-13  8.16E-14  5.07E-14  3.49E-14
             2.35E-14  1.32E-14  8.08E-15  4.66E-15  2.04E-15  1.01E-15  4.71E-16  1.57E-16  6.49E-17
    17       1.32E-12  9.35E-13  5.91E-13  4.17E-13  2.94E-13  1.85E-13  1.29E-13  8.87E-14  5.22E-14  3.34E-14
             2.01E-14  9.12E-15  4.57E-15  2.11E-15  6.85E-16  2.74E-16  1.05E-16  2.83E-17  1.03E-17
    18       2.63E-12  1.86E-12  1.18E-12  8.30E-13  5.85E-13  3.67E-13  2.56E-13  1.77E-13  1.04E-13  6.65E-14
             4.00E-14  1.82E-14  9.12E-15  4.22E-15  1.37E-15  5.47E-16  2.10E-16  5.65E-17  2.05E-17
    19       2.56E-12  1.81E-12  1.14E-12  8.04E-13  5.64E-13  3.49E-13  2.38E-13  1.57E-13  8.43E-14  4.83E-14
             2.52E-14  9.30E-15  3.97E-15  1.59E-15  4.41E-16  1.62E-16  5.85E-17  1.50E-17  5.33E-18
    20       3.84E-12  2.71E-12  1.71E-12  1.20E-12  8.45E-13  5.23E-13  3.57E-13  2.36E-13  1.26E-13  7.23E-14
             3.78E-14  1.39E-14  5.95E-15  2.38E-15  6.61E-16  2.43E-16  8.77E-17  2.25E-17  7.98E-18
    21       2.93E-12  2.07E-12  1.30E-12  9.11E-13  6.34E-13  3.82E-13  2.51E-13  1.57E-13  7.45E-14  3.81E-14
             1.76E-14  5.60E-15  2.19E-15  8.19E-16  2.15E-16  7.72E-17  2.75E-17  6.98E-18  2.47E-18
    22       3.90E-12  2.75E-12  1.73E-12  1.21E-12  8.44E-13  5.09E-13  3.35E-13  2.09E-13  9.93E-14  5.07E-14
             2.35E-14  7.46E-15  2.91E-15  1.09E-15  2.87E-16  1.03E-16  3.66E-17  9.30E-18  3.29E-18
    23       1.66E-12  1.17E-12  7.34E-13  5.11E-13  3.50E-13  2.04E-13  1.28E-13  7.41E-14  3.12E-14  1.44E-14
             6.11E-15  1.77E-15  6.61E-16  2.41E-16  6.20E-17  2.21E-17  7.82E-18  1.98E-18  7.01E-19
    24       2.08E-12  1.46E-12  9.17E-13  6.38E-13  4.38E-13  2.55E-13  1.59E-13  9.26E-14  3.90E-14  1.80E-14
             7.64E-15  2.22E-15  8.26E-16  3.01E-16  7.75E-17  2.76E-17  9.78E-18  2.48E-18  8.77E-19
    25       7.21E-13  5.10E-13  3.22E-13  2.28E-13  1.61E-13  1.01E-13  7.14E-14  5.00E-14  3.08E-14  2.10E-14
             1.40E-14  7.78E-15  4.73E-15  2.72E-15  1.19E-15  5.87E-16  2.73E-16  9.10E-17  3.75E-17
    26       8.21E-13  5.80E-13  3.67E-13  2.59E-13  1.82E-13  1.14E-13  7.96E-14  5.46E-14  3.19E-14  2.02E-14
             1.21E-14  5.46E-15  2.72E-15  1.26E-15  4.06E-16  1.62E-16  6.22E-17  1.67E-17  6.07E-18
    27       1.64E-12  1.16E-12  7.30E-13  5.16E-13  3.63E-13  2.28E-13  1.59E-13  1.09E-13  6.37E-14  4.04E-14
             2.41E-14  1.09E-14  5.44E-15  2.51E-15  8.12E-16  3.24E-16  1.24E-16  3.35E-17  1.21E-17
    28       1.66E-12  1.17E-12  7.38E-13  5.20E-13  3.64E-13  2.25E-13  1.53E-13  1.01E-13  5.40E-14  3.08E-14
             1.60E-14  5.89E-15  2.51E-15  1.00E-15  2.78E-16  1.02E-16  3.69E-17  9.45E-18  3.36E-18
    29       2.48E-12  1.75E-12  1.10E-12  7.78E-13  5.46E-13  3.37E-13  2.30E-13  1.52E-13  8.09E-14  4.61E-14
             2.40E-14  8.82E-15  3.76E-15  1.50E-15  4.17E-16  1.53E-16  5.53E-17  1.42E-17  5.03E-18
    30       2.18E-12  1.54E-12  9.69E-13  6.79E-13  4.72E-13  2.85E-13  1.87E-13  1.17E-13  5.54E-14  2.82E-14
             1.31E-14  4.14E-15  1.62E-15  6.05E-16  1.59E-16  5.70E-17  2.03E-17  5.15E-18  1.82E-18
    31       2.91E-12  2.05E-12  1.29E-12  9.05E-13  6.29E-13  3.79E-13  2.49E-13  1.55E-13  7.38E-14  3.76E-14
             1.74E-14  5.52E-15  2.15E-15  8.06E-16  2.12E-16  7.59E-17  2.70E-17  6.87E-18  2.43E-18
    32       1.89E-12  1.33E-12  8.36E-13  5.82E-13  3.99E-13  2.32E-13  1.45E-13  8.44E-14  3.56E-14  1.64E-14
             6.96E-15  2.02E-15  7.52E-16  2.74E-16  7.05E-17  2.51E-17  8.89E-18  2.25E-18  7.97E-19
    33       2.37E-12  1.67E-12  1.04E-12  7.27E-13  4.99E-13  2.90E-13  1.82E-13  1.06E-13  4.44E-14  2.06E-14
             8.69E-15  2.52E-15  9.40E-16  3.42E-16  8.81E-17  3.13E-17  1.11E-17  2.82E-18  9.97E-19
    34       8.38E-13  5.89E-13  3.67E-13  2.53E-13  1.70E-13  9.44E-14  5.59E-14  3.02E-14  1.14E-14  4.88E-15
             1.94E-15  5.34E-16  1.95E-16  6.99E-17  1.79E-17  6.34E-18  2.24E-18  5.68E-19  2.01E-19
    35       1.01E-12  7.07E-13  4.40E-13  3.03E-13  2.04E-13  1.13E-13  6.71E-14  3.62E-14  1.37E-14  5.85E-15
             2.33E-15  6.41E-16  2.34E-16  8.39E-17  2.14E-17  7.61E-18  2.69E-18  6.82E-19  2.41E-19
    36       4.82E-13  3.41E-13  2.16E-13  1.52E-13  1.07E-13  6.76E-14  4.74E-14  3.30E-14  2.02E-14  1.36E-14
             9.01E-15  4.97E-15  3.01E-15  1.72E-15  7.49E-16  3.70E-16  1.72E-16  5.73E-17  2.36E-17
    37       5.50E-13  3.89E-13  2.46E-13  1.73E-13  1.22E-13  7.63E-14  5.29E-14  3.62E-14  2.10E-14  1.32E-14
             7.85E-15  3.52E-15  1.75E-15  8.06E-16  2.60E-16  1.04E-16  3.97E-17  1.07E-17  3.88E-18
    38       1.10E-12  7.74E-13  4.89E-13  3.45E-13  2.43E-13  1.52E-13  1.06E-13  7.21E-14  4.18E-14  2.64E-14
             1.57E-14  7.04E-15  3.50E-15  1.61E-15  5.20E-16  2.07E-16  7.95E-17  2.14E-17  7.76E-18
    39       1.13E-12  7.98E-13  5.03E-13  3.54E-13  2.48E-13  1.53E-13  1.04E-13  6.86E-14  3.64E-14  2.07E-14
             1.07E-14  3.93E-15  1.67E-15  6.67E-16  1.85E-16  6.79E-17  2.45E-17  6.28E-18  2.23E-18
    40       1.69E-12  1.20E-12  7.54E-13  5.31E-13  3.72E-13  2.30E-13  1.56E-13  1.03E-13  5.45E-14  3.10E-14
             1.61E-14  5.89E-15  2.51E-15  1.00E-15  2.77E-16  1.02E-16  3.67E-17  9.41E-18  3.34E-18
    41       1.60E-12  1.13E-12  7.10E-13  4.98E-13  3.46E-13  2.08E-13  1.37E-13  8.51E-14  4.03E-14  2.05E-14
             9.47E-15  3.00E-15  1.17E-15  4.38E-16  1.15E-16  4.12E-17  1.47E-17  3.73E-18  1.32E-18
    42       2.13E-12  1.50E-12  9.46E-13  6.63E-13  4.61E-13  2.78E-13  1.82E-13  1.13E-13  5.37E-14  2.73E-14
             1.26E-14  4.00E-15  1.56E-15  5.84E-16  1.53E-16  5.50E-17  1.96E-17  4.97E-18  1.76E-18
    43       1.67E-12  1.17E-12  7.35E-13  5.12E-13  3.51E-13  2.04E-13  1.28E-13  7.42E-14  3.12E-14  1.44E-14
             6.09E-15  1.77E-15  6.58E-16  2.40E-16  6.17E-17  2.20E-17  7.79E-18  1.97E-18  6.98E-19
    44       2.08E-12  1.47E-12  9.19E-13  6.40E-13  4.39E-13  2.55E-13  1.60E-13  9.27E-14  3.90E-14  1.80E-14
             7.62E-15  2.21E-15  8.23E-16  2.99E-16  7.71E-17  2.74E-17  9.73E-18  2.47E-18  8.73E-19
    45       1.17E-12  8.25E-13  5.14E-13  3.54E-13  2.38E-13  1.32E-13  7.84E-14  4.23E-14  1.60E-14  6.83E-15
             2.72E-15  7.48E-16  2.73E-16  9.79E-17  2.50E-17  8.87E-18  3.14E-18  7.96E-19  2.81E-19
    46       1.41E-12  9.90E-13  6.16E-13  4.25E-13  2.86E-13  1.59E-13  9.41E-14  5.07E-14  1.91E-14  8.20E-15
             3.26E-15  8.97E-16  3.27E-16  1.18E-16  3.00E-17  1.06E-17  3.77E-18  9.55E-19  3.38E-19
    47       4.25E-13  2.98E-13  1.84E-13  1.25E-13  8.22E-14  4.33E-14  2.41E-14  1.21E-14  4.18E-15  1.69E-15
             6.49E-16  1.73E-16  6.23E-17  2.22E-17  5.66E-18  2.01E-18  7.10E-19  1.80E-19  6.35E-20
    48       4.95E-13  3.47E-13  2.14E-13  1.46E-13  9.59E-14  5.05E-14  2.82E-14  1.42E-14  4.88E-15  1.98E-15
             7.57E-16  2.02E-16  7.27E-17  2.60E-17  6.60E-18  2.34E-18  8.28E-19  2.10E-19  7.41E-20
    49       3.42E-13  2.41E-13  1.53E-13  1.08E-13  7.60E-14  4.77E-14  3.33E-14  2.31E-14  1.39E-14  9.35E-15
             6.14E-15  3.36E-15  2.03E-15  1.16E-15  5.03E-16  2.48E-16  1.15E-16  3.84E-17  1.58E-17
    50       3.89E-13  2.75E-13  1.74E-13  1.23E-13  8.62E-14  5.37E-14  3.72E-14  2.53E-14  1.45E-14  9.10E-15
             5.38E-15  2.40E-15  1.19E-15  5.47E-16  1.76E-16  7.03E-17  2.69E-17  7.24E-18  2.63E-18
    51       7.76E-13  5.49E-13  3.46E-13  2.44E-13  1.72E-13  1.07E-13  7.41E-14  5.04E-14  2.90E-14  1.82E-14
             1.07E-14  4.80E-15  2.38E-15  1.09E-15  3.53E-16  1.41E-16  5.38E-17  1.45E-17  5.25E-18
    52       8.07E-13  5.70E-13  3.60E-13  2.53E-13  1.77E-13  1.09E-13  7.40E-14  4.85E-14  2.56E-14  1.45E-14
             7.51E-15  2.74E-15  1.16E-15  4.64E-16  1.29E-16  4.71E-17  1.70E-17  4.36E-18  1.55E-18
    53       1.21E-12  8.54E-13  5.39E-13  3.79E-13  2.66E-13  1.64E-13  1.11E-13  7.28E-14  3.84E-14  2.17E-14
             1.13E-14  4.10E-15  1.74E-15  6.95E-16  1.93E-16  7.07E-17  2.55E-17  6.54E-18  2.32E-18
    54       1.19E-12  8.38E-13  5.27E-13  3.69E-13  2.57E-13  1.54E-13  1.01E-13  6.29E-14  2.97E-14  1.51E-14
             6.96E-15  2.20E-15  8.57E-16  3.21E-16  8.42E-17  3.02E-17  1.07E-17  2.73E-18  9.67E-19
    55       1.58E-12  1.12E-12  7.03E-13  4.92E-13  3.42E-13  2.06E-13  1.35E-13  8.38E-14  3.96E-14  2.01E-14
             9.27E-15  2.93E-15  1.14E-15  4.28E-16  1.12E-16  4.02E-17  1.43E-17  3.64E-18  1.29E-18
    56       1.37E-12  9.62E-13  6.03E-13  4.20E-13  2.88E-13  1.67E-13  1.05E-13  6.07E-14  2.55E-14  1.18E-14
             4.97E-15  1.44E-15  5.37E-16  1.95E-16  5.03E-17  1.79E-17  6.34E-18  1.61E-18  5.69E-19
    57       1.71E-12  1.20E-12  7.53E-13  5.24E-13  3.60E-13  2.09E-13  1.31E-13  7.58E-14  3.19E-14  1.47E-14
             6.21E-15  1.80E-15  6.71E-16  2.44E-16  6.28E-17  2.24E-17  7.93E-18  2.01E-18  7.11E-19
    58       1.19E-12  8.37E-13  5.21E-13  3.59E-13  2.42E-13  1.34E-13  7.94E-14  4.28E-14  1.62E-14  6.92E-15
             2.75E-15  7.57E-16  2.76E-16  9.91E-17  2.53E-17  8.98E-18  3.18E-18  8.05E-19  2.85E-19
    59       1.43E-12  1.00E-12  6.25E-13  4.31E-13  2.90E-13  1.61E-13  9.53E-14  5.14E-14  1.94E-14  8.30E-15
             3.30E-15  9.08E-16  3.31E-16  1.19E-16  3.04E-17  1.08E-17  3.82E-18  9.66E-19  3.42E-19
    60       7.08E-13  4.96E-13  3.06E-13  2.08E-13  1.37E-13  7.21E-14  4.02E-14  2.02E-14  6.96E-15  2.82E-15
             1.08E-15  2.88E-16  1.04E-16  3.70E-17  9.43E-18  3.34E-18  1.18E-18  2.99E-19  1.06E-19
    61       8.25E-13  5.79E-13  3.57E-13  2.43E-13  1.60E-13  8.41E-14  4.69E-14  2.36E-14  8.12E-15  3.29E-15
             1.26E-15  3.36E-16  1.21E-16  4.32E-17  1.10E-17  3.90E-18  1.38E-18  3.49E-19  1.23E-19
    62       2.17E-13  1.51E-13  9.24E-14  6.18E-14  3.96E-14  1.96E-14  1.03E-14  4.86E-15  1.56E-15  6.08E-16
             2.27E-16  5.95E-17  2.13E-17  7.58E-18  1.92E-18  6.81E-19  2.41E-19  6.10E-20  2.16E-20
    63       2.48E-13  1.73E-13  1.06E-13  7.07E-14  4.52E-14  2.24E-14  1.18E-14  5.56E-15  1.78E-15  6.95E-16
             2.60E-16  6.80E-17  2.43E-17  8.66E-18  2.20E-18  7.79E-19  2.75E-19  6.97E-20  2.46E-20

                                                                                     --------------------------
                                                                                     PRTF= 1  LVLPRT= (1S  0.0)
   ILREP
   -----
     2       1.44E-11  1.02E-11  6.46E-12  4.57E-12  3.23E-12  2.04E-12  1.44E-12  1.02E-12  6.42E-13  4.50E-13
             3.11E-13  1.83E-13  1.15E-13  6.86E-14  3.09E-14  1.55E-14  7.30E-15  2.46E-15  1.02E-15
     3       4.03E-11  2.85E-11  1.80E-11  1.27E-11  8.96E-12  5.62E-12  3.93E-12  2.71E-12  1.61E-12  1.04E-12
             6.34E-13  2.95E-13  1.50E-13  7.03E-14  2.31E-14  9.31E-15  3.59E-15  9.70E-16  3.53E-16
     4       4.62E-12  3.27E-12  2.07E-12  1.46E-12  1.03E-12  6.54E-13  4.63E-13  3.27E-13  2.06E-13  1.44E-13
             9.89E-14  5.72E-14  3.57E-14  2.09E-14  9.30E-15  4.64E-15  2.17E-15  7.28E-16  3.01E-16
     5       1.50E-11  1.06E-11  6.68E-12  4.72E-12  3.33E-12  2.09E-12  1.46E-12  1.01E-12  6.01E-13  3.88E-13
             2.36E-13  1.09E-13  5.53E-14  2.58E-14  8.43E-15  3.39E-15  1.30E-15  3.52E-16  1.28E-16
     6       1.67E-11  1.18E-11  7.45E-12  5.24E-12  3.68E-12  2.28E-12  1.55E-12  1.03E-12  5.52E-13  3.17E-13
             1.67E-13  6.18E-14  2.65E-14  1.06E-14  2.96E-15  1.09E-15  3.93E-16  1.01E-16  3.58E-17
     7       2.11E-12  1.49E-12  9.45E-13  6.68E-13  4.72E-13  2.99E-13  2.11E-13  1.49E-13  9.34E-14  6.48E-14
             4.41E-14  2.51E-14  1.55E-14  9.00E-15  3.96E-15  1.97E-15  9.18E-16  3.07E-16  1.27E-16
     8       7.09E-12  5.01E-12  3.17E-12  2.24E-12  1.58E-12  9.91E-13  6.93E-13  4.79E-13  2.84E-13  1.82E-13
             1.10E-13  5.06E-14  2.55E-14  1.18E-14  3.85E-15  1.54E-15  5.92E-16  1.60E-16  5.80E-17
     9       1.04E-11  7.38E-12  4.66E-12  3.28E-12  2.30E-12  1.42E-12  9.72E-13  6.44E-13  3.46E-13  1.98E-13
             1.04E-13  3.85E-14  1.65E-14  6.60E-15  1.84E-15  6.74E-16  2.43E-16  6.24E-17  2.22E-17
    10       7.76E-12  5.48E-12  3.44E-12  2.41E-12  1.68E-12  1.01E-12  6.65E-13  4.15E-13  1.98E-13  1.01E-13
             4.68E-14  1.49E-14  5.82E-15  2.18E-15  5.73E-16  2.05E-16  7.32E-17  1.86E-17  6.58E-18
    11       1.17E-12  8.23E-13  5.21E-13  3.68E-13  2.60E-13  1.64E-13  1.16E-13  8.16E-14  5.07E-14  3.49E-14
             2.35E-14  1.32E-14  8.08E-15  4.66E-15  2.04E-15  1.01E-15  4.71E-16  1.57E-16  6.49E-17
    12       3.96E-12  2.79E-12  1.77E-12  1.25E-12  8.80E-13  5.52E-13  3.85E-13  2.65E-13  1.56E-13  9.99E-14
             6.01E-14  2.73E-14  1.37E-14  6.33E-15  2.05E-15  8.21E-16  3.15E-16  8.48E-17  3.08E-17
    13       6.40E-12  4.52E-12  2.85E-12  2.01E-12  1.41E-12  8.72E-13  5.95E-13  3.93E-13  2.11E-13  1.21E-13
             6.31E-14  2.32E-14  9.92E-15  3.97E-15  1.10E-15  4.05E-16  1.46E-16  3.75E-17  1.33E-17
    14       6.83E-12  4.82E-12  3.03E-12  2.13E-12  1.48E-12  8.91E-13  5.86E-13  3.65E-13  1.74E-13  8.88E-14
             4.11E-14  1.31E-14  5.10E-15  1.91E-15  5.02E-16  1.80E-16  6.41E-17  1.63E-17  5.77E-18
    15       3.74E-12  2.63E-12  1.65E-12  1.15E-12  7.88E-13  4.58E-13  2.87E-13  1.67E-13  7.02E-14  3.25E-14
             1.38E-14  3.99E-15  1.49E-15  5.41E-16  1.39E-16  4.96E-17  1.76E-17  4.46E-18  1.58E-18
    16       7.21E-13  5.10E-13  3.22E-13  2.28E-13  1.61E-13  1.01E-13  7.14E-14  5.00E-14  3.08E-14  2.10E-14
             1.40E-14  7.78E-15  4.73E-15  2.72E-15  1.19E-15  5.87E-16  2.73E-16  9.10E-17  3.75E-17
    17       2.46E-12  1.74E-12  1.10E-12  7.74E-13  5.46E-13  3.42E-13  2.38E-13  1.63E-13  9.56E-14  6.06E-14
             3.62E-14  1.64E-14  8.16E-15  3.77E-15  1.22E-15  4.87E-16  1.86E-16  5.02E-17  1.82E-17
    18       4.14E-12  2.92E-12  1.84E-12  1.30E-12  9.10E-13  5.62E-13  3.83E-13  2.53E-13  1.35E-13  7.69E-14
             4.01E-14  1.47E-14  6.27E-15  2.50E-15  6.95E-16  2.55E-16  9.21E-17  2.36E-17  8.39E-18
    19       5.09E-12  3.59E-12  2.26E-12  1.58E-12  1.10E-12  6.64E-13  4.37E-13  2.72E-13  1.29E-13  6.59E-14
             3.05E-14  9.66E-15  3.77E-15  1.41E-15  3.71E-16  1.33E-16  4.73E-17  1.20E-17  4.26E-18
    20       4.26E-12  3.00E-12  1.88E-12  1.31E-12  8.98E-13  5.22E-13  3.27E-13  1.90E-13  8.00E-14  3.70E-14
             1.56E-14  4.54E-15  1.69E-15  6.15E-16  1.59E-16  5.64E-17  2.00E-17  5.07E-18  1.79E-18
    21       1.84E-12  1.30E-12  8.06E-13  5.56E-13  3.74E-13  2.08E-13  1.23E-13  6.64E-14  2.50E-14  1.07E-14
             4.27E-15  1.17E-15  4.28E-16  1.54E-16  3.93E-17  1.39E-17  4.94E-18  1.25E-18  4.42E-19
    22       4.82E-13  3.41E-13  2.16E-13  1.52E-13  1.07E-13  6.76E-14  4.74E-14  3.30E-14  2.02E-14  1.36E-14
             9.01E-15  4.97E-15  3.01E-15  1.72E-15  7.49E-16  3.70E-16  1.72E-16  5.73E-17  2.36E-17
    23       1.65E-12  1.16E-12  7.35E-13  5.18E-13  3.65E-13  2.28E-13  1.58E-13  1.08E-13  6.28E-14  3.96E-14
             2.35E-14  1.06E-14  5.25E-15  2.42E-15  7.80E-16  3.11E-16  1.19E-16  3.21E-17  1.16E-17
    24       2.82E-12  1.99E-12  1.26E-12  8.85E-13  6.21E-13  3.83E-13  2.60E-13  1.71E-13  9.09E-14  5.17E-14
             2.68E-14  9.82E-15  4.18E-15  1.67E-15  4.62E-16  1.70E-16  6.12E-17  1.57E-17  5.57E-18
    25       3.73E-12  2.63E-12  1.66E-12  1.16E-12  8.07E-13  4.86E-13  3.19E-13  1.99E-13  9.40E-14  4.79E-14
             2.21E-14  7.00E-15  2.73E-15  1.02E-15  2.68E-16  9.62E-17  3.43E-17  8.70E-18  3.08E-18
    26       3.75E-12  2.64E-12  1.65E-12  1.15E-12  7.90E-13  4.59E-13  2.88E-13  1.67E-13  7.02E-14  3.24E-14
             1.37E-14  3.97E-15  1.48E-15  5.39E-16  1.39E-16  4.94E-17  1.75E-17  4.44E-18  1.57E-18
    27       2.58E-12  1.82E-12  1.13E-12  7.79E-13  5.25E-13  2.91E-13  1.73E-13  9.30E-14  3.51E-14  1.50E-14
             5.98E-15  1.65E-15  6.00E-16  2.15E-16  5.50E-17  1.95E-17  6.91E-18  1.75E-18  6.19E-19
    28       9.20E-13  6.45E-13  3.98E-13  2.71E-13  1.78E-13  9.38E-14  5.23E-14  2.63E-14  9.05E-15  3.67E-15
             1.41E-15  3.75E-16  1.35E-16  4.82E-17  1.23E-17  4.35E-18  1.54E-18  3.89E-19  1.38E-19
    29       3.42E-13  2.41E-13  1.53E-13  1.08E-13  7.60E-14  4.77E-14  3.33E-14  2.31E-14  1.39E-14  9.35E-15
             6.14E-15  3.36E-15  2.03E-15  1.16E-15  5.03E-16  2.48E-16  1.15E-16  3.84E-17  1.58E-17
    30       1.17E-12  8.24E-13  5.20E-13  3.67E-13  2.58E-13  1.61E-13  1.11E-13  7.57E-14  4.36E-14  2.73E-14
             1.61E-14  7.20E-15  3.57E-15  1.64E-15  5.29E-16  2.11E-16  8.07E-17  2.17E-17  7.88E-18
    31       2.02E-12  1.42E-12  8.98E-13  6.32E-13  4.43E-13  2.73E-13  1.85E-13  1.21E-13  6.40E-14  3.62E-14
             1.88E-14  6.84E-15  2.91E-15  1.16E-15  3.21E-16  1.18E-16  4.25E-17  1.09E-17  3.87E-18
    32       2.77E-12  1.95E-12  1.23E-12  8.62E-13  5.99E-13  3.60E-13  2.36E-13  1.47E-13  6.93E-14  3.52E-14
             1.62E-14  5.13E-15  2.00E-15  7.48E-16  1.97E-16  7.04E-17  2.51E-17  6.37E-18  2.26E-18
    33       3.07E-12  2.17E-12  1.36E-12  9.44E-13  6.47E-13  3.76E-13  2.35E-13  1.36E-13  5.73E-14  2.65E-14
             1.12E-14  3.24E-15  1.21E-15  4.39E-16  1.13E-16  4.02E-17  1.43E-17  3.62E-18  1.28E-18
    34       2.62E-12  1.84E-12  1.15E-12  7.90E-13  5.32E-13  2.95E-13  1.75E-13  9.42E-14  3.55E-14  1.52E-14
             6.06E-15  1.66E-15  6.07E-16  2.18E-16  5.57E-17  1.98E-17  7.00E-18  1.77E-18  6.27E-19
    35       1.53E-12  1.07E-12  6.64E-13  4.51E-13  2.97E-13  1.56E-13  8.71E-14  4.38E-14  1.51E-14  6.11E-15
             2.34E-15  6.24E-16  2.25E-16  8.03E-17  2.04E-17  7.24E-18  2.56E-18  6.48E-19  2.29E-19
    36       4.64E-13  3.24E-13  1.98E-13  1.32E-13  8.48E-14  4.20E-14  2.21E-14  1.04E-14  3.34E-15  1.30E-15
             4.87E-16  1.28E-16  4.57E-17  1.62E-17  4.12E-18  1.46E-18  5.16E-19  1.31E-19  4.62E-20
    37       2.53E-13  1.78E-13  1.13E-13  7.95E-14  5.60E-14  3.50E-14  2.44E-14  1.68E-14  1.01E-14  6.70E-15
             4.37E-15  2.38E-15  1.43E-15  8.17E-16  3.54E-16  1.74E-16  8.09E-17  2.69E-17  1.11E-17
    38       8.61E-13  6.09E-13  3.84E-13  2.71E-13  1.90E-13  1.18E-13  8.14E-14  5.51E-14  3.15E-14  1.96E-14
             1.15E-14  5.13E-15  2.54E-15  1.16E-15  3.75E-16  1.49E-16  5.71E-17  1.54E-17  5.57E-18
    39       1.50E-12  1.06E-12  6.66E-13  4.68E-13  3.28E-13  2.01E-13  1.36E-13  8.90E-14  4.67E-14  2.63E-14
             1.36E-14  4.94E-15  2.10E-15  8.36E-16  2.32E-16  8.49E-17  3.06E-17  7.85E-18  2.79E-18
    40       2.10E-12  1.48E-12  9.33E-13  6.54E-13  4.54E-13  2.73E-13  1.78E-13  1.11E-13  5.20E-14  2.64E-14
             1.21E-14  3.84E-15  1.49E-15  5.59E-16  1.47E-16  5.26E-17  1.87E-17  4.75E-18  1.68E-18
    41       2.47E-12  1.74E-12  1.09E-12  7.60E-13  5.21E-13  3.03E-13  1.89E-13  1.10E-13  4.59E-14  2.12E-14
             8.94E-15  2.59E-15  9.64E-16  3.51E-16  9.03E-17  3.21E-17  1.14E-17  2.89E-18  1.02E-18
    42       2.38E-12  1.67E-12  1.04E-12  7.17E-13  4.83E-13  2.68E-13  1.59E-13  8.55E-14  3.22E-14  1.38E-14
             5.49E-15  1.51E-15  5.49E-16  1.97E-16  5.04E-17  1.79E-17  6.33E-18  1.60E-18  5.67E-19
    43       1.76E-12  1.24E-12  7.62E-13  5.19E-13  3.41E-13  1.79E-13  1.00E-13  5.03E-14  1.73E-14  7.02E-15
             2.69E-15  7.17E-16  2.58E-16  9.22E-17  2.35E-17  8.31E-18  2.94E-18  7.44E-19  2.63E-19
    44       8.97E-13  6.26E-13  3.82E-13  2.56E-13  1.64E-13  8.12E-14  4.27E-14  2.01E-14  6.46E-15  2.52E-15
             9.41E-16  2.47E-16  8.82E-17  3.14E-17  7.97E-18  2.82E-18  9.98E-19  2.53E-19  8.93E-20
    45       2.36E-13  1.64E-13  9.88E-14  6.48E-14  4.02E-14  1.87E-14  9.31E-15  4.17E-15  1.26E-15  4.80E-16
             1.76E-16  4.58E-17  1.63E-17  5.79E-18  1.47E-18  5.20E-19  1.84E-19  4.65E-20  1.64E-20
    46       1.93E-13  1.36E-13  8.61E-14  6.07E-14  4.27E-14  2.66E-14  1.84E-14  1.26E-14  7.49E-15  4.96E-15
             3.22E-15  1.75E-15  1.05E-15  5.97E-16  2.58E-16  1.27E-16  5.90E-17  1.96E-17  8.09E-18
    47       6.58E-13  4.65E-13  2.93E-13  2.06E-13  1.45E-13  8.97E-14  6.16E-14  4.14E-14  2.35E-14  1.46E-14
             8.53E-15  3.78E-15  1.87E-15  8.54E-16  2.75E-16  1.09E-16  4.19E-17  1.13E-17  4.08E-18
    48       1.14E-12  8.08E-13  5.09E-13  3.58E-13  2.50E-13  1.53E-13  1.03E-13  6.72E-14  3.51E-14  1.97E-14
             1.02E-14  3.68E-15  1.56E-15  6.22E-16  1.72E-16  6.31E-17  2.28E-17  5.83E-18  2.07E-18
    49       1.63E-12  1.15E-12  7.23E-13  5.07E-13  3.52E-13  2.11E-13  1.38E-13  8.50E-14  3.99E-14  2.02E-14
             9.28E-15  2.93E-15  1.14E-15  4.26E-16  1.12E-16  4.00E-17  1.43E-17  3.62E-18  1.28E-18
    50       1.99E-12  1.40E-12  8.80E-13  6.12E-13  4.19E-13  2.43E-13  1.52E-13  8.78E-14  3.67E-14  1.69E-14
             7.14E-15  2.06E-15  7.69E-16  2.80E-16  7.20E-17  2.56E-17  9.09E-18  2.30E-18  8.15E-19
    51       2.07E-12  1.45E-12  9.05E-13  6.23E-13  4.20E-13  2.33E-13  1.38E-13  7.41E-14  2.79E-14  1.19E-14
             4.74E-15  1.30E-15  4.75E-16  1.71E-16  4.36E-17  1.55E-17  5.48E-18  1.39E-18  4.90E-19
    52       1.76E-12  1.23E-12  7.60E-13  5.17E-13  3.40E-13  1.79E-13  9.97E-14  5.01E-14  1.72E-14  6.99E-15
             2.67E-15  7.13E-16  2.57E-16  9.17E-17  2.33E-17  8.27E-18  2.93E-18  7.40E-19  2.62E-19
    53       1.15E-12  8.04E-13  4.91E-13  3.29E-13  2.10E-13  1.04E-13  5.48E-14  2.59E-14  8.29E-15  3.23E-15
             1.21E-15  3.16E-16  1.13E-16  4.03E-17  1.02E-17  3.62E-18  1.28E-18  3.24E-19  1.15E-19
    54       5.18E-13  3.60E-13  2.17E-13  1.43E-13  8.84E-14  4.12E-14  2.05E-14  9.17E-15  2.78E-15  1.06E-15
             3.88E-16  1.01E-16  3.59E-17  1.27E-17  3.23E-18  1.14E-18  4.04E-19  1.02E-19  3.62E-20
    55       1.20E-13  8.32E-14  4.94E-14  3.17E-14  1.90E-14  8.33E-15  3.93E-15  1.68E-15  4.90E-16  1.83E-16
             6.65E-17  1.71E-17  6.09E-18  2.16E-18  5.47E-19  1.94E-19  6.84E-20  1.73E-20  6.12E-21

   INREP
   -----
     2       5.47E-11  3.87E-11  2.44E-11  1.73E-11  1.22E-11  7.67E-12  5.37E-12  3.73E-12  2.25E-12  1.49E-12
             9.45E-13  4.77E-13  2.65E-13  1.39E-13  5.39E-14  2.48E-14  1.09E-14  3.42E-15  1.37E-15
     3       3.63E-11  2.57E-11  1.62E-11  1.14E-11  8.04E-12  5.02E-12  3.48E-12  2.37E-12  1.36E-12  8.49E-13
             5.02E-13  2.28E-13  1.17E-13  5.72E-14  2.06E-14  9.08E-15  3.85E-15  1.17E-15  4.63E-16
     4       2.74E-11  1.94E-11  1.22E-11  8.60E-12  6.03E-12  3.73E-12  2.54E-12  1.69E-12  9.21E-13  5.47E-13
             3.05E-13  1.29E-13  6.31E-14  2.95E-14  1.02E-14  4.37E-15  1.82E-15  5.45E-16  2.13E-16
     5       2.21E-11  1.56E-11  9.82E-12  6.90E-12  4.82E-12  2.94E-12  1.97E-12  1.27E-12  6.62E-13  3.77E-13
             2.01E-13  8.06E-14  3.81E-14  1.73E-14  5.81E-15  2.45E-15  1.01E-15  2.98E-16  1.16E-16
     6       1.85E-11  1.31E-11  8.21E-12  5.75E-12  3.99E-12  2.40E-12  1.58E-12  9.95E-13  4.96E-13  2.72E-13
             1.41E-13  5.41E-14  2.50E-14  1.11E-14  3.65E-15  1.52E-15  6.19E-16  1.82E-16  7.02E-17
     7       1.59E-11  1.12E-11  7.05E-12  4.92E-12  3.39E-12  2.01E-12  1.30E-12  7.98E-13  3.83E-13  2.04E-13
             1.02E-13  3.82E-14  1.73E-14  7.59E-15  2.45E-15  1.01E-15  4.10E-16  1.20E-16  4.60E-17
     8       1.40E-11  9.85E-12  6.16E-12  4.29E-12  2.94E-12  1.71E-12  1.09E-12  6.52E-13  3.02E-13  1.57E-13
             7.72E-14  2.81E-14  1.25E-14  5.43E-15  1.73E-15  7.11E-16  2.86E-16  8.29E-17  3.18E-17
     9       1.25E-11  8.77E-12  5.47E-12  3.79E-12  2.58E-12  1.48E-12  9.21E-13  5.42E-13  2.44E-13  1.24E-13
             5.98E-14  2.13E-14  9.39E-15  4.03E-15  1.27E-15  5.19E-16  2.08E-16  6.00E-17  2.30E-17
    10       1.12E-11  7.90E-12  4.91E-12  3.39E-12  2.29E-12  1.29E-12  7.90E-13  4.55E-13  2.00E-13  9.97E-14
             4.73E-14  1.66E-14  7.23E-15  3.08E-15  9.63E-16  3.91E-16  1.56E-16  4.49E-17  1.71E-17
    11       1.02E-11  7.18E-12  4.45E-12  3.05E-12  2.05E-12  1.14E-12  6.84E-13  3.87E-13  1.66E-13  8.15E-14
             3.82E-14  1.32E-14  5.70E-15  2.41E-15  7.48E-16  3.03E-16  1.20E-16  3.45E-17  1.31E-17
    12       9.38E-12  6.58E-12  4.07E-12  2.77E-12  1.84E-12  1.01E-12  5.97E-13  3.32E-13  1.39E-13  6.76E-14
             3.13E-14  1.07E-14  4.58E-15  1.92E-15  5.94E-16  2.39E-16  9.48E-17  2.71E-17  1.03E-17
    13       8.66E-12  6.07E-12  3.74E-12  2.54E-12  1.67E-12  8.98E-13  5.25E-13  2.88E-13  1.18E-13  5.67E-14
             2.60E-14  8.76E-15  3.74E-15  1.56E-15  4.79E-16  1.93E-16  7.61E-17  2.17E-17  8.25E-18
    14       8.04E-12  5.63E-12  3.45E-12  2.33E-12  1.52E-12  8.05E-13  4.64E-13  2.51E-13  1.01E-13  4.81E-14
             2.18E-14  7.30E-15  3.09E-15  1.29E-15  3.93E-16  1.58E-16  6.21E-17  1.77E-17  6.71E-18
    15       7.53E-12  5.26E-12  3.21E-12  2.16E-12  1.40E-12  7.28E-13  4.14E-13  2.21E-13  8.78E-14  4.12E-14
             1.85E-14  6.14E-15  2.59E-15  1.07E-15  3.26E-16  1.30E-16  5.12E-17  1.46E-17  5.52E-18
    16       7.06E-12  4.92E-12  3.00E-12  2.00E-12  1.28E-12  6.59E-13  3.70E-13  1.95E-13  7.64E-14  3.55E-14
             1.59E-14  5.22E-15  2.19E-15  9.04E-16  2.74E-16  1.09E-16  4.28E-17  1.22E-17  4.61E-18
    17       6.26E-12  4.35E-12  2.62E-12  1.73E-12  1.09E-12  5.45E-13  2.99E-13  1.54E-13  5.90E-14  2.70E-14
             1.19E-14  3.87E-15  1.61E-15  6.61E-16  1.99E-16  7.90E-17  3.09E-17  8.74E-18  3.30E-18
    18       5.63E-12  3.90E-12  2.32E-12  1.51E-12  9.41E-13  4.58E-13  2.47E-13  1.25E-13  4.67E-14  2.11E-14
             9.22E-15  2.96E-15  1.23E-15  5.00E-16  1.50E-16  5.92E-17  2.31E-17  6.52E-18  2.45E-18
    19       5.11E-12  3.52E-12  2.08E-12  1.34E-12  8.19E-13  3.89E-13  2.06E-13  1.02E-13  3.77E-14  1.68E-14
             7.29E-15  2.32E-15  9.55E-16  3.88E-16  1.16E-16  4.56E-17  1.78E-17  5.00E-18  1.89E-18
    20       4.45E-12  3.05E-12  1.78E-12  1.12E-12  6.73E-13  3.10E-13  1.60E-13  7.82E-14  2.81E-14  1.24E-14
             5.30E-15  1.67E-15  6.82E-16  2.75E-16  8.16E-17  3.21E-17  1.25E-17  3.49E-18  1.32E-18
    21       3.80E-12  2.58E-12  1.47E-12  9.10E-13  5.30E-13  2.36E-13  1.19E-13  5.66E-14  1.98E-14  8.62E-15
             3.65E-15  1.13E-15  4.60E-16  1.85E-16  5.44E-17  2.13E-17  8.24E-18  2.31E-18  8.66E-19
    22       3.09E-12  2.07E-12  1.14E-12  6.85E-13  3.85E-13  1.63E-13  7.98E-14  3.71E-14  1.26E-14  5.41E-15
             2.26E-15  6.92E-16  2.79E-16  1.11E-16  3.24E-17  1.26E-17  4.87E-18  1.36E-18  5.09E-19
    23       2.74E-12  1.81E-12  9.79E-13  5.76E-13  3.18E-13  1.31E-13  6.31E-14  2.89E-14  9.72E-15  4.12E-15
             1.71E-15  5.20E-16  2.08E-16  8.27E-17  2.41E-17  9.36E-18  3.60E-18  1.00E-18  3.75E-19
    24       2.32E-12  1.51E-12  7.94E-13  4.55E-13  2.44E-13  9.77E-14  4.59E-14  2.07E-14  6.83E-15  2.86E-15
             1.18E-15  3.55E-16  1.42E-16  5.59E-17  1.62E-17  6.28E-18  2.41E-18  6.69E-19  2.50E-19
    25       2.10E-12  1.35E-12  6.97E-13  3.93E-13  2.08E-13  8.15E-14  3.79E-14  1.69E-14  5.52E-15  2.30E-15
             9.42E-16  2.83E-16  1.12E-16  4.43E-17  1.28E-17  4.95E-18  1.90E-18  5.26E-19  1.96E-19
    26       1.82E-12  1.15E-12  5.80E-13  3.20E-13  1.65E-13  6.34E-14  2.90E-14  1.28E-14  4.13E-15  1.71E-15
             6.95E-16  2.07E-16  8.21E-17  3.23E-17  9.28E-18  3.59E-18  1.37E-18  3.79E-19  1.41E-19
    27       1.60E-12  9.98E-13  4.89E-13  2.64E-13  1.34E-13  5.04E-14  2.28E-14  9.94E-15  3.18E-15  1.31E-15
             5.29E-16  1.57E-16  6.19E-17  2.43E-17  6.96E-18  2.68E-18  1.02E-18  2.83E-19  1.05E-19
    28       1.33E-12  8.15E-13  3.86E-13  2.04E-13  1.01E-13  3.70E-14  1.64E-14  7.08E-15  2.23E-15  9.12E-16
             3.67E-16  1.08E-16  4.25E-17  1.66E-17  4.74E-18  1.82E-18  6.95E-19  1.91E-19  7.11E-20
    29       1.09E-12  6.50E-13  2.97E-13  1.52E-13  7.39E-14  2.64E-14  1.16E-14  4.92E-15  1.53E-15  6.21E-16
             2.48E-16  7.27E-17  2.85E-17  1.11E-17  3.15E-18  1.21E-18  4.60E-19  1.27E-19  4.71E-20
    30       8.03E-13  4.60E-13  2.00E-13  9.89E-14  4.65E-14  1.60E-14  6.89E-15  2.88E-15  8.84E-16  3.55E-16
             1.41E-16  4.09E-17  1.59E-17  6.17E-18  1.75E-18  6.68E-19  2.54E-19  6.95E-20  2.58E-20
    31       6.47E-13  3.61E-13  1.51E-13  7.33E-14  3.38E-14  1.14E-14  4.86E-15  2.01E-15  6.12E-16  2.44E-16
             9.64E-17  2.79E-17  1.08E-17  4.18E-18  1.18E-18  4.50E-19  1.71E-19  4.66E-20  1.73E-20
    32       4.68E-13  2.52E-13  1.01E-13  4.75E-14  2.14E-14  7.05E-15  2.95E-15  1.21E-15  3.63E-16  1.44E-16
             5.64E-17  1.62E-17  6.26E-18  2.41E-18  6.78E-19  2.58E-19  9.75E-20  2.66E-20  9.83E-21
    33       3.64E-13  1.90E-13  7.39E-14  3.41E-14  1.51E-14  4.89E-15  2.03E-15  8.26E-16  2.46E-16  9.69E-17
             3.79E-17  1.08E-17  4.17E-18  1.60E-18  4.49E-19  1.71E-19  6.44E-20  1.75E-20  6.47E-21
    34       2.47E-13  1.25E-13  4.63E-14  2.08E-14  9.04E-15  2.87E-15  1.18E-15  4.73E-16  1.39E-16  5.46E-17
             2.12E-17  6.03E-18  2.31E-18  8.86E-19  2.47E-19  9.38E-20  3.53E-20  9.60E-21  3.55E-21
    35       1.81E-13  8.88E-14  3.21E-14  1.42E-14  6.06E-15  1.90E-15  7.70E-16  3.08E-16  9.00E-17  3.51E-17
             1.36E-17  3.85E-18  1.47E-18  5.62E-19  1.57E-19  5.93E-20  2.23E-20  6.05E-21  2.23E-21
    36       1.10E-13  5.21E-14  1.81E-14  7.80E-15  3.27E-15  1.01E-15  4.04E-16  1.60E-16  4.63E-17  1.79E-17
             6.91E-18  1.94E-18  7.42E-19  2.82E-19  7.83E-20  2.96E-20  1.11E-20  3.00E-21  1.10E-21
    37       7.79E-14  3.61E-14  1.22E-14  5.20E-15  2.16E-15  6.55E-16  2.61E-16  1.03E-16  2.96E-17  1.15E-17
             4.40E-18  1.23E-18  4.69E-19  1.78E-19  4.93E-20  1.86E-20  6.96E-21  1.88E-21  6.90E-22
    38       4.56E-14  2.05E-14  6.73E-15  2.81E-15  1.15E-15  3.44E-16  1.36E-16  5.32E-17  1.52E-17  5.84E-18
             2.23E-18  6.23E-19  2.36E-19  8.95E-20  2.47E-20  9.28E-21  3.47E-21  9.37E-22  3.44E-22
    39       3.07E-14  1.35E-14  4.36E-15  1.80E-15  7.30E-16  2.16E-16  8.51E-17  3.31E-17  9.41E-18  3.61E-18
             1.38E-18  3.83E-19  1.45E-19  5.47E-20  1.51E-20  5.66E-21  2.11E-21  5.69E-22  2.09E-22
    40       1.62E-14  6.95E-15  2.19E-15  8.91E-16  3.57E-16  1.04E-16  4.08E-17  1.58E-17  4.45E-18  1.70E-18
             6.45E-19  1.79E-19  6.75E-20  2.54E-20  6.98E-21  2.61E-21  9.74E-22  2.62E-22  9.58E-23
    41       1.12E-14  4.77E-15  1.49E-15  6.01E-16  2.40E-16  6.98E-17  2.71E-17  1.05E-17  2.94E-18  1.12E-18
             4.25E-19  1.17E-19  4.43E-20  1.67E-20  4.57E-21  1.71E-21  6.37E-22  1.71E-22  6.25E-23
    42       6.57E-15  2.76E-15  8.49E-16  3.41E-16  1.35E-16  3.91E-17  1.51E-17  5.82E-18  1.63E-18  6.19E-19
             2.34E-19  6.46E-20  2.43E-20  9.14E-21  2.50E-21  9.34E-22  3.48E-22  9.32E-23  3.42E-23



    T(K)     ALFT( 1)  ALFT( 2)  ALFT( 3)  ALFT( 4)  ALFT( 5)  ALFT( 6)  ALFT( 7)  ALFT( 8)  ALFT( 9)  ALFT(10)
    ----     --------  --------  --------  --------  --------  --------  --------  --------  --------  --------
  3.24E+03   5.41E-10
  6.48E+03   3.58E-10
  1.62E+04   2.04E-10
  3.24E+04   1.33E-10
  6.48E+04   8.32E-11
  1.62E+05   4.45E-11
  3.24E+05   2.74E-11
  6.48E+05   1.67E-11
  1.62E+06   8.36E-12
  3.24E+06   4.82E-12
  6.48E+06   2.69E-12
  1.62E+07   1.17E-12
  3.24E+07   5.96E-13
  6.48E+07   2.91E-13
  1.62E+08   1.06E-13
  3.24E+08   4.68E-14
  6.48E+08   2.00E-14
  1.62E+09   6.15E-15
  3.24E+09   2.43E-15
C--------------------------------------------------------------------------------------------------------------
C
C                                                                            
C
C NAME:
C DATE:   /  /  
C
C--------------------------------------------------------------------------------------------------------------
