SEQ='NA'     NUCCHG=20                                                  /LS/

   PARENT TERM INDEXING                 BWNP= 140541089.1   NPRNTI= 1   NPRNTF= 1
   --------------------
   INDP         CODE                 S L   WI        WNP
   ----         ----                 - -   --  ----------
     1                              (1)0( 0.0)        0.0 

   LS RESOLVED TERM INDEXING            BWNR= 142238470.1   NTRM=  33
   -------------------------
   INDX  INDP   CODE                 S L   WJ        WNR
   ----  ----   ----                 - -   --  ----------
     1     1    3S1                 (2)0( 0.5)        0.0 
     2     1    3P1                 (2)1( 2.5)   172581.1 
     3     1    3D1                 (2)2( 4.5)   415712.4 
     4     1    4S1                 (2)0( 0.5)   828989.1 
     5     1    4P1                 (2)1( 2.5)   895019.5 
     6     1    4D1                 (2)2( 4.5)   982189.9 
     7     1    4F1                 (2)3( 6.5)  1010250.9 
     8     1    5S1                 (2)0( 0.5)  1169446.7 
     9     1    5P1                 (2)1( 2.5)  1201401.0 
    10     1    5D1                 (2)2( 4.5)  1242960.5 
    11     1    5G1                 (2)4( 8.5)  1256771.7 
    12     1    5F1                 (2)3( 6.5)  1257475.9 
    13     1    6S1                 (2)0( 0.5)  1342562.8 
    14     1    6P1                 (2)1( 2.5)  1360385.0 
    15     1    6D1                 (2)2( 4.5)  1383494.3 
    16     1    6G1                 (2)4( 8.5)  1391594.9 
    17     1    6F1                 (2)3( 6.5)  1391907.4 
    18     1    6H1                 (2)5(10.5)  1392060.2 
    19     1    7S1                 (2)0( 0.5)  1442567.0 
    20     1    7P1                 (2)1( 2.5)  1453501.1 
    21     1    7D1                 (2)2( 4.5)  1467688.3 
    22     1    7G1                 (2)4( 8.5)  1472822.8 
    23     1    7F1                 (2)3( 6.5)  1472983.8 
    24     1    7H1                 (2)5(10.5)  1473115.7 
    25     1    7I1                 (2)6(12.5)  1473246.4 
    26     1    8S1                 (2)0( 0.5)  1505537.4 
    27     1    8P1                 (2)1( 2.5)  1512721.2 
    28     1    8D1                 (2)2( 4.5)  1522059.8 
    29     1    8G1                 (2)4( 8.5)  1525511.6 
    30     1    8F1                 (2)3( 6.5)  1525604.0 
    31     1    8H1                 (2)5(10.5)  1525707.7 
    32     1    8I1                 (2)6(12.5)  1525795.2 
    33     1    8J1                 (2)7(14.5)  1525840.0 

   N-SHELL INDEXING                                     NREP= 42
   ----------------
   IREP    N
   -----   -
     1     1
     2     2
     3     3
     4     4
     5     5
     6     6
     7     7
     8     8
     9     9
    10    10
    11    11
    12    12
    13    13
    14    14
    15    15
    16    16
    17    18
    18    20
    19    22
    20    25
    21    29
    22    35
    23    39
    24    45
    25    49
    26    55
    27    61
    28    70
    29    81
    30   100
    31   115
    32   140
    33   162
    34   200
    35   235
    36   300
    37   353
    38   450
    39   535
    40   700
    41   811
    42   999



 --------------------------------
 PRTI= 1  TRMPRT= (1S)  SPNPRT= 1

   INDX TE=  1.00E+03  2.00E+03  5.00E+03  1.00E+04  2.00E+04  5.00E+04  1.00E+05  2.00E+05  5.00E+05  1.00E+06
   ---- ---  2.00E+06  5.00E+06  1.00E+07  2.00E+07  5.00E+07  1.00E+08  2.00E+08  5.00E+08  1.00E+09
     1       2.68E-12  1.90E-12  1.20E-12  8.49E-13  6.01E-13  3.81E-13  2.71E-13  1.94E-13  1.26E-13  9.13E-14
             6.68E-14  4.40E-14  3.13E-14  2.13E-14  1.16E-14  6.64E-15  3.52E-15  1.35E-15  6.08E-16
     2       1.10E-11  7.81E-12  4.94E-12  3.49E-12  2.47E-12  1.57E-12  1.11E-12  7.91E-13  5.03E-13  3.54E-13
             2.41E-13  1.34E-13  7.85E-14  4.21E-14  1.60E-14  7.05E-15  2.90E-15  8.31E-16  3.11E-16
     3       1.29E-11  9.13E-12  5.76E-12  4.06E-12  2.85E-12  1.77E-12  1.21E-12  8.10E-13  4.45E-13  2.63E-13
             1.43E-13  5.67E-14  2.56E-14  1.08E-14  3.15E-15  1.19E-15  4.35E-16  1.13E-16  4.03E-17
     4       1.01E-12  7.14E-13  4.52E-13  3.20E-13  2.27E-13  1.44E-13  1.03E-13  7.37E-14  4.80E-14  3.50E-14
             2.56E-14  1.67E-14  1.18E-14  7.98E-15  4.31E-15  2.47E-15  1.30E-15  5.01E-16  2.25E-16
     5       3.94E-12  2.79E-12  1.76E-12  1.25E-12  8.85E-13  5.64E-13  4.02E-13  2.89E-13  1.87E-13  1.33E-13
             9.19E-14  5.16E-14  3.04E-14  1.63E-14  6.24E-15  2.74E-15  1.13E-15  3.24E-16  1.21E-16
     6       7.54E-12  5.33E-12  3.36E-12  2.37E-12  1.66E-12  1.03E-12  7.10E-13  4.76E-13  2.62E-13  1.55E-13
             8.51E-14  3.37E-14  1.52E-14  6.41E-15  1.87E-15  7.06E-16  2.59E-16  6.72E-17  2.40E-17
     7       4.43E-12  3.13E-12  1.97E-12  1.38E-12  9.59E-13  5.79E-13  3.81E-13  2.38E-13  1.14E-13  5.85E-14
             2.73E-14  8.77E-15  3.45E-15  1.30E-15  3.44E-16  1.24E-16  4.41E-17  1.12E-17  3.98E-18
     8       5.01E-13  3.54E-13  2.24E-13  1.59E-13  1.13E-13  7.17E-14  5.12E-14  3.68E-14  2.40E-14  1.74E-14
             1.26E-14  8.16E-15  5.72E-15  3.84E-15  2.06E-15  1.18E-15  6.24E-16  2.39E-16  1.07E-16
     9       1.90E-12  1.34E-12  8.48E-13  6.01E-13  4.26E-13  2.72E-13  1.95E-13  1.40E-13  9.16E-14  6.55E-14
             4.54E-14  2.55E-14  1.50E-14  8.04E-15  3.07E-15  1.35E-15  5.57E-16  1.60E-16  5.97E-17
    10       4.39E-12  3.10E-12  1.96E-12  1.38E-12  9.71E-13  6.03E-13  4.15E-13  2.78E-13  1.53E-13  9.09E-14
             4.98E-14  1.97E-14  8.89E-15  3.74E-15  1.09E-15  4.12E-16  1.51E-16  3.92E-17  1.40E-17
    11       2.08E-12  1.46E-12  9.17E-13  6.38E-13  4.38E-13  2.55E-13  1.59E-13  9.26E-14  3.90E-14  1.80E-14
             7.64E-15  2.22E-15  8.26E-16  3.01E-16  7.75E-17  2.76E-17  9.78E-18  2.48E-18  8.77E-19
    12       3.91E-12  2.76E-12  1.74E-12  1.22E-12  8.46E-13  5.11E-13  3.36E-13  2.10E-13  1.00E-13  5.16E-14
             2.41E-14  7.72E-15  3.04E-15  1.14E-15  3.03E-16  1.09E-16  3.88E-17  9.86E-18  3.49E-18
    13       2.89E-13  2.05E-13  1.30E-13  9.17E-14  6.50E-14  4.14E-14  2.96E-14  2.13E-14  1.38E-14  9.98E-15
             7.19E-15  4.60E-15  3.20E-15  2.14E-15  1.15E-15  6.55E-16  3.46E-16  1.33E-16  5.95E-17
    14       1.07E-12  7.58E-13  4.80E-13  3.40E-13  2.42E-13  1.54E-13  1.11E-13  8.00E-14  5.22E-14  3.74E-14
             2.58E-14  1.45E-14  8.50E-15  4.56E-15  1.74E-15  7.65E-16  3.15E-16  9.03E-17  3.38E-17
    15       2.75E-12  1.94E-12  1.22E-12  8.63E-13  6.07E-13  3.77E-13  2.59E-13  1.74E-13  9.57E-14  5.66E-14
             3.09E-14  1.22E-14  5.50E-15  2.31E-15  6.76E-16  2.55E-16  9.34E-17  2.42E-17  8.64E-18
    16       2.37E-12  1.67E-12  1.04E-12  7.27E-13  4.99E-13  2.90E-13  1.82E-13  1.06E-13  4.44E-14  2.06E-14
             8.69E-15  2.52E-15  9.40E-16  3.42E-16  8.81E-17  3.13E-17  1.11E-17  2.82E-18  9.97E-19
    17       2.92E-12  2.06E-12  1.29E-12  9.08E-13  6.31E-13  3.81E-13  2.51E-13  1.57E-13  7.47E-14  3.83E-14
             1.78E-14  5.72E-15  2.25E-15  8.46E-16  2.24E-16  8.04E-17  2.87E-17  7.29E-18  2.58E-18
    18       1.02E-12  7.20E-13  4.48E-13  3.09E-13  2.08E-13  1.15E-13  6.83E-14  3.69E-14  1.39E-14  5.96E-15
             2.37E-15  6.53E-16  2.38E-16  8.55E-17  2.18E-17  7.75E-18  2.74E-18  6.95E-19  2.46E-19
    19       1.84E-13  1.30E-13  8.25E-14  5.85E-14  4.15E-14  2.64E-14  1.89E-14  1.35E-14  8.73E-15  6.27E-15
             4.48E-15  2.84E-15  1.97E-15  1.31E-15  7.01E-16  4.00E-16  2.11E-16  8.10E-17  3.63E-17
    20       6.75E-13  4.77E-13  3.02E-13  2.14E-13  1.52E-13  9.72E-14  6.97E-14  5.03E-14  3.28E-14  2.34E-14
             1.61E-14  9.01E-15  5.28E-15  2.83E-15  1.08E-15  4.74E-16  1.95E-16  5.59E-17  2.09E-17
    21       1.83E-12  1.29E-12  8.17E-13  5.76E-13  4.04E-13  2.51E-13  1.72E-13  1.15E-13  6.33E-14  3.74E-14
             2.04E-14  8.03E-15  3.61E-15  1.52E-15  4.43E-16  1.67E-16  6.12E-17  1.59E-17  5.66E-18
    22       2.08E-12  1.47E-12  9.19E-13  6.40E-13  4.39E-13  2.55E-13  1.60E-13  9.27E-14  3.90E-14  1.80E-14
             7.62E-15  2.21E-15  8.23E-16  2.99E-16  7.71E-17  2.74E-17  9.73E-18  2.47E-18  8.73E-19
    23       2.14E-12  1.51E-12  9.49E-13  6.65E-13  4.63E-13  2.79E-13  1.83E-13  1.14E-13  5.44E-14  2.79E-14
             1.30E-14  4.15E-15  1.63E-15  6.13E-16  1.62E-16  5.82E-17  2.08E-17  5.28E-18  1.87E-18
    24       1.43E-12  1.01E-12  6.28E-13  4.33E-13  2.91E-13  1.62E-13  9.58E-14  5.17E-14  1.95E-14  8.35E-15
             3.32E-15  9.14E-16  3.33E-16  1.20E-16  3.06E-17  1.08E-17  3.84E-18  9.73E-19  3.44E-19
    25       5.11E-13  3.58E-13  2.21E-13  1.50E-13  9.90E-14  5.21E-14  2.91E-14  1.46E-14  5.03E-15  2.04E-15
             7.81E-16  2.08E-16  7.50E-17  2.68E-17  6.81E-18  2.41E-18  8.54E-19  2.16E-19  7.65E-20
    26       1.26E-13  8.90E-14  5.63E-14  3.99E-14  2.83E-14  1.80E-14  1.28E-14  9.17E-15  5.88E-15  4.20E-15
             2.99E-15  1.88E-15  1.30E-15  8.63E-16  4.60E-16  2.62E-16  1.38E-16  5.29E-17  2.37E-17
    27       4.57E-13  3.23E-13  2.04E-13  1.45E-13  1.03E-13  6.57E-14  4.71E-14  3.39E-14  2.20E-14  1.57E-14
             1.08E-14  5.99E-15  3.50E-15  1.87E-15  7.15E-16  3.14E-16  1.29E-16  3.70E-17  1.38E-17
    28       1.29E-12  9.09E-13  5.73E-13  4.04E-13  2.84E-13  1.76E-13  1.20E-13  8.03E-14  4.40E-14  2.59E-14
             1.41E-14  5.54E-15  2.49E-15  1.04E-15  3.05E-16  1.15E-16  4.21E-17  1.09E-17  3.89E-18
    29       1.71E-12  1.20E-12  7.53E-13  5.24E-13  3.60E-13  2.09E-13  1.31E-13  7.58E-14  3.19E-14  1.47E-14
             6.21E-15  1.80E-15  6.71E-16  2.44E-16  6.28E-17  2.24E-17  7.93E-18  2.01E-18  7.11E-19
    30       1.59E-12  1.12E-12  7.06E-13  4.95E-13  3.44E-13  2.07E-13  1.36E-13  8.46E-14  4.01E-14  2.05E-14
             9.52E-15  3.04E-15  1.19E-15  4.49E-16  1.19E-16  4.26E-17  1.52E-17  3.86E-18  1.37E-18
    31       1.45E-12  1.02E-12  6.37E-13  4.39E-13  2.96E-13  1.64E-13  9.71E-14  5.23E-14  1.97E-14  8.45E-15
             3.37E-15  9.25E-16  3.37E-16  1.21E-16  3.09E-17  1.10E-17  3.89E-18  9.84E-19  3.48E-19
    32       8.52E-13  5.97E-13  3.69E-13  2.51E-13  1.65E-13  8.68E-14  4.84E-14  2.43E-14  8.38E-15  3.40E-15
             1.30E-15  3.47E-16  1.25E-16  4.46E-17  1.13E-17  4.02E-18  1.42E-18  3.60E-19  1.27E-19
    33       2.58E-13  1.80E-13  1.10E-13  7.36E-14  4.71E-14  2.33E-14  1.23E-14  5.79E-15  1.86E-15  7.24E-16
             2.70E-16  7.09E-17  2.54E-17  9.02E-18  2.29E-18  8.11E-19  2.87E-19  7.26E-20  2.57E-20


 -----------------------------------------
 PRTF= 1  TRMPRT= (1S)  SPNPRT= 1  NSYS= 1
                                                                                              -----------------
                                                                                              SYS= 1  SPNSYS= 2
   IREP
   ----
     3       2.66E-11  1.88E-11  1.19E-11  8.40E-12  5.92E-12  3.72E-12  2.60E-12  1.79E-12  1.07E-12  7.08E-13
             4.51E-13  2.34E-13  1.35E-13  7.39E-14  3.06E-14  1.48E-14  6.82E-15  2.29E-15  9.55E-16
     4       1.69E-11  1.20E-11  7.55E-12  5.32E-12  3.74E-12  2.32E-12  1.60E-12  1.08E-12  6.11E-13  3.82E-13
             2.30E-13  1.10E-13  6.06E-14  3.19E-14  1.27E-14  6.01E-15  2.72E-15  8.99E-16  3.72E-16
     5       1.28E-11  9.02E-12  5.68E-12  4.00E-12  2.79E-12  1.71E-12  1.16E-12  7.58E-13  4.08E-13  2.43E-13
             1.39E-13  6.30E-14  3.33E-14  1.70E-14  6.57E-15  3.06E-15  1.37E-15  4.48E-16  1.85E-16
     6       1.04E-11  7.35E-12  4.62E-12  3.24E-12  2.25E-12  1.36E-12  9.01E-13  5.74E-13  2.95E-13  1.69E-13
             9.27E-14  4.00E-14  2.05E-14  1.02E-14  3.87E-15  1.78E-15  7.90E-16  2.56E-16  1.05E-16
     7       8.85E-12  6.24E-12  3.92E-12  2.74E-12  1.89E-12  1.12E-12  7.29E-13  4.53E-13  2.23E-13  1.23E-13
             6.55E-14  2.72E-14  1.36E-14  6.67E-15  2.48E-15  1.13E-15  4.99E-16  1.61E-16  6.56E-17
     8       7.73E-12  5.45E-12  3.41E-12  2.37E-12  1.63E-12  9.50E-13  6.05E-13  3.67E-13  1.74E-13  9.34E-14
             4.83E-14  1.95E-14  9.57E-15  4.61E-15  1.69E-15  7.65E-16  3.35E-16  1.07E-16  4.38E-17
     9       6.87E-12  4.83E-12  3.02E-12  2.09E-12  1.42E-12  8.17E-13  5.11E-13  3.03E-13  1.39E-13  7.29E-14
             3.69E-14  1.45E-14  7.00E-15  3.33E-15  1.21E-15  5.43E-16  2.37E-16  7.55E-17  3.07E-17
    10       6.19E-12  4.35E-12  2.71E-12  1.87E-12  1.26E-12  7.12E-13  4.37E-13  2.54E-13  1.13E-13  5.81E-14
             2.89E-14  1.11E-14  5.29E-15  2.49E-15  8.94E-16  4.00E-16  1.74E-16  5.52E-17  2.24E-17
    11       5.63E-12  3.95E-12  2.45E-12  1.68E-12  1.13E-12  6.26E-13  3.78E-13  2.15E-13  9.36E-14  4.72E-14
             2.31E-14  8.70E-15  4.11E-15  1.92E-15  6.82E-16  3.03E-16  1.31E-16  4.15E-17  1.68E-17
    12       5.16E-12  3.62E-12  2.24E-12  1.53E-12  1.02E-12  5.55E-13  3.30E-13  1.84E-13  7.85E-14  3.90E-14
             1.88E-14  6.97E-15  3.26E-15  1.51E-15  5.32E-16  2.36E-16  1.02E-16  3.21E-17  1.30E-17
    13       4.77E-12  3.34E-12  2.06E-12  1.40E-12  9.20E-13  4.95E-13  2.90E-13  1.60E-13  6.65E-14  3.26E-14
             1.55E-14  5.68E-15  2.63E-15  1.21E-15  4.24E-16  1.87E-16  8.05E-17  2.53E-17  1.02E-17
    14       4.43E-12  3.10E-12  1.90E-12  1.28E-12  8.38E-13  4.44E-13  2.56E-13  1.39E-13  5.69E-14  2.75E-14
             1.30E-14  4.69E-15  2.16E-15  9.87E-16  3.44E-16  1.51E-16  6.48E-17  2.04E-17  8.21E-18
    15       4.16E-12  2.90E-12  1.77E-12  1.19E-12  7.70E-13  4.02E-13  2.29E-13  1.23E-13  4.93E-14  2.36E-14
             1.10E-14  3.94E-15  1.80E-15  8.17E-16  2.83E-16  1.24E-16  5.30E-17  1.66E-17  6.67E-18
    16       3.90E-12  2.72E-12  1.66E-12  1.10E-12  7.10E-13  3.64E-13  2.05E-13  1.08E-13  4.29E-14  2.03E-14
             9.39E-15  3.33E-15  1.51E-15  6.83E-16  2.35E-16  1.03E-16  4.39E-17  1.37E-17  5.51E-18
    17       3.46E-12  2.40E-12  1.45E-12  9.55E-13  6.03E-13  3.01E-13  1.66E-13  8.56E-14  3.30E-14  1.54E-14
             7.01E-15  2.44E-15  1.10E-15  4.93E-16  1.68E-16  7.32E-17  3.12E-17  9.69E-18  3.86E-18
    18       3.11E-12  2.15E-12  1.28E-12  8.37E-13  5.20E-13  2.53E-13  1.36E-13  6.92E-14  2.61E-14  1.20E-14
             5.40E-15  1.86E-15  8.27E-16  3.68E-16  1.25E-16  5.41E-17  2.29E-17  7.11E-18  2.82E-18
    19       2.82E-12  1.95E-12  1.15E-12  7.40E-13  4.52E-13  2.15E-13  1.14E-13  5.68E-14  2.10E-14  9.55E-15
             4.25E-15  1.45E-15  6.39E-16  2.83E-16  9.53E-17  4.11E-17  1.74E-17  5.38E-18  2.15E-18
    20       2.46E-12  1.69E-12  9.82E-13  6.22E-13  3.72E-13  1.71E-13  8.85E-14  4.33E-14  1.57E-14  7.00E-15
             3.08E-15  1.03E-15  4.52E-16  1.98E-16  6.63E-17  2.85E-17  1.20E-17  3.70E-18  1.48E-18
    21       2.11E-12  1.43E-12  8.13E-13  5.03E-13  2.93E-13  1.30E-13  6.56E-14  3.13E-14  1.11E-14  4.86E-15
             2.11E-15  6.96E-16  3.02E-16  1.31E-16  4.35E-17  1.86E-17  7.81E-18  2.40E-18  9.53E-19
    22       1.71E-12  1.15E-12  6.32E-13  3.79E-13  2.13E-13  9.04E-14  4.41E-14  2.05E-14  7.04E-15  3.04E-15
             1.30E-15  4.21E-16  1.81E-16  7.79E-17  2.55E-17  1.08E-17  4.53E-18  1.38E-18  5.49E-19
    23       1.52E-12  1.00E-12  5.42E-13  3.19E-13  1.76E-13  7.26E-14  3.49E-14  1.60E-14  5.40E-15  2.31E-15
             9.81E-16  3.15E-16  1.34E-16  5.76E-17  1.87E-17  7.94E-18  3.31E-18  1.01E-18  3.99E-19
    24       1.29E-12  8.37E-13  4.40E-13  2.52E-13  1.35E-13  5.40E-14  2.54E-14  1.14E-14  3.80E-15  1.61E-15
             6.75E-16  2.14E-16  9.07E-17  3.86E-17  1.25E-17  5.26E-18  2.19E-18  6.64E-19  2.62E-19
    25       1.16E-12  7.49E-13  3.86E-13  2.18E-13  1.15E-13  4.51E-14  2.09E-14  9.34E-15  3.07E-15  1.29E-15
             5.39E-16  1.70E-16  7.17E-17  3.04E-17  9.80E-18  4.12E-18  1.71E-18  5.18E-19  2.04E-19
    26       1.01E-12  6.40E-13  3.21E-13  1.77E-13  9.16E-14  3.51E-14  1.61E-14  7.08E-15  2.29E-15  9.58E-16
             3.97E-16  1.24E-16  5.21E-17  2.20E-17  7.05E-18  2.96E-18  1.22E-18  3.70E-19  1.45E-19
    27       8.87E-13  5.53E-13  2.71E-13  1.46E-13  7.44E-14  2.79E-14  1.26E-14  5.50E-15  1.76E-15  7.32E-16
             3.02E-16  9.38E-17  3.91E-17  1.65E-17  5.25E-18  2.20E-18  9.06E-19  2.73E-19  1.07E-19
    28       7.40E-13  4.52E-13  2.14E-13  1.13E-13  5.60E-14  2.05E-14  9.10E-15  3.92E-15  1.24E-15  5.11E-16
             2.09E-16  6.45E-17  2.67E-17  1.12E-17  3.55E-18  1.48E-18  6.08E-19  1.82E-19  7.14E-20
    29       6.06E-13  3.61E-13  1.65E-13  8.45E-14  4.10E-14  1.46E-14  6.40E-15  2.72E-15  8.50E-16  3.47E-16
             1.41E-16  4.32E-17  1.78E-17  7.42E-18  2.34E-18  9.71E-19  3.99E-19  1.20E-19  4.70E-20
    30       4.46E-13  2.55E-13  1.11E-13  5.48E-14  2.58E-14  8.88E-15  3.81E-15  1.60E-15  4.91E-16  1.98E-16
             8.00E-17  2.42E-17  9.91E-18  4.10E-18  1.28E-18  5.29E-19  2.16E-19  6.47E-20  2.53E-20
    31       3.59E-13  2.00E-13  8.40E-14  4.06E-14  1.87E-14  6.33E-15  2.69E-15  1.12E-15  3.40E-16  1.36E-16
             5.47E-17  1.65E-17  6.70E-18  2.76E-18  8.59E-19  3.54E-19  1.44E-19  4.30E-20  1.68E-20
    32       2.60E-13  1.40E-13  5.60E-14  2.63E-14  1.18E-14  3.91E-15  1.63E-15  6.70E-16  2.01E-16  8.03E-17
             3.20E-17  9.54E-18  3.86E-18  1.58E-18  4.89E-19  2.01E-19  8.16E-20  2.42E-20  9.41E-21
    33       2.02E-13  1.06E-13  4.10E-14  1.89E-14  8.37E-15  2.71E-15  1.12E-15  4.57E-16  1.36E-16  5.41E-17
             2.14E-17  6.36E-18  2.56E-18  1.05E-18  3.22E-19  1.32E-19  5.34E-20  1.58E-20  6.11E-21
    34       1.37E-13  6.91E-14  2.57E-14  1.16E-14  5.01E-15  1.59E-15  6.51E-16  2.62E-16  7.73E-17  3.05E-17
             1.20E-17  3.53E-18  1.42E-18  5.75E-19  1.76E-19  7.17E-20  2.90E-20  8.57E-21  3.34E-21
    35       1.00E-13  4.93E-14  1.78E-14  7.86E-15  3.36E-15  1.05E-15  4.27E-16  1.71E-16  5.00E-17  1.96E-17
             7.69E-18  2.25E-18  9.00E-19  3.63E-19  1.11E-19  4.50E-20  1.82E-20  5.35E-21  2.08E-21
    36       6.12E-14  2.89E-14  1.00E-14  4.33E-15  1.82E-15  5.57E-16  2.24E-16  8.86E-17  2.57E-17  1.00E-17
             3.90E-18  1.13E-18  4.51E-19  1.81E-19  5.49E-20  2.22E-20  8.93E-21  2.62E-21  1.01E-21
    37       4.33E-14  2.00E-14  6.79E-15  2.89E-15  1.20E-15  3.63E-16  1.45E-16  5.71E-17  1.65E-17  6.39E-18
             2.48E-18  7.18E-19  2.85E-19  1.14E-19  3.44E-20  1.39E-20  5.56E-21  1.62E-21  6.24E-22
    38       2.53E-14  1.14E-14  3.74E-15  1.56E-15  6.38E-16  1.91E-16  7.54E-17  2.95E-17  8.43E-18  3.26E-18
             1.26E-18  3.62E-19  1.43E-19  5.69E-20  1.71E-20  6.87E-21  2.75E-21  8.03E-22  3.10E-22
    39       1.70E-14  7.50E-15  2.42E-15  1.00E-15  4.05E-16  1.20E-16  4.72E-17  1.84E-17  5.23E-18  2.01E-18
             7.75E-19  2.22E-19  8.73E-20  3.47E-20  1.04E-20  4.16E-21  1.66E-21  4.84E-22  1.86E-22
    40       8.97E-15  3.86E-15  1.21E-15  4.94E-16  1.98E-16  5.80E-17  2.26E-17  8.75E-18  2.47E-18  9.47E-19
             3.63E-19  1.04E-19  4.05E-20  1.60E-20  4.77E-21  1.91E-21  7.58E-22  2.19E-22  8.41E-23
    41       6.23E-15  2.65E-15  8.25E-16  3.34E-16  1.33E-16  3.87E-17  1.50E-17  5.80E-18  1.63E-18  6.25E-19
             2.39E-19  6.80E-20  2.66E-20  1.05E-20  3.11E-21  1.24E-21  4.93E-22  1.42E-22  5.43E-23
    42       3.65E-15  1.53E-15  4.71E-16  1.89E-16  7.50E-17  2.17E-17  8.39E-18  3.23E-18  9.05E-19  3.45E-19
             1.32E-19  3.74E-20  1.46E-20  5.74E-21  1.69E-21  6.75E-22  2.68E-22  7.75E-23  2.98E-23



    T(K)     ALFT( 1)  ALFT( 2)  ALFT( 3)  ALFT( 4)  ALFT( 5)  ALFT( 6)  ALFT( 7)  ALFT( 8)  ALFT( 9)  ALFT(10)
    ----     --------  --------  --------  --------  --------  --------  --------  --------  --------  --------
  1.00E+03   2.78E-10
  2.00E+03   1.83E-10
  5.00E+03   1.03E-10
  1.00E+04   6.71E-11
  2.00E+04   4.13E-11
  5.00E+04   2.17E-11
  1.00E+05   1.32E-11
  2.00E+05   7.89E-12
  5.00E+05   3.90E-12
  1.00E+06   2.25E-12
  2.00E+06   1.27E-12
  5.00E+06   5.83E-13
  1.00E+07   3.13E-13
  2.00E+07   1.63E-13
  5.00E+07   6.44E-14
  1.00E+08   3.04E-14
  2.00E+08   1.38E-14
  5.00E+08   4.54E-15
  1.00E+09   1.88E-15
C--------------------------------------------------------------------------------------------------------------
C
C                                                                            
C
C NAME:
C DATE:   /  /  
C
C--------------------------------------------------------------------------------------------------------------
