SEQ='H '     NUCCHG=20                                                  /IC/

   PARENT LEVEL INDEXING                BWNP=         0.0   NPRNTI= 1   NPRNTF= 1
   ---------------------
   INDP         CODE                 S L   WI        WNP
   ----         ----                 - -   --  ----------
     1                              (1)0( 0.0)        0.0 

   IC RESOLVED LEVEL INDEXING           BWNR=  43894960.0   NLVL=  64
   --------------------------
   INDX  INDP   CODE                 S L   WJ        WNR
   ----  ----   ----                 - -   --  ----------
     1     1    1S1                 (1)*( 0.5)        0.0 
     2     1    2S1                 (1)*( 0.5) 32921220.0 
     3     1    2P1                 (1)*( 0.5) 32921220.0 
     4     1    2P1                 (1)*( 1.5) 32921220.0 
     5     1    3S1                 (1)*( 0.5) 39017742.2 
     6     1    3P1                 (1)*( 0.5) 39017742.2 
     7     1    3P1                 (1)*( 1.5) 39017742.2 
     8     1    3D1                 (1)*( 1.5) 39017742.2 
     9     1    3D1                 (1)*( 2.5) 39017742.2 
    10     1    4S1                 (1)*( 0.5) 41151525.0 
    11     1    4P1                 (1)*( 0.5) 41151525.0 
    12     1    4P1                 (1)*( 1.5) 41151525.0 
    13     1    4D1                 (1)*( 1.5) 41151525.0 
    14     1    4D1                 (1)*( 2.5) 41151525.0 
    15     1    4F1                 (1)*( 2.5) 41151525.0 
    16     1    4F1                 (1)*( 3.5) 41151525.0 
    17     1    5S1                 (1)*( 0.5) 42139161.6 
    18     1    5P1                 (1)*( 0.5) 42139161.6 
    19     1    5P1                 (1)*( 1.5) 42139161.6 
    20     1    5D1                 (1)*( 1.5) 42139161.6 
    21     1    5D1                 (1)*( 2.5) 42139161.6 
    22     1    5F1                 (1)*( 2.5) 42139161.6 
    23     1    5F1                 (1)*( 3.5) 42139161.6 
    24     1    5G1                 (1)*( 3.5) 42139161.6 
    25     1    5G1                 (1)*( 4.5) 42139161.6 
    26     1    6S1                 (1)*( 0.5) 42675655.6 
    27     1    6P1                 (1)*( 0.5) 42675655.6 
    28     1    6P1                 (1)*( 1.5) 42675655.6 
    29     1    6D1                 (1)*( 1.5) 42675655.6 
    30     1    6D1                 (1)*( 2.5) 42675655.6 
    31     1    6F1                 (1)*( 2.5) 42675655.6 
    32     1    6F1                 (1)*( 3.5) 42675655.6 
    33     1    6G1                 (1)*( 3.5) 42675655.6 
    34     1    6G1                 (1)*( 4.5) 42675655.6 
    35     1    6H1                 (1)*( 4.5) 42675655.6 
    36     1    6H1                 (1)*( 5.5) 42675655.6 
    37     1    7S1                 (1)*( 0.5) 42999144.5 
    38     1    7P1                 (1)*( 0.5) 42999144.5 
    39     1    7P1                 (1)*( 1.5) 42999144.5 
    40     1    7D1                 (1)*( 1.5) 42999144.5 
    41     1    7D1                 (1)*( 2.5) 42999144.5 
    42     1    7F1                 (1)*( 2.5) 42999144.5 
    43     1    7F1                 (1)*( 3.5) 42999144.5 
    44     1    7G1                 (1)*( 3.5) 42999144.5 
    45     1    7G1                 (1)*( 4.5) 42999144.5 
    46     1    7H1                 (1)*( 4.5) 42999144.5 
    47     1    7H1                 (1)*( 5.5) 42999144.5 
    48     1    7I1                 (1)*( 5.5) 42999144.5 
    49     1    7I1                 (1)*( 6.5) 42999144.5 
    50     1    8S1                 (1)*( 0.5) 43209101.3 
    51     1    8P1                 (1)*( 0.5) 43209101.3 
    52     1    8P1                 (1)*( 1.5) 43209101.3 
    53     1    8D1                 (1)*( 1.5) 43209101.3 
    54     1    8D1                 (1)*( 2.5) 43209101.3 
    55     1    8F1                 (1)*( 2.5) 43209101.3 
    56     1    8F1                 (1)*( 3.5) 43209101.3 
    57     1    8G1                 (1)*( 3.5) 43209101.3 
    58     1    8G1                 (1)*( 4.5) 43209101.3 
    59     1    8H1                 (1)*( 4.5) 43209101.3 
    60     1    8H1                 (1)*( 5.5) 43209101.3 
    61     1    8I1                 (1)*( 5.5) 43209101.3 
    62     1    8I1                 (1)*( 6.5) 43209101.3 
    63     1    8J1                 (1)*( 6.5) 43209101.3 
    64     1    8J1                 (1)*( 7.5) 43209101.3 

   NL-SHELL INDEXING                     NLREP= 55
   -----------------
   ILREP   N   L
   -----   -   -
     1     1   0
     2     2   0
     3     2   1
     4     3   0
     5     3   1
     6     3   2
     7     4   0
     8     4   1
     9     4   2
    10     4   3
    11     5   0
    12     5   1
    13     5   2
    14     5   3
    15     5   4
    16     6   0
    17     6   1
    18     6   2
    19     6   3
    20     6   4
    21     6   5
    22     7   0
    23     7   1
    24     7   2
    25     7   3
    26     7   4
    27     7   5
    28     7   6
    29     8   0
    30     8   1
    31     8   2
    32     8   3
    33     8   4
    34     8   5
    35     8   6
    36     8   7
    37     9   0
    38     9   1
    39     9   2
    40     9   3
    41     9   4
    42     9   5
    43     9   6
    44     9   7
    45     9   8
    46    10   0
    47    10   1
    48    10   2
    49    10   3
    50    10   4
    51    10   5
    52    10   6
    53    10   7
    54    10   8
    55    10   9

   N-SHELL INDEXING                                     NREP= 42
   ----------------
   INREP   N
   -----   -
     1     1
     2     2
     3     3
     4     4
     5     5
     6     6
     7     7
     8     8
     9     9
    10    10
    11    11
    12    12
    13    13
    14    14
    15    15
    16    16
    17    18
    18    20
    19    22
    20    25
    21    29
    22    35
    23    39
    24    45
    25    49
    26    55
    27    61
    28    70
    29    81
    30   100
    31   115
    32   140
    33   162
    34   200
    35   235
    36   300
    37   353
    38   450
    39   535
    40   700
    41   811
    42   999



 --------------------------
 PRTI= 1  LVLPRT= (1S  0.0)

   INDX TE=  4.00E+03  8.00E+03  2.00E+04  4.00E+04  8.00E+04  2.00E+05  4.00E+05  8.00E+05  2.00E+06  4.00E+06
   ---- ---  8.00E+06  2.00E+07  4.00E+07  8.00E+07  2.00E+08  4.00E+08  8.00E+08  2.00E+09  4.00E+09
     1       1.04E-10  7.36E-11  4.66E-11  3.29E-11  2.33E-11  1.47E-11  1.04E-11  7.30E-12  4.56E-12  3.16E-12
             2.16E-12  1.24E-12  7.76E-13  4.56E-13  2.03E-13  1.01E-13  4.72E-14  1.58E-14  6.53E-15
     2       1.53E-11  1.08E-11  6.82E-12  4.82E-12  3.41E-12  2.16E-12  1.52E-12  1.07E-12  6.73E-13  4.68E-13
             3.20E-13  1.83E-13  1.13E-13  6.55E-14  2.85E-14  1.40E-14  6.43E-15  2.12E-15  8.72E-16
     3       1.40E-11  9.88E-12  6.25E-12  4.41E-12  3.11E-12  1.95E-12  1.36E-12  9.40E-13  5.56E-13  3.57E-13
             2.16E-13  9.92E-14  4.99E-14  2.31E-14  7.46E-15  2.97E-15  1.14E-15  3.05E-16  1.11E-16
     4       2.80E-11  1.98E-11  1.25E-11  8.82E-12  6.22E-12  3.90E-12  2.72E-12  1.88E-12  1.11E-12  7.14E-13
             4.32E-13  1.98E-13  9.97E-14  4.62E-14  1.49E-14  5.95E-15  2.27E-15  6.10E-16  2.21E-16
     5       5.14E-12  3.63E-12  2.30E-12  1.62E-12  1.15E-12  7.25E-13  5.12E-13  3.61E-13  2.26E-13  1.56E-13
             1.06E-13  5.95E-14  3.62E-14  2.07E-14  8.84E-15  4.30E-15  1.97E-15  6.46E-16  2.64E-16
     6       5.31E-12  3.75E-12  2.37E-12  1.67E-12  1.18E-12  7.42E-13  5.18E-13  3.58E-13  2.12E-13  1.36E-13
             8.21E-14  3.74E-14  1.87E-14  8.62E-15  2.77E-15  1.10E-15  4.20E-16  1.12E-16  4.07E-17
     7       1.06E-11  7.51E-12  4.74E-12  3.35E-12  2.36E-12  1.48E-12  1.04E-12  7.15E-13  4.23E-13  2.72E-13
             1.64E-13  7.49E-14  3.74E-14  1.72E-14  5.54E-15  2.20E-15  8.39E-16  2.25E-16  8.14E-17
     8       7.37E-12  5.21E-12  3.29E-12  2.31E-12  1.62E-12  1.00E-12  6.84E-13  4.52E-13  2.42E-13  1.39E-13
             7.27E-14  2.68E-14  1.15E-14  4.59E-15  1.27E-15  4.68E-16  1.69E-16  4.33E-17  1.54E-17
     9       1.11E-11  7.81E-12  4.93E-12  3.47E-12  2.43E-12  1.50E-12  1.03E-12  6.78E-13  3.63E-13  2.08E-13
             1.09E-13  4.02E-14  1.72E-14  6.88E-15  1.91E-15  7.02E-16  2.53E-16  6.49E-17  2.30E-17
    10       2.41E-12  1.70E-12  1.08E-12  7.61E-13  5.38E-13  3.40E-13  2.40E-13  1.68E-13  1.05E-13  7.17E-14
             4.80E-14  2.65E-14  1.60E-14  9.02E-15  3.82E-15  1.85E-15  8.44E-16  2.76E-16  1.13E-16
    11       2.54E-12  1.80E-12  1.14E-12  8.02E-13  5.66E-13  3.55E-13  2.48E-13  1.71E-13  1.01E-13  6.44E-14
             3.87E-14  1.75E-14  8.69E-15  3.98E-15  1.27E-15  5.05E-16  1.92E-16  5.15E-17  1.86E-17
    12       5.09E-12  3.60E-12  2.27E-12  1.60E-12  1.13E-12  7.10E-13  4.96E-13  3.42E-13  2.02E-13  1.29E-13
             7.73E-14  3.50E-14  1.74E-14  7.97E-15  2.55E-15  1.01E-15  3.85E-16  1.03E-16  3.72E-17
    13       4.61E-12  3.26E-12  2.06E-12  1.45E-12  1.02E-12  6.28E-13  4.28E-13  2.83E-13  1.52E-13  8.67E-14
             4.54E-14  1.67E-14  7.12E-15  2.85E-15  7.90E-16  2.90E-16  1.04E-16  2.68E-17  9.51E-18
    14       6.92E-12  4.89E-12  3.08E-12  2.17E-12  1.52E-12  9.42E-13  6.42E-13  4.25E-13  2.27E-13  1.30E-13
             6.80E-14  2.51E-14  1.07E-14  4.27E-15  1.18E-15  4.34E-16  1.57E-16  4.02E-17  1.43E-17
    15       3.69E-12  2.60E-12  1.64E-12  1.15E-12  7.97E-13  4.80E-13  3.15E-13  1.96E-13  9.31E-14  4.75E-14
             2.20E-14  6.98E-15  2.72E-15  1.02E-15  2.68E-16  9.61E-17  3.42E-17  8.69E-18  3.08E-18
    16       4.92E-12  3.47E-12  2.18E-12  1.53E-12  1.06E-12  6.40E-13  4.20E-13  2.62E-13  1.24E-13  6.33E-14
             2.93E-14  9.30E-15  3.63E-15  1.36E-15  3.57E-16  1.28E-16  4.56E-17  1.16E-17  4.10E-18
    17       1.35E-12  9.53E-13  6.02E-13  4.26E-13  3.01E-13  1.90E-13  1.33E-13  9.35E-14  5.75E-14  3.90E-14
             2.58E-14  1.41E-14  8.40E-15  4.71E-15  1.99E-15  9.58E-16  4.36E-16  1.42E-16  5.81E-17
    18       1.43E-12  1.01E-12  6.37E-13  4.50E-13  3.17E-13  1.99E-13  1.39E-13  9.54E-14  5.59E-14  3.55E-14
             2.12E-14  9.49E-15  4.69E-15  2.14E-15  6.83E-16  2.70E-16  1.03E-16  2.75E-17  9.94E-18
    19       2.85E-12  2.02E-12  1.27E-12  9.00E-13  6.35E-13  3.98E-13  2.77E-13  1.91E-13  1.12E-13  7.09E-14
             4.23E-14  1.90E-14  9.38E-15  4.28E-15  1.37E-15  5.40E-16  2.05E-16  5.50E-17  1.99E-17
    20       2.82E-12  2.00E-12  1.26E-12  8.87E-13  6.22E-13  3.84E-13  2.62E-13  1.73E-13  9.24E-14  5.27E-14
             2.75E-14  1.01E-14  4.29E-15  1.71E-15  4.75E-16  1.74E-16  6.28E-17  1.61E-17  5.71E-18
    21       4.24E-12  2.99E-12  1.89E-12  1.33E-12  9.33E-13  5.76E-13  3.93E-13  2.59E-13  1.39E-13  7.91E-14
             4.12E-14  1.51E-14  6.44E-15  2.57E-15  7.12E-16  2.61E-16  9.41E-17  2.41E-17  8.57E-18
    22       3.24E-12  2.29E-12  1.44E-12  1.01E-12  7.02E-13  4.23E-13  2.77E-13  1.73E-13  8.19E-14  4.17E-14
             1.93E-14  6.12E-15  2.39E-15  8.94E-16  2.35E-16  8.42E-17  3.00E-17  7.62E-18  2.70E-18
    23       4.33E-12  3.05E-12  1.92E-12  1.35E-12  9.36E-13  5.63E-13  3.70E-13  2.30E-13  1.09E-13  5.57E-14
             2.57E-14  8.16E-15  3.18E-15  1.19E-15  3.13E-16  1.12E-16  4.00E-17  1.02E-17  3.59E-18
    24       1.85E-12  1.30E-12  8.14E-13  5.67E-13  3.88E-13  2.25E-13  1.41E-13  8.17E-14  3.43E-14  1.58E-14
             6.70E-15  1.94E-15  7.24E-16  2.63E-16  6.78E-17  2.41E-17  8.56E-18  2.17E-18  7.67E-19
    25       2.31E-12  1.63E-12  1.02E-12  7.08E-13  4.85E-13  2.82E-13  1.76E-13  1.02E-13  4.29E-14  1.98E-14
             8.38E-15  2.43E-15  9.04E-16  3.29E-16  8.48E-17  3.02E-17  1.07E-17  2.71E-18  9.59E-19
    26       8.43E-13  5.96E-13  3.77E-13  2.66E-13  1.88E-13  1.18E-13  8.29E-14  5.78E-14  3.52E-14  2.36E-14
             1.55E-14  8.36E-15  4.95E-15  2.76E-15  1.16E-15  5.59E-16  2.54E-16  8.28E-17  3.38E-17
    27       8.90E-13  6.29E-13  3.98E-13  2.81E-13  1.98E-13  1.24E-13  8.61E-14  5.90E-14  3.43E-14  2.16E-14
             1.28E-14  5.70E-15  2.81E-15  1.28E-15  4.06E-16  1.61E-16  6.10E-17  1.63E-17  5.90E-18
    28       1.78E-12  1.26E-12  7.95E-13  5.61E-13  3.95E-13  2.48E-13  1.72E-13  1.18E-13  6.86E-14  4.32E-14
             2.56E-14  1.14E-14  5.61E-15  2.55E-15  8.13E-16  3.21E-16  1.22E-16  3.26E-17  1.18E-17
    29       1.83E-12  1.29E-12  8.14E-13  5.73E-13  4.02E-13  2.48E-13  1.69E-13  1.11E-13  5.92E-14  3.36E-14
             1.75E-14  6.39E-15  2.72E-15  1.08E-15  3.00E-16  1.10E-16  3.96E-17  1.01E-17  3.60E-18
    30       2.74E-12  1.93E-12  1.22E-12  8.60E-13  6.03E-13  3.72E-13  2.53E-13  1.67E-13  8.88E-14  5.05E-14
             2.62E-14  9.59E-15  4.07E-15  1.62E-15  4.50E-16  1.65E-16  5.94E-17  1.52E-17  5.40E-18
    31       2.42E-12  1.71E-12  1.07E-12  7.53E-13  5.23E-13  3.15E-13  2.07E-13  1.29E-13  6.09E-14  3.10E-14
             1.43E-14  4.53E-15  1.77E-15  6.61E-16  1.74E-16  6.22E-17  2.21E-17  5.63E-18  1.99E-18
    32       3.23E-12  2.28E-12  1.43E-12  1.00E-12  6.98E-13  4.20E-13  2.76E-13  1.71E-13  8.12E-14  4.13E-14
             1.91E-14  6.04E-15  2.35E-15  8.81E-16  2.31E-16  8.29E-17  2.95E-17  7.50E-18  2.66E-18
    33       2.10E-12  1.48E-12  9.28E-13  6.46E-13  4.42E-13  2.57E-13  1.61E-13  9.31E-14  3.91E-14  1.80E-14
             7.62E-15  2.21E-15  8.23E-16  2.99E-16  7.71E-17  2.74E-17  9.73E-18  2.47E-18  8.73E-19
    34       2.63E-12  1.85E-12  1.16E-12  8.07E-13  5.53E-13  3.21E-13  2.01E-13  1.16E-13  4.89E-14  2.26E-14
             9.53E-15  2.76E-15  1.03E-15  3.74E-16  9.64E-17  3.43E-17  1.22E-17  3.08E-18  1.09E-18
    35       9.30E-13  6.54E-13  4.07E-13  2.80E-13  1.88E-13  1.04E-13  6.17E-14  3.32E-14  1.25E-14  5.35E-15
             2.13E-15  5.85E-16  2.13E-16  7.66E-17  1.96E-17  6.94E-18  2.46E-18  6.23E-19  2.20E-19
    36       1.12E-12  7.85E-13  4.88E-13  3.36E-13  2.26E-13  1.25E-13  7.40E-14  3.98E-14  1.50E-14  6.42E-15
             2.56E-15  7.02E-16  2.56E-16  9.20E-17  2.35E-17  8.33E-18  2.95E-18  7.47E-19  2.64E-19
    37       5.69E-13  4.02E-13  2.54E-13  1.79E-13  1.27E-13  7.94E-14  5.55E-14  3.84E-14  2.31E-14  1.54E-14
             1.00E-14  5.36E-15  3.16E-15  1.76E-15  7.35E-16  3.54E-16  1.61E-16  5.23E-17  2.13E-17
    38       5.98E-13  4.23E-13  2.67E-13  1.88E-13  1.33E-13  8.29E-14  5.74E-14  3.92E-14  2.26E-14  1.41E-14
             8.33E-15  3.68E-15  1.81E-15  8.21E-16  2.61E-16  1.03E-16  3.91E-17  1.04E-17  3.78E-18
    39       1.20E-12  8.46E-13  5.34E-13  3.77E-13  2.65E-13  1.66E-13  1.15E-13  7.83E-14  4.52E-14  2.83E-14
             1.67E-14  7.37E-15  3.62E-15  1.64E-15  5.21E-16  2.06E-16  7.82E-17  2.09E-17  7.55E-18
    40       1.25E-12  8.81E-13  5.55E-13  3.91E-13  2.74E-13  1.69E-13  1.15E-13  7.54E-14  3.99E-14  2.26E-14
             1.17E-14  4.26E-15  1.81E-15  7.20E-16  1.99E-16  7.30E-17  2.63E-17  6.74E-18  2.39E-18
    41       1.87E-12  1.32E-12  8.33E-13  5.86E-13  4.11E-13  2.53E-13  1.72E-13  1.13E-13  5.98E-14  3.39E-14
             1.76E-14  6.40E-15  2.71E-15  1.08E-15  2.99E-16  1.09E-16  3.95E-17  1.01E-17  3.59E-18
    42       1.77E-12  1.25E-12  7.87E-13  5.51E-13  3.83E-13  2.30E-13  1.51E-13  9.38E-14  4.43E-14  2.25E-14
             1.04E-14  3.28E-15  1.28E-15  4.78E-16  1.26E-16  4.50E-17  1.60E-17  4.07E-18  1.44E-18
    43       2.36E-12  1.67E-12  1.05E-12  7.35E-13  5.11E-13  3.07E-13  2.01E-13  1.25E-13  5.91E-14  3.00E-14
             1.38E-14  4.38E-15  1.70E-15  6.38E-16  1.67E-16  6.00E-17  2.14E-17  5.43E-18  1.92E-18
    44       1.85E-12  1.30E-12  8.16E-13  5.68E-13  3.89E-13  2.26E-13  1.41E-13  8.18E-14  3.43E-14  1.58E-14
             6.68E-15  1.93E-15  7.21E-16  2.62E-16  6.75E-17  2.40E-17  8.52E-18  2.16E-18  7.64E-19
    45       2.31E-12  1.63E-12  1.02E-12  7.10E-13  4.86E-13  2.82E-13  1.76E-13  1.02E-13  4.29E-14  1.98E-14
             8.35E-15  2.42E-15  9.01E-16  3.28E-16  8.44E-17  3.00E-17  1.07E-17  2.70E-18  9.55E-19
    46       1.30E-12  9.16E-13  5.70E-13  3.93E-13  2.64E-13  1.46E-13  8.65E-14  4.65E-14  1.75E-14  7.50E-15
             2.98E-15  8.20E-16  2.99E-16  1.07E-16  2.74E-17  9.73E-18  3.44E-18  8.72E-19  3.08E-19
    47       1.56E-12  1.10E-12  6.84E-13  4.71E-13  3.17E-13  1.76E-13  1.04E-13  5.59E-14  2.10E-14  9.00E-15
             3.58E-15  9.84E-16  3.59E-16  1.29E-16  3.29E-17  1.17E-17  4.13E-18  1.05E-18  3.70E-19
    48       4.72E-13  3.31E-13  2.04E-13  1.39E-13  9.10E-14  4.78E-14  2.66E-14  1.33E-14  4.59E-15  1.86E-15
             7.12E-16  1.90E-16  6.84E-17  2.44E-17  6.21E-18  2.20E-18  7.79E-19  1.97E-19  6.97E-20
    49       5.50E-13  3.86E-13  2.38E-13  1.62E-13  1.06E-13  5.57E-14  3.10E-14  1.56E-14  5.36E-15  2.17E-15
             8.31E-16  2.22E-16  7.98E-17  2.85E-17  7.25E-18  2.57E-18  9.09E-19  2.30E-19  8.13E-20
    50       4.05E-13  2.87E-13  1.81E-13  1.28E-13  9.00E-14  5.63E-14  3.91E-14  2.69E-14  1.61E-14  1.06E-14
             6.85E-15  3.64E-15  2.14E-15  1.19E-15  4.95E-16  2.38E-16  1.08E-16  3.51E-17  1.43E-17
    51       4.25E-13  3.00E-13  1.89E-13  1.34E-13  9.40E-14  5.85E-14  4.04E-14  2.74E-14  1.57E-14  9.76E-15
             5.72E-15  2.52E-15  1.23E-15  5.58E-16  1.77E-16  6.98E-17  2.65E-17  7.08E-18  2.56E-18
    52       8.49E-13  6.00E-13  3.79E-13  2.67E-13  1.88E-13  1.17E-13  8.08E-14  5.48E-14  3.14E-14  1.95E-14
             1.14E-14  5.03E-15  2.46E-15  1.12E-15  3.54E-16  1.40E-16  5.30E-17  1.42E-17  5.12E-18
    53       8.91E-13  6.29E-13  3.97E-13  2.79E-13  1.96E-13  1.20E-13  8.15E-14  5.34E-14  2.81E-14  1.58E-14
             8.18E-15  2.97E-15  1.26E-15  5.01E-16  1.38E-16  5.07E-17  1.83E-17  4.68E-18  1.66E-18
    54       1.34E-12  9.44E-13  5.95E-13  4.19E-13  2.93E-13  1.80E-13  1.22E-13  8.01E-14  4.21E-14  2.38E-14
             1.23E-14  4.46E-15  1.89E-15  7.51E-16  2.08E-16  7.60E-17  2.74E-17  7.02E-18  2.49E-18
    55       1.32E-12  9.29E-13  5.85E-13  4.10E-13  2.84E-13  1.71E-13  1.12E-13  6.93E-14  3.27E-14  1.66E-14
             7.62E-15  2.41E-15  9.37E-16  3.50E-16  9.19E-17  3.29E-17  1.17E-17  2.98E-18  1.05E-18
    56       1.76E-12  1.24E-12  7.79E-13  5.46E-13  3.79E-13  2.28E-13  1.49E-13  9.24E-14  4.35E-14  2.21E-14
             1.02E-14  3.21E-15  1.25E-15  4.67E-16  1.23E-16  4.39E-17  1.56E-17  3.97E-18  1.41E-18
    57       1.52E-12  1.07E-12  6.69E-13  4.66E-13  3.19E-13  1.85E-13  1.16E-13  6.69E-14  2.80E-14  1.29E-14
             5.45E-15  1.58E-15  5.87E-16  2.14E-16  5.50E-17  1.96E-17  6.94E-18  1.76E-18  6.22E-19
    58       1.90E-12  1.34E-12  8.37E-13  5.82E-13  3.99E-13  2.31E-13  1.44E-13  8.36E-14  3.50E-14  1.61E-14
             6.81E-15  1.97E-15  7.34E-16  2.67E-16  6.88E-17  2.45E-17  8.67E-18  2.20E-18  7.78E-19
    59       1.32E-12  9.29E-13  5.78E-13  3.98E-13  2.68E-13  1.48E-13  8.76E-14  4.72E-14  1.78E-14  7.59E-15
             3.02E-15  8.30E-16  3.02E-16  1.09E-16  2.77E-17  9.84E-18  3.48E-18  8.82E-19  3.12E-19
    60       1.59E-12  1.12E-12  6.94E-13  4.78E-13  3.21E-13  1.78E-13  1.05E-13  5.66E-14  2.13E-14  9.11E-15
             3.62E-15  9.96E-16  3.63E-16  1.30E-16  3.33E-17  1.18E-17  4.18E-18  1.06E-18  3.74E-19
    61       7.86E-13  5.51E-13  3.40E-13  2.31E-13  1.52E-13  7.96E-14  4.43E-14  2.22E-14  7.65E-15  3.10E-15
             1.19E-15  3.16E-16  1.14E-16  4.07E-17  1.03E-17  3.66E-18  1.30E-18  3.28E-19  1.16E-19
    62       9.17E-13  6.43E-13  3.96E-13  2.69E-13  1.77E-13  9.28E-14  5.17E-14  2.59E-14  8.92E-15  3.62E-15
             1.38E-15  3.69E-16  1.33E-16  4.74E-17  1.21E-17  4.28E-18  1.51E-18  3.83E-19  1.35E-19
    63       2.40E-13  1.68E-13  1.02E-13  6.84E-14  4.37E-14  2.16E-14  1.13E-14  5.35E-15  1.71E-15  6.69E-16
             2.50E-16  6.54E-17  2.34E-17  8.33E-18  2.11E-18  7.49E-19  2.65E-19  6.70E-20  2.37E-20
    64       2.75E-13  1.92E-13  1.17E-13  7.82E-14  5.00E-14  2.47E-14  1.30E-14  6.12E-15  1.96E-15  7.64E-16
             2.85E-16  7.48E-17  2.68E-17  9.52E-18  2.42E-18  8.56E-19  3.03E-19  7.66E-20  2.71E-20

                                                                                     --------------------------
                                                                                     PRTF= 1  LVLPRT= (1S  0.0)
   ILREP
   -----
     1       1.04E-10  7.36E-11  4.66E-11  3.29E-11  2.33E-11  1.47E-11  1.04E-11  7.30E-12  4.56E-12  3.16E-12
             2.16E-12  1.24E-12  7.76E-13  4.56E-13  2.03E-13  1.01E-13  4.72E-14  1.58E-14  6.53E-15
     2       1.53E-11  1.08E-11  6.82E-12  4.82E-12  3.41E-12  2.16E-12  1.52E-12  1.07E-12  6.73E-13  4.68E-13
             3.20E-13  1.83E-13  1.13E-13  6.55E-14  2.85E-14  1.40E-14  6.43E-15  2.12E-15  8.72E-16
     3       4.19E-11  2.97E-11  1.87E-11  1.32E-11  9.33E-12  5.86E-12  4.09E-12  2.82E-12  1.67E-12  1.07E-12
             6.48E-13  2.98E-13  1.50E-13  6.93E-14  2.24E-14  8.92E-15  3.41E-15  9.15E-16  3.32E-16
     4       5.14E-12  3.63E-12  2.30E-12  1.62E-12  1.15E-12  7.25E-13  5.12E-13  3.61E-13  2.26E-13  1.56E-13
             1.06E-13  5.95E-14  3.62E-14  2.07E-14  8.84E-15  4.30E-15  1.97E-15  6.46E-16  2.64E-16
     5       1.59E-11  1.13E-11  7.11E-12  5.02E-12  3.54E-12  2.22E-12  1.55E-12  1.07E-12  6.35E-13  4.07E-13
             2.46E-13  1.12E-13  5.62E-14  2.59E-14  8.31E-15  3.30E-15  1.26E-15  3.37E-16  1.22E-16
     6       1.84E-11  1.30E-11  8.21E-12  5.79E-12  4.06E-12  2.51E-12  1.71E-12  1.13E-12  6.05E-13  3.47E-13
             1.82E-13  6.71E-14  2.87E-14  1.15E-14  3.19E-15  1.17E-15  4.22E-16  1.08E-16  3.84E-17
     7       2.41E-12  1.70E-12  1.08E-12  7.61E-13  5.38E-13  3.40E-13  2.40E-13  1.68E-13  1.05E-13  7.17E-14
             4.80E-14  2.65E-14  1.60E-14  9.02E-15  3.82E-15  1.85E-15  8.44E-16  2.76E-16  1.13E-16
     8       7.63E-12  5.39E-12  3.41E-12  2.41E-12  1.70E-12  1.07E-12  7.44E-13  5.13E-13  3.02E-13  1.93E-13
             1.16E-13  5.25E-14  2.61E-14  1.19E-14  3.82E-15  1.52E-15  5.77E-16  1.54E-16  5.59E-17
     9       1.15E-11  8.15E-12  5.14E-12  3.62E-12  2.54E-12  1.57E-12  1.07E-12  7.08E-13  3.79E-13  2.17E-13
             1.13E-13  4.18E-14  1.78E-14  7.12E-15  1.97E-15  7.24E-16  2.61E-16  6.69E-17  2.38E-17
    10       8.60E-12  6.07E-12  3.82E-12  2.68E-12  1.86E-12  1.12E-12  7.35E-13  4.58E-13  2.17E-13  1.11E-13
             5.13E-14  1.63E-14  6.35E-15  2.38E-15  6.25E-16  2.24E-16  7.98E-17  2.03E-17  7.18E-18
    11       1.35E-12  9.53E-13  6.02E-13  4.26E-13  3.01E-13  1.90E-13  1.33E-13  9.35E-14  5.75E-14  3.90E-14
             2.58E-14  1.41E-14  8.40E-15  4.71E-15  1.99E-15  9.58E-16  4.36E-16  1.42E-16  5.81E-17
    12       4.28E-12  3.03E-12  1.91E-12  1.35E-12  9.52E-13  5.97E-13  4.16E-13  2.86E-13  1.68E-13  1.06E-13
             6.35E-14  2.85E-14  1.41E-14  6.42E-15  2.05E-15  8.10E-16  3.08E-16  8.24E-17  2.98E-17
    13       7.06E-12  4.99E-12  3.15E-12  2.22E-12  1.55E-12  9.61E-13  6.55E-13  4.32E-13  2.31E-13  1.32E-13
             6.87E-14  2.52E-14  1.07E-14  4.28E-15  1.19E-15  4.35E-16  1.57E-16  4.02E-17  1.43E-17
    14       7.57E-12  5.34E-12  3.36E-12  2.36E-12  1.64E-12  9.86E-13  6.47E-13  4.03E-13  1.91E-13  9.74E-14
             4.50E-14  1.43E-14  5.57E-15  2.09E-15  5.48E-16  1.96E-16  6.99E-17  1.78E-17  6.29E-18
    15       4.15E-12  2.93E-12  1.83E-12  1.27E-12  8.74E-13  5.07E-13  3.17E-13  1.84E-13  7.72E-14  3.57E-14
             1.51E-14  4.37E-15  1.63E-15  5.92E-16  1.53E-16  5.43E-17  1.93E-17  4.88E-18  1.73E-18
    16       8.43E-13  5.96E-13  3.77E-13  2.66E-13  1.88E-13  1.18E-13  8.29E-14  5.78E-14  3.52E-14  2.36E-14
             1.55E-14  8.36E-15  4.95E-15  2.76E-15  1.16E-15  5.59E-16  2.54E-16  8.28E-17  3.38E-17
    17       2.67E-12  1.89E-12  1.19E-12  8.42E-13  5.93E-13  3.71E-13  2.58E-13  1.77E-13  1.03E-13  6.48E-14
             3.84E-14  1.71E-14  8.42E-15  3.83E-15  1.22E-15  4.82E-16  1.83E-16  4.89E-17  1.77E-17
    18       4.56E-12  3.22E-12  2.03E-12  1.43E-12  1.00E-12  6.20E-13  4.22E-13  2.78E-13  1.48E-13  8.41E-14
             4.37E-14  1.60E-14  6.79E-15  2.71E-15  7.49E-16  2.75E-16  9.90E-17  2.54E-17  9.00E-18
    19       5.64E-12  3.98E-12  2.51E-12  1.76E-12  1.22E-12  7.35E-13  4.82E-13  3.00E-13  1.42E-13  7.23E-14
             3.34E-14  1.06E-14  4.12E-15  1.54E-15  4.05E-16  1.45E-16  5.17E-17  1.31E-17  4.65E-18
    20       4.73E-12  3.33E-12  2.09E-12  1.45E-12  9.95E-13  5.78E-13  3.61E-13  2.09E-13  8.79E-14  4.06E-14
             1.72E-14  4.97E-15  1.85E-15  6.74E-16  1.74E-16  6.17E-17  2.19E-17  5.55E-18  1.96E-18
    21       2.05E-12  1.44E-12  8.95E-13  6.16E-13  4.14E-13  2.30E-13  1.36E-13  7.31E-14  2.75E-14  1.18E-14
             4.69E-15  1.29E-15  4.69E-16  1.69E-16  4.31E-17  1.53E-17  5.41E-18  1.37E-18  4.85E-19
    22       5.69E-13  4.02E-13  2.54E-13  1.79E-13  1.27E-13  7.94E-14  5.55E-14  3.84E-14  2.31E-14  1.54E-14
             1.00E-14  5.36E-15  3.16E-15  1.76E-15  7.35E-16  3.54E-16  1.61E-16  5.23E-17  2.13E-17
    23       1.79E-12  1.27E-12  8.01E-13  5.65E-13  3.98E-13  2.49E-13  1.72E-13  1.17E-13  6.77E-14  4.24E-14
             2.50E-14  1.11E-14  5.43E-15  2.46E-15  7.82E-16  3.09E-16  1.17E-16  3.13E-17  1.13E-17
    24       3.12E-12  2.20E-12  1.39E-12  9.77E-13  6.85E-13  4.22E-13  2.87E-13  1.89E-13  9.97E-14  5.65E-14
             2.93E-14  1.07E-14  4.52E-15  1.80E-15  4.98E-16  1.82E-16  6.58E-17  1.68E-17  5.98E-18
    25       4.13E-12  2.92E-12  1.84E-12  1.29E-12  8.94E-13  5.38E-13  3.53E-13  2.19E-13  1.03E-13  5.25E-14
             2.42E-14  7.66E-15  2.98E-15  1.12E-15  2.93E-16  1.05E-16  3.74E-17  9.50E-18  3.36E-18
    26       4.16E-12  2.93E-12  1.84E-12  1.28E-12  8.76E-13  5.08E-13  3.18E-13  1.84E-13  7.72E-14  3.56E-14
             1.50E-14  4.35E-15  1.62E-15  5.90E-16  1.52E-16  5.41E-17  1.92E-17  4.86E-18  1.72E-18
    27       2.87E-12  2.02E-12  1.25E-12  8.64E-13  5.81E-13  3.22E-13  1.90E-13  1.02E-13  3.86E-14  1.65E-14
             6.56E-15  1.80E-15  6.57E-16  2.36E-16  6.03E-17  2.14E-17  7.58E-18  1.92E-18  6.79E-19
    28       1.02E-12  7.16E-13  4.42E-13  3.00E-13  1.97E-13  1.03E-13  5.76E-14  2.89E-14  9.95E-15  4.03E-15
             1.54E-15  4.11E-16  1.48E-16  5.29E-17  1.35E-17  4.77E-18  1.69E-18  4.27E-19  1.51E-19
    29       4.05E-13  2.87E-13  1.81E-13  1.28E-13  9.00E-14  5.63E-14  3.91E-14  2.69E-14  1.61E-14  1.06E-14
             6.85E-15  3.64E-15  2.14E-15  1.19E-15  4.95E-16  2.38E-16  1.08E-16  3.51E-17  1.43E-17
    30       1.27E-12  9.00E-13  5.68E-13  4.01E-13  2.82E-13  1.76E-13  1.21E-13  8.22E-14  4.70E-14  2.93E-14
             1.72E-14  7.55E-15  3.70E-15  1.67E-15  5.31E-16  2.09E-16  7.95E-17  2.12E-17  7.68E-18
    31       2.23E-12  1.57E-12  9.92E-13  6.98E-13  4.89E-13  3.01E-13  2.04E-13  1.33E-13  7.02E-14  3.96E-14
             2.05E-14  7.43E-15  3.15E-15  1.25E-15  3.46E-16  1.27E-16  4.57E-17  1.17E-17  4.15E-18
    32       3.07E-12  2.17E-12  1.36E-12  9.56E-13  6.64E-13  3.99E-13  2.61E-13  1.62E-13  7.62E-14  3.86E-14
             1.78E-14  5.61E-15  2.19E-15  8.17E-16  2.15E-16  7.69E-17  2.74E-17  6.95E-18  2.46E-18
    33       3.41E-12  2.40E-12  1.51E-12  1.05E-12  7.18E-13  4.16E-13  2.60E-13  1.50E-13  6.30E-14  2.91E-14
             1.23E-14  3.55E-15  1.32E-15  4.81E-16  1.24E-16  4.40E-17  1.56E-17  3.96E-18  1.40E-18
    34       2.91E-12  2.04E-12  1.27E-12  8.76E-13  5.89E-13  3.26E-13  1.93E-13  1.04E-13  3.91E-14  1.67E-14
             6.64E-15  1.83E-15  6.65E-16  2.39E-16  6.10E-17  2.16E-17  7.67E-18  1.94E-18  6.87E-19
    35       1.70E-12  1.19E-12  7.36E-13  5.00E-13  3.28E-13  1.72E-13  9.60E-14  4.82E-14  1.66E-14  6.71E-15
             2.57E-15  6.85E-16  2.47E-16  8.81E-17  2.24E-17  7.94E-18  2.81E-18  7.11E-19  2.52E-19
    36       5.15E-13  3.60E-13  2.19E-13  1.47E-13  9.37E-14  4.63E-14  2.43E-14  1.15E-14  3.67E-15  1.43E-15
             5.35E-16  1.40E-16  5.02E-17  1.78E-17  4.53E-18  1.60E-18  5.68E-19  1.44E-19  5.08E-20
    37       3.01E-13  2.13E-13  1.34E-13  9.48E-14  6.66E-14  4.15E-14  2.88E-14  1.97E-14  1.16E-14  7.63E-15
             4.89E-15  2.58E-15  1.51E-15  8.37E-16  3.49E-16  1.68E-16  7.59E-17  2.47E-17  1.01E-17
    38       9.43E-13  6.66E-13  4.20E-13  2.96E-13  2.08E-13  1.29E-13  8.88E-14  5.99E-14  3.40E-14  2.11E-14
             1.23E-14  5.38E-15  2.63E-15  1.19E-15  3.77E-16  1.48E-16  5.63E-17  1.50E-17  5.44E-18
    39       1.65E-12  1.17E-12  7.36E-13  5.17E-13  3.62E-13  2.22E-13  1.50E-13  9.79E-14  5.12E-14  2.88E-14
             1.48E-14  5.37E-15  2.27E-15  9.03E-16  2.50E-16  9.13E-17  3.29E-17  8.43E-18  2.99E-18
    40       2.33E-12  1.65E-12  1.03E-12  7.25E-13  5.03E-13  3.02E-13  1.97E-13  1.22E-13  5.72E-14  2.89E-14
             1.33E-14  4.20E-15  1.63E-15  6.10E-16  1.60E-16  5.74E-17  2.04E-17  5.19E-18  1.84E-18
    41       2.75E-12  1.94E-12  1.21E-12  8.43E-13  5.78E-13  3.35E-13  2.09E-13  1.21E-13  5.05E-14  2.32E-14
             9.80E-15  2.83E-15  1.06E-15  3.84E-16  9.88E-17  3.52E-17  1.25E-17  3.16E-18  1.12E-18
    42       2.64E-12  1.86E-12  1.16E-12  7.96E-13  5.35E-13  2.96E-13  1.75E-13  9.41E-14  3.54E-14  1.51E-14
             6.02E-15  1.65E-15  6.02E-16  2.16E-16  5.52E-17  1.96E-17  6.94E-18  1.76E-18  6.21E-19
    43       1.96E-12  1.37E-12  8.46E-13  5.75E-13  3.77E-13  1.98E-13  1.10E-13  5.53E-14  1.90E-14  7.71E-15
             2.95E-15  7.86E-16  2.83E-16  1.01E-16  2.57E-17  9.11E-18  3.22E-18  8.16E-19  2.89E-19
    44       9.95E-13  6.95E-13  4.24E-13  2.83E-13  1.81E-13  8.96E-14  4.70E-14  2.22E-14  7.10E-15  2.77E-15
             1.03E-15  2.71E-16  9.69E-17  3.45E-17  8.75E-18  3.10E-18  1.10E-18  2.77E-19  9.81E-20
    45       2.62E-13  1.82E-13  1.09E-13  7.17E-14  4.44E-14  2.07E-14  1.03E-14  4.58E-15  1.39E-15  5.28E-16
             1.94E-16  5.03E-17  1.79E-17  6.37E-18  1.61E-18  5.71E-19  2.02E-19  5.11E-20  1.81E-20
    46       2.31E-13  1.63E-13  1.03E-13  7.26E-14  5.10E-14  3.16E-14  2.18E-14  1.48E-14  8.68E-15  5.67E-15
             3.61E-15  1.90E-15  1.11E-15  6.13E-16  2.55E-16  1.22E-16  5.55E-17  1.81E-17  7.36E-18
    47       7.21E-13  5.09E-13  3.21E-13  2.26E-13  1.59E-13  9.81E-14  6.72E-14  4.51E-14  2.54E-14  1.57E-14
             9.09E-15  3.97E-15  1.93E-15  8.74E-16  2.77E-16  1.09E-16  4.14E-17  1.10E-17  3.99E-18
    48       1.26E-12  8.93E-13  5.62E-13  3.95E-13  2.76E-13  1.69E-13  1.14E-13  7.39E-14  3.85E-14  2.16E-14
             1.11E-14  4.00E-15  1.69E-15  6.72E-16  1.85E-16  6.79E-17  2.45E-17  6.27E-18  2.22E-18
    49       1.81E-12  1.28E-12  8.02E-13  5.62E-13  3.90E-13  2.33E-13  1.52E-13  9.38E-14  4.39E-14  2.21E-14
             1.02E-14  3.20E-15  1.24E-15  4.65E-16  1.22E-16  4.37E-17  1.56E-17  3.95E-18  1.40E-18
    50       2.21E-12  1.56E-12  9.77E-13  6.79E-13  4.65E-13  2.69E-13  1.68E-13  9.67E-14  4.04E-14  1.86E-14
             7.83E-15  2.26E-15  8.42E-16  3.06E-16  7.88E-17  2.80E-17  9.94E-18  2.52E-18  8.92E-19
    51       2.30E-12  1.61E-12  1.00E-12  6.91E-13  4.65E-13  2.57E-13  1.52E-13  8.15E-14  3.06E-14  1.31E-14
             5.20E-15  1.43E-15  5.21E-16  1.87E-16  4.78E-17  1.69E-17  6.00E-18  1.52E-18  5.37E-19
    52       1.95E-12  1.37E-12  8.44E-13  5.73E-13  3.76E-13  1.97E-13  1.10E-13  5.51E-14  1.89E-14  7.67E-15
             2.94E-15  7.82E-16  2.82E-16  1.01E-16  2.56E-17  9.07E-18  3.21E-18  8.12E-19  2.87E-19
    53       1.28E-12  8.93E-13  5.45E-13  3.64E-13  2.32E-13  1.15E-13  6.03E-14  2.85E-14  9.11E-15  3.55E-15
             1.33E-15  3.47E-16  1.24E-16  4.42E-17  1.12E-17  3.98E-18  1.41E-18  3.56E-19  1.26E-19
    54       5.75E-13  4.00E-13  2.41E-13  1.58E-13  9.76E-14  4.54E-14  2.25E-14  1.01E-14  3.06E-15  1.16E-15
             4.27E-16  1.11E-16  3.94E-17  1.40E-17  3.55E-18  1.26E-18  4.44E-19  1.12E-19  3.98E-20
    55       1.34E-13  9.23E-14  5.47E-14  3.50E-14  2.10E-14  9.17E-15  4.33E-15  1.85E-15  5.39E-16  2.01E-16
             7.31E-17  1.88E-17  6.70E-18  2.37E-18  6.02E-19  2.13E-19  7.53E-20  1.91E-20  6.74E-21

   INREP
   -----
     1       1.04E-10  7.36E-11  4.66E-11  3.29E-11  2.33E-11  1.47E-11  1.04E-11  7.30E-12  4.56E-12  3.16E-12
             2.16E-12  1.24E-12  7.76E-13  4.56E-13  2.03E-13  1.01E-13  4.72E-14  1.58E-14  6.53E-15
     2       5.72E-11  4.04E-11  2.56E-11  1.81E-11  1.27E-11  8.01E-12  5.61E-12  3.89E-12  2.34E-12  1.54E-12
             9.68E-13  4.81E-13  2.63E-13  1.35E-13  5.09E-14  2.29E-14  9.84E-15  3.04E-15  1.20E-15
     3       3.95E-11  2.79E-11  1.76E-11  1.24E-11  8.75E-12  5.46E-12  3.78E-12  2.56E-12  1.47E-12  9.10E-13
             5.34E-13  2.39E-13  1.21E-13  5.80E-14  2.03E-14  8.77E-15  3.65E-15  1.09E-15  4.25E-16
     4       3.02E-11  2.13E-11  1.34E-11  9.46E-12  6.64E-12  4.09E-12  2.79E-12  1.85E-12  1.00E-12  5.92E-13
             3.29E-13  1.37E-13  6.62E-14  3.05E-14  1.02E-14  4.31E-15  1.76E-15  5.18E-16  2.00E-16
     5       2.44E-11  1.72E-11  1.09E-11  7.62E-12  5.32E-12  3.24E-12  2.17E-12  1.40E-12  7.24E-13  4.10E-13
             2.18E-13  8.64E-14  4.04E-14  1.81E-14  5.92E-15  2.45E-15  9.91E-16  2.88E-16  1.10E-16
     6       2.05E-11  1.45E-11  9.09E-12  6.37E-12  4.42E-12  2.65E-12  1.74E-12  1.10E-12  5.43E-13  2.97E-13
             1.53E-13  5.82E-14  2.66E-14  1.17E-14  3.75E-15  1.54E-15  6.15E-16  1.77E-16  6.76E-17
     7       1.77E-11  1.25E-11  7.81E-12  5.45E-12  3.76E-12  2.22E-12  1.43E-12  8.78E-13  4.20E-13  2.23E-13
             1.12E-13  4.13E-14  1.85E-14  8.02E-15  2.53E-15  1.03E-15  4.10E-16  1.17E-16  4.46E-17
     8       1.55E-11  1.09E-11  6.84E-12  4.75E-12  3.25E-12  1.89E-12  1.20E-12  7.18E-13  3.32E-13  1.72E-13
             8.42E-14  3.04E-14  1.34E-14  5.75E-15  1.80E-15  7.26E-16  2.87E-16  8.18E-17  3.10E-17
     9       1.38E-11  9.73E-12  6.07E-12  4.20E-12  2.86E-12  1.63E-12  1.02E-12  5.96E-13  2.67E-13  1.36E-13
             6.53E-14  2.31E-14  1.01E-14  4.28E-15  1.33E-15  5.32E-16  2.10E-16  5.95E-17  2.25E-17
    10       1.25E-11  8.77E-12  5.45E-12  3.76E-12  2.53E-12  1.43E-12  8.71E-13  5.01E-13  2.19E-13  1.09E-13
             5.17E-14  1.80E-14  7.79E-15  3.28E-15  1.01E-15  4.03E-16  1.58E-16  4.47E-17  1.69E-17
    11       1.14E-11  7.97E-12  4.94E-12  3.39E-12  2.26E-12  1.25E-12  7.54E-13  4.26E-13  1.82E-13  8.93E-14
             4.17E-14  1.43E-14  6.15E-15  2.57E-15  7.84E-16  3.12E-16  1.22E-16  3.44E-17  1.30E-17
    12       1.04E-11  7.31E-12  4.51E-12  3.08E-12  2.04E-12  1.11E-12  6.58E-13  3.66E-13  1.53E-13  7.41E-14
             3.42E-14  1.16E-14  4.94E-15  2.05E-15  6.23E-16  2.47E-16  9.66E-17  2.72E-17  1.02E-17
    13       9.62E-12  6.74E-12  4.14E-12  2.81E-12  1.85E-12  9.91E-13  5.78E-13  3.17E-13  1.30E-13  6.22E-14
             2.84E-14  9.54E-15  4.04E-15  1.67E-15  5.04E-16  2.00E-16  7.77E-17  2.18E-17  8.20E-18
    14       8.93E-12  6.25E-12  3.83E-12  2.58E-12  1.68E-12  8.89E-13  5.11E-13  2.76E-13  1.11E-13  5.28E-14
             2.39E-14  7.95E-15  3.35E-15  1.38E-15  4.14E-16  1.64E-16  6.35E-17  1.78E-17  6.68E-18
    15       8.34E-12  5.82E-12  3.55E-12  2.38E-12  1.54E-12  8.01E-13  4.55E-13  2.43E-13  9.64E-14  4.52E-14
             2.03E-14  6.70E-15  2.81E-15  1.15E-15  3.45E-16  1.36E-16  5.26E-17  1.47E-17  5.52E-18
    16       7.81E-12  5.44E-12  3.31E-12  2.20E-12  1.41E-12  7.25E-13  4.07E-13  2.14E-13  8.40E-14  3.90E-14
             1.74E-14  5.70E-15  2.38E-15  9.72E-16  2.90E-16  1.14E-16  4.41E-17  1.23E-17  4.62E-18
    17       6.93E-12  4.81E-12  2.90E-12  1.91E-12  1.20E-12  6.00E-13  3.30E-13  1.70E-13  6.50E-14  2.98E-14
             1.31E-14  4.24E-15  1.76E-15  7.13E-16  2.11E-16  8.28E-17  3.20E-17  8.90E-18  3.33E-18
    18       6.22E-12  4.30E-12  2.57E-12  1.67E-12  1.04E-12  5.04E-13  2.71E-13  1.37E-13  5.15E-14  2.33E-14
             1.01E-14  3.24E-15  1.34E-15  5.40E-16  1.59E-16  6.22E-17  2.39E-17  6.65E-18  2.49E-18
    19       5.64E-12  3.88E-12  2.29E-12  1.47E-12  9.01E-13  4.28E-13  2.26E-13  1.13E-13  4.15E-14  1.86E-14
             8.02E-15  2.54E-15  1.04E-15  4.19E-16  1.23E-16  4.79E-17  1.84E-17  5.10E-18  1.91E-18
    20       4.93E-12  3.37E-12  1.96E-12  1.24E-12  7.41E-13  3.41E-13  1.76E-13  8.60E-14  3.09E-14  1.36E-14
             5.83E-15  1.83E-15  7.44E-16  2.98E-16  8.70E-17  3.38E-17  1.29E-17  3.58E-18  1.33E-18
    21       4.21E-12  2.85E-12  1.62E-12  1.00E-12  5.84E-13  2.59E-13  1.30E-13  6.22E-14  2.18E-14  9.50E-15
             4.01E-15  1.24E-15  5.02E-16  2.00E-16  5.80E-17  2.24E-17  8.58E-18  2.37E-18  8.80E-19
    22       3.43E-12  2.29E-12  1.26E-12  7.54E-13  4.24E-13  1.80E-13  8.78E-14  4.08E-14  1.39E-14  5.96E-15
             2.48E-15  7.59E-16  3.04E-16  1.20E-16  3.47E-17  1.34E-17  5.09E-18  1.40E-18  5.20E-19
    23       3.03E-12  2.00E-12  1.08E-12  6.35E-13  3.50E-13  1.45E-13  6.94E-14  3.18E-14  1.07E-14  4.54E-15
             1.88E-15  5.70E-16  2.28E-16  8.97E-17  2.58E-17  9.90E-18  3.77E-18  1.03E-18  3.83E-19
    24       2.57E-12  1.67E-12  8.75E-13  5.00E-13  2.68E-13  1.07E-13  5.05E-14  2.28E-14  7.52E-15  3.16E-15
             1.30E-15  3.90E-16  1.55E-16  6.07E-17  1.74E-17  6.66E-18  2.53E-18  6.91E-19  2.56E-19
    25       2.32E-12  1.49E-12  7.68E-13  4.32E-13  2.28E-13  8.96E-14  4.17E-14  1.86E-14  6.08E-15  2.54E-15
             1.04E-15  3.11E-16  1.23E-16  4.81E-17  1.37E-17  5.25E-18  1.99E-18  5.44E-19  2.01E-19
    26       2.01E-12  1.27E-12  6.39E-13  3.52E-13  1.82E-13  6.97E-14  3.19E-14  1.41E-14  4.55E-15  1.88E-15
             7.66E-16  2.28E-16  8.98E-17  3.51E-17  9.96E-18  3.81E-18  1.44E-18  3.93E-19  1.45E-19
    27       1.77E-12  1.10E-12  5.38E-13  2.91E-13  1.48E-13  5.55E-14  2.51E-14  1.09E-14  3.50E-15  1.44E-15
             5.83E-16  1.72E-16  6.78E-17  2.64E-17  7.47E-18  2.85E-18  1.08E-18  2.93E-19  1.08E-19
    28       1.47E-12  8.99E-13  4.25E-13  2.24E-13  1.11E-13  4.06E-14  1.81E-14  7.80E-15  2.46E-15  1.01E-15
             4.04E-16  1.19E-16  4.65E-17  1.80E-17  5.10E-18  1.94E-18  7.32E-19  1.99E-19  7.35E-20
    29       1.21E-12  7.17E-13  3.27E-13  1.68E-13  8.13E-14  2.90E-14  1.27E-14  5.42E-15  1.69E-15  6.85E-16
             2.74E-16  8.00E-17  3.12E-17  1.21E-17  3.39E-18  1.29E-18  4.85E-19  1.32E-19  4.86E-20
    30       8.86E-13  5.07E-13  2.19E-13  1.09E-13  5.11E-14  1.76E-14  7.59E-15  3.18E-15  9.75E-16  3.92E-16
             1.55E-16  4.50E-17  1.75E-17  6.72E-18  1.88E-18  7.13E-19  2.68E-19  7.25E-20  2.67E-20
    31       7.13E-13  3.97E-13  1.66E-13  8.06E-14  3.72E-14  1.26E-14  5.35E-15  2.22E-15  6.75E-16  2.70E-16
             1.06E-16  3.07E-17  1.19E-17  4.55E-18  1.27E-18  4.81E-19  1.80E-19  4.87E-20  1.79E-20
    32       5.16E-13  2.77E-13  1.11E-13  5.22E-14  2.35E-14  7.76E-15  3.25E-15  1.33E-15  4.01E-16  1.59E-16
             6.23E-17  1.78E-17  6.87E-18  2.63E-18  7.32E-19  2.76E-19  1.03E-19  2.79E-20  1.02E-20
    33       4.00E-13  2.09E-13  8.12E-14  3.75E-14  1.66E-14  5.39E-15  2.24E-15  9.11E-16  2.71E-16  1.07E-16
             4.18E-17  1.19E-17  4.58E-18  1.75E-18  4.85E-19  1.83E-19  6.83E-20  1.84E-20  6.75E-21
    34       2.72E-13  1.37E-13  5.10E-14  2.29E-14  9.95E-15  3.16E-15  1.30E-15  5.23E-16  1.54E-16  6.03E-17
             2.34E-17  6.65E-18  2.54E-18  9.68E-19  2.68E-19  1.01E-19  3.75E-20  1.01E-20  3.70E-21
    35       1.99E-13  9.77E-14  3.53E-14  1.56E-14  6.68E-15  2.09E-15  8.50E-16  3.40E-16  9.95E-17  3.88E-17
             1.50E-17  4.24E-18  1.62E-18  6.15E-19  1.70E-19  6.36E-20  2.37E-20  6.36E-21  2.33E-21
    36       1.21E-13  5.73E-14  1.99E-14  8.60E-15  3.61E-15  1.11E-15  4.46E-16  1.77E-16  5.12E-17  1.98E-17
             7.64E-18  2.15E-18  8.16E-19  3.09E-19  8.49E-20  3.18E-20  1.18E-20  3.16E-21  1.16E-21
    37       8.58E-14  3.97E-14  1.35E-14  5.74E-15  2.38E-15  7.24E-16  2.89E-16  1.14E-16  3.28E-17  1.27E-17
             4.86E-18  1.36E-18  5.16E-19  1.95E-19  5.35E-20  2.00E-20  7.42E-21  1.99E-21  7.26E-22
    38       5.02E-14  2.25E-14  7.42E-15  3.10E-15  1.27E-15  3.80E-16  1.50E-16  5.89E-17  1.68E-17  6.46E-18
             2.47E-18  6.88E-19  2.60E-19  9.80E-20  2.68E-20  1.00E-20  3.71E-21  9.90E-22  3.62E-22
    39       3.38E-14  1.49E-14  4.81E-15  1.99E-15  8.07E-16  2.39E-16  9.41E-17  3.67E-17  1.04E-17  3.99E-18
             1.52E-18  4.23E-19  1.60E-19  6.00E-20  1.64E-20  6.10E-21  2.26E-21  6.02E-22  2.20E-22
    40       1.78E-14  7.67E-15  2.42E-15  9.85E-16  3.95E-16  1.16E-16  4.51E-17  1.75E-17  4.93E-18  1.88E-18
             7.15E-19  1.97E-19  7.43E-20  2.79E-20  7.59E-21  2.82E-21  1.04E-21  2.78E-22  1.01E-22
    41       1.24E-14  5.27E-15  1.64E-15  6.65E-16  2.65E-16  7.72E-17  3.00E-17  1.16E-17  3.26E-18  1.24E-18
             4.71E-19  1.30E-19  4.88E-20  1.83E-20  4.97E-21  1.85E-21  6.82E-22  1.81E-22  6.62E-23
    42       7.25E-15  3.05E-15  9.39E-16  3.77E-16  1.49E-16  4.33E-17  1.68E-17  6.45E-18  1.81E-18  6.86E-19
             2.60E-19  7.14E-20  2.68E-20  1.00E-20  2.72E-21  1.01E-21  3.73E-22  9.90E-23  3.61E-23



    T(K)     ALFT( 1)  ALFT( 2)  ALFT( 3)  ALFT( 4)  ALFT( 5)  ALFT( 6)  ALFT( 7)  ALFT( 8)  ALFT( 9)  ALFT(10)
    ----     --------  --------  --------  --------  --------  --------  --------  --------  --------  --------
  4.00E+03   6.91E-10
  8.00E+03   4.60E-10
  2.00E+04   2.64E-10
  4.00E+04   1.73E-10
  8.00E+04   1.12E-10
  2.00E+05   6.30E-11
  4.00E+05   4.02E-11
  8.00E+05   2.54E-11
  2.00E+06   1.36E-11
  4.00E+06   8.33E-12
  8.00E+06   5.01E-12
  2.00E+07   2.47E-12
  4.00E+07   1.39E-12
  8.00E+07   7.49E-13
  2.00E+08   3.06E-13
  4.00E+08   1.46E-13
  8.00E+08   6.59E-14
  2.00E+09   2.15E-14
  4.00E+09   8.74E-15
C--------------------------------------------------------------------------------------------------------------
C
C                                                                            
C
C NAME:
C DATE:   /  /  
C
C--------------------------------------------------------------------------------------------------------------
