SEQ='LI'     NUCCHG=20                                                  /LS/

   PARENT TERM INDEXING                 BWNP=  85070856.9   NPRNTI= 1   NPRNTF= 1
   --------------------
   INDP         CODE                 S L   WI        WNP
   ----         ----                 - -   --  ----------
     1                              (1)0( 0.0)        0.0 

   LS RESOLVED TERM INDEXING            BWNR=  94353826.5   NTRM=  35
   -------------------------
   INDX  INDP   CODE                 S L   WJ        WNR
   ----  ----   ----                 - -   --  ----------
     1     1    2S1                 (2)0( 0.5)        0.0 
     2     1    2P1                 (2)1( 2.5)   286403.7 
     3     1    3S1                 (2)0( 0.5)  5221578.1 
     4     1    3P1                 (2)1( 2.5)  5300774.5 
     5     1    3D1                 (2)2( 4.5)  5331222.6 
     6     1    4S1                 (2)0( 0.5)  7014878.6 
     7     1    4P1                 (2)1( 2.5)  7047492.0 
     8     1    4D1                 (2)2( 4.5)  7060123.3 
     9     1    4F1                 (2)3( 6.5)  7060779.1 
    10     1    5S1                 (2)0( 0.5)  7837477.8 
    11     1    5P1                 (2)1( 2.5)  7853980.8 
    12     1    5G1                 (2)4( 8.5)  7860340.4 
    13     1    5D1                 (2)2( 4.5)  7860397.2 
    14     1    5F1                 (2)3( 6.5)  7860766.2 
    15     1    6S1                 (2)0( 0.5)  8281921.7 
    16     1    6P1                 (2)1( 2.5)  8291407.6 
    17     1    6G1                 (2)4( 8.5)  8295082.8 
    18     1    6D1                 (2)2( 4.5)  8295104.6 
    19     1    6H1                 (2)5(10.5)  8295203.9 
    20     1    6F1                 (2)3( 6.5)  8295328.3 
    21     1    7S1                 (2)0( 0.5)  8548941.5 
    22     1    7P1                 (2)1( 2.5)  8554889.2 
    23     1    7G1                 (2)4( 8.5)  8557201.5 
    24     1    7D1                 (2)2( 4.5)  8557211.1 
    25     1    7H1                 (2)5(10.5)  8557277.8 
    26     1    7I1                 (2)6(12.5)  8557311.9 
    27     1    7F1                 (2)3( 6.5)  8557355.8 
    28     1    8S1                 (2)0( 0.5)  8721797.8 
    29     1    8P1                 (2)1( 2.5)  8725770.4 
    30     1    8G1                 (2)4( 8.5)  8727318.5 
    31     1    8D1                 (2)2( 4.5)  8727323.2 
    32     1    8H1                 (2)5(10.5)  8727369.6 
    33     1    8I1                 (2)6(12.5)  8727392.4 
    34     1    8J1                 (2)7(14.5)  8727404.1 
    35     1    8F1                 (2)3( 6.5)  8727421.7 

   N-SHELL INDEXING                                     NREP= 42
   ----------------
   IREP    N
   -----   -
     1     1
     2     2
     3     3
     4     4
     5     5
     6     6
     7     7
     8     8
     9     9
    10    10
    11    11
    12    12
    13    13
    14    14
    15    15
    16    16
    17    18
    18    20
    19    22
    20    25
    21    29
    22    35
    23    39
    24    45
    25    49
    26    55
    27    61
    28    70
    29    81
    30   100
    31   115
    32   140
    33   162
    34   200
    35   235
    36   300
    37   353
    38   450
    39   535
    40   700
    41   811
    42   999



 --------------------------------
 PRTI= 1  TRMPRT= (1S)  SPNPRT= 1

   INDX TE=  3.24E+03  6.48E+03  1.62E+04  3.24E+04  6.48E+04  1.62E+05  3.24E+05  6.48E+05  1.62E+06  3.24E+06
   ---- ---  6.48E+06  1.62E+07  3.24E+07  6.48E+07  1.62E+08  3.24E+08  6.48E+08  1.62E+09  3.24E+09
     1       1.42E-11  1.00E-11  6.34E-12  4.48E-12  3.17E-12  2.00E-12  1.42E-12  1.00E-12  6.32E-13  4.43E-13
             3.07E-13  1.81E-13  1.14E-13  6.81E-14  3.07E-14  1.55E-14  7.27E-15  2.45E-15  1.02E-15
     2       3.99E-11  2.82E-11  1.78E-11  1.26E-11  8.89E-12  5.58E-12  3.90E-12  2.69E-12  1.60E-12  1.03E-12
             6.30E-13  2.93E-13  1.49E-13  7.00E-14  2.30E-14  9.28E-15  3.58E-15  9.67E-16  3.52E-16
     3       4.56E-12  3.22E-12  2.04E-12  1.44E-12  1.02E-12  6.45E-13  4.56E-13  3.23E-13  2.04E-13  1.42E-13
             9.80E-14  5.68E-14  3.55E-14  2.09E-14  9.28E-15  4.63E-15  2.17E-15  7.27E-16  3.01E-16
     4       1.48E-11  1.05E-11  6.63E-12  4.68E-12  3.30E-12  2.08E-12  1.45E-12  1.00E-12  5.97E-13  3.86E-13
             2.35E-13  1.09E-13  5.51E-14  2.57E-14  8.41E-15  3.38E-15  1.30E-15  3.51E-16  1.27E-16
     5       1.67E-11  1.18E-11  7.43E-12  5.23E-12  3.67E-12  2.27E-12  1.55E-12  1.03E-12  5.51E-13  3.17E-13
             1.66E-13  6.17E-14  2.64E-14  1.06E-14  2.96E-15  1.09E-15  3.93E-16  1.01E-16  3.58E-17
     6       2.09E-12  1.48E-12  9.34E-13  6.60E-13  4.67E-13  2.95E-13  2.09E-13  1.48E-13  9.26E-14  6.43E-14
             4.38E-14  2.50E-14  1.54E-14  8.99E-15  3.96E-15  1.97E-15  9.17E-16  3.07E-16  1.27E-16
     7       7.04E-12  4.98E-12  3.15E-12  2.22E-12  1.57E-12  9.85E-13  6.88E-13  4.76E-13  2.82E-13  1.81E-13
             1.10E-13  5.05E-14  2.54E-14  1.18E-14  3.84E-15  1.54E-15  5.91E-16  1.59E-16  5.79E-17
     8       1.04E-11  7.36E-12  4.65E-12  3.27E-12  2.30E-12  1.42E-12  9.69E-13  6.42E-13  3.45E-13  1.98E-13
             1.04E-13  3.84E-14  1.64E-14  6.59E-15  1.83E-15  6.73E-16  2.43E-16  6.24E-17  2.22E-17
     9       7.75E-12  5.47E-12  3.44E-12  2.41E-12  1.68E-12  1.01E-12  6.65E-13  4.15E-13  1.97E-13  1.01E-13
             4.68E-14  1.49E-14  5.81E-15  2.18E-15  5.73E-16  2.05E-16  7.31E-17  1.86E-17  6.58E-18
    10       1.15E-12  8.15E-13  5.16E-13  3.65E-13  2.58E-13  1.63E-13  1.15E-13  8.10E-14  5.04E-14  3.47E-14
             2.34E-14  1.32E-14  8.06E-15  4.66E-15  2.04E-15  1.01E-15  4.71E-16  1.57E-16  6.49E-17
    11       3.93E-12  2.78E-12  1.76E-12  1.24E-12  8.75E-13  5.49E-13  3.83E-13  2.64E-13  1.56E-13  9.96E-14
             5.99E-14  2.73E-14  1.37E-14  6.32E-15  2.05E-15  8.20E-16  3.15E-16  8.47E-17  3.08E-17
    12       3.74E-12  2.63E-12  1.65E-12  1.15E-12  7.88E-13  4.58E-13  2.87E-13  1.67E-13  7.02E-14  3.25E-14
             1.38E-14  3.99E-15  1.49E-15  5.41E-16  1.39E-16  4.96E-17  1.76E-17  4.46E-18  1.58E-18
    13       6.38E-12  4.51E-12  2.84E-12  2.00E-12  1.41E-12  8.69E-13  5.93E-13  3.93E-13  2.10E-13  1.20E-13
             6.30E-14  2.32E-14  9.91E-15  3.96E-15  1.10E-15  4.04E-16  1.46E-16  3.74E-17  1.33E-17
    14       6.82E-12  4.81E-12  3.03E-12  2.12E-12  1.48E-12  8.90E-13  5.85E-13  3.65E-13  1.74E-13  8.87E-14
             4.11E-14  1.31E-14  5.10E-15  1.91E-15  5.02E-16  1.80E-16  6.41E-17  1.63E-17  5.76E-18
    15       7.15E-13  5.05E-13  3.19E-13  2.26E-13  1.60E-13  1.01E-13  7.09E-14  4.97E-14  3.06E-14  2.09E-14
             1.39E-14  7.76E-15  4.73E-15  2.72E-15  1.19E-15  5.87E-16  2.73E-16  9.09E-17  3.75E-17
    16       2.44E-12  1.73E-12  1.09E-12  7.71E-13  5.43E-13  3.40E-13  2.37E-13  1.63E-13  9.53E-14  6.05E-14
             3.62E-14  1.63E-14  8.15E-15  3.76E-15  1.22E-15  4.86E-16  1.86E-16  5.02E-17  1.82E-17
    17       4.26E-12  3.00E-12  1.88E-12  1.31E-12  8.98E-13  5.22E-13  3.27E-13  1.90E-13  8.00E-14  3.70E-14
             1.56E-14  4.54E-15  1.69E-15  6.15E-16  1.59E-16  5.64E-17  2.00E-17  5.07E-18  1.79E-18
    18       4.13E-12  2.91E-12  1.84E-12  1.29E-12  9.08E-13  5.61E-13  3.82E-13  2.53E-13  1.35E-13  7.68E-14
             4.00E-14  1.47E-14  6.26E-15  2.50E-15  6.95E-16  2.55E-16  9.20E-17  2.36E-17  8.38E-18
    19       1.84E-12  1.30E-12  8.06E-13  5.56E-13  3.74E-13  2.08E-13  1.23E-13  6.64E-14  2.50E-14  1.07E-14
             4.27E-15  1.17E-15  4.28E-16  1.54E-16  3.93E-17  1.39E-17  4.94E-18  1.25E-18  4.42E-19
    20       5.08E-12  3.59E-12  2.26E-12  1.58E-12  1.10E-12  6.63E-13  4.36E-13  2.72E-13  1.29E-13  6.58E-14
             3.04E-14  9.66E-15  3.77E-15  1.41E-15  3.71E-16  1.33E-16  4.73E-17  1.20E-17  4.25E-18
    21       4.79E-13  3.38E-13  2.14E-13  1.51E-13  1.07E-13  6.72E-14  4.71E-14  3.29E-14  2.01E-14  1.36E-14
             8.99E-15  4.96E-15  3.00E-15  1.72E-15  7.49E-16  3.70E-16  1.72E-16  5.73E-17  2.36E-17
    22       1.64E-12  1.16E-12  7.32E-13  5.16E-13  3.64E-13  2.27E-13  1.58E-13  1.08E-13  6.27E-14  3.95E-14
             2.35E-14  1.05E-14  5.25E-15  2.41E-15  7.80E-16  3.11E-16  1.19E-16  3.21E-17  1.16E-17
    23       3.75E-12  2.64E-12  1.65E-12  1.15E-12  7.90E-13  4.59E-13  2.88E-13  1.67E-13  7.02E-14  3.24E-14
             1.37E-14  3.97E-15  1.48E-15  5.39E-16  1.39E-16  4.94E-17  1.75E-17  4.44E-18  1.57E-18
    24       2.82E-12  1.99E-12  1.25E-12  8.83E-13  6.19E-13  3.82E-13  2.60E-13  1.71E-13  9.08E-14  5.16E-14
             2.68E-14  9.81E-15  4.17E-15  1.67E-15  4.62E-16  1.70E-16  6.12E-17  1.57E-17  5.57E-18
    25       2.58E-12  1.82E-12  1.13E-12  7.79E-13  5.25E-13  2.91E-13  1.73E-13  9.30E-14  3.51E-14  1.50E-14
             5.98E-15  1.65E-15  6.00E-16  2.15E-16  5.50E-17  1.95E-17  6.91E-18  1.75E-18  6.19E-19
    26       9.20E-13  6.45E-13  3.98E-13  2.71E-13  1.78E-13  9.38E-14  5.23E-14  2.63E-14  9.05E-15  3.67E-15
             1.41E-15  3.75E-16  1.35E-16  4.82E-17  1.23E-17  4.35E-18  1.54E-18  3.89E-19  1.38E-19
    27       3.72E-12  2.63E-12  1.65E-12  1.16E-12  8.06E-13  4.86E-13  3.19E-13  1.98E-13  9.39E-14  4.78E-14
             2.21E-14  7.00E-15  2.73E-15  1.02E-15  2.68E-16  9.62E-17  3.42E-17  8.70E-18  3.08E-18
    28       3.39E-13  2.40E-13  1.52E-13  1.07E-13  7.55E-14  4.74E-14  3.31E-14  2.30E-14  1.39E-14  9.33E-15
             6.13E-15  3.36E-15  2.03E-15  1.16E-15  5.03E-16  2.48E-16  1.15E-16  3.83E-17  1.58E-17
    29       1.16E-12  8.21E-13  5.18E-13  3.65E-13  2.57E-13  1.60E-13  1.11E-13  7.55E-14  4.35E-14  2.73E-14
             1.61E-14  7.19E-15  3.57E-15  1.64E-15  5.29E-16  2.11E-16  8.07E-17  2.17E-17  7.87E-18
    30       3.07E-12  2.17E-12  1.36E-12  9.44E-13  6.47E-13  3.76E-13  2.35E-13  1.36E-13  5.73E-14  2.65E-14
             1.12E-14  3.24E-15  1.21E-15  4.39E-16  1.13E-16  4.02E-17  1.43E-17  3.62E-18  1.28E-18
    31       2.01E-12  1.42E-12  8.96E-13  6.31E-13  4.42E-13  2.72E-13  1.85E-13  1.21E-13  6.40E-14  3.62E-14
             1.87E-14  6.84E-15  2.90E-15  1.16E-15  3.21E-16  1.18E-16  4.25E-17  1.09E-17  3.87E-18
    32       2.62E-12  1.84E-12  1.15E-12  7.90E-13  5.32E-13  2.95E-13  1.75E-13  9.42E-14  3.55E-14  1.52E-14
             6.06E-15  1.66E-15  6.07E-16  2.18E-16  5.57E-17  1.98E-17  7.00E-18  1.77E-18  6.27E-19
    33       1.53E-12  1.07E-12  6.64E-13  4.51E-13  2.97E-13  1.56E-13  8.71E-14  4.38E-14  1.51E-14  6.11E-15
             2.34E-15  6.24E-16  2.25E-16  8.03E-17  2.04E-17  7.24E-18  2.56E-18  6.48E-19  2.29E-19
    34       4.64E-13  3.24E-13  1.98E-13  1.32E-13  8.48E-14  4.20E-14  2.21E-14  1.04E-14  3.34E-15  1.30E-15
             4.87E-16  1.28E-16  4.57E-17  1.62E-17  4.12E-18  1.46E-18  5.16E-19  1.31E-19  4.62E-20
    35       2.77E-12  1.95E-12  1.23E-12  8.61E-13  5.98E-13  3.60E-13  2.36E-13  1.47E-13  6.92E-14  3.52E-14
             1.62E-14  5.13E-15  2.00E-15  7.48E-16  1.96E-16  7.04E-17  2.51E-17  6.37E-18  2.25E-18


 -----------------------------------------
 PRTF= 1  TRMPRT= (1S)  SPNPRT= 1  NSYS= 1
                                                                                              -----------------
                                                                                              SYS= 1  SPNSYS= 2
   IREP
   ----
     2       5.41E-11  3.83E-11  2.42E-11  1.71E-11  1.21E-11  7.58E-12  5.32E-12  3.70E-12  2.23E-12  1.48E-12
             9.37E-13  4.73E-13  2.63E-13  1.38E-13  5.36E-14  2.47E-14  1.08E-14  3.41E-15  1.37E-15
     3       3.61E-11  2.55E-11  1.61E-11  1.14E-11  7.99E-12  4.99E-12  3.46E-12  2.35E-12  1.35E-12  8.45E-13
             4.99E-13  2.27E-13  1.17E-13  5.70E-14  2.06E-14  9.06E-15  3.84E-15  1.17E-15  4.62E-16
     4       2.73E-11  1.93E-11  1.22E-11  8.57E-12  6.01E-12  3.71E-12  2.53E-12  1.68E-12  9.17E-13  5.45E-13
             3.04E-13  1.29E-13  6.30E-14  2.94E-14  1.02E-14  4.36E-15  1.81E-15  5.44E-16  2.12E-16
     5       2.20E-11  1.55E-11  9.79E-12  6.88E-12  4.80E-12  2.93E-12  1.96E-12  1.27E-12  6.61E-13  3.76E-13
             2.01E-13  8.05E-14  3.81E-14  1.73E-14  5.80E-15  2.45E-15  1.01E-15  2.98E-16  1.16E-16
     6       1.85E-11  1.30E-11  8.19E-12  5.74E-12  3.98E-12  2.40E-12  1.58E-12  9.94E-13  4.95E-13  2.72E-13
             1.40E-13  5.40E-14  2.49E-14  1.11E-14  3.64E-15  1.52E-15  6.19E-16  1.82E-16  7.02E-17
     7       1.59E-11  1.12E-11  7.04E-12  4.91E-12  3.39E-12  2.01E-12  1.30E-12  7.97E-13  3.82E-13  2.04E-13
             1.02E-13  3.82E-14  1.73E-14  7.59E-15  2.45E-15  1.01E-15  4.10E-16  1.19E-16  4.59E-17
     8       1.40E-11  9.84E-12  6.16E-12  4.28E-12  2.93E-12  1.71E-12  1.08E-12  6.52E-13  3.02E-13  1.57E-13
             7.72E-14  2.81E-14  1.25E-14  5.43E-15  1.73E-15  7.11E-16  2.86E-16  8.29E-17  3.18E-17
     9       1.24E-11  8.76E-12  5.47E-12  3.79E-12  2.58E-12  1.48E-12  9.20E-13  5.41E-13  2.43E-13  1.24E-13
             5.98E-14  2.13E-14  9.39E-15  4.03E-15  1.27E-15  5.19E-16  2.08E-16  6.00E-17  2.29E-17
    10       1.12E-11  7.89E-12  4.91E-12  3.39E-12  2.29E-12  1.29E-12  7.90E-13  4.55E-13  1.99E-13  9.97E-14
             4.73E-14  1.66E-14  7.23E-15  3.08E-15  9.63E-16  3.91E-16  1.56E-16  4.49E-17  1.71E-17
    11       1.02E-11  7.18E-12  4.45E-12  3.05E-12  2.04E-12  1.13E-12  6.84E-13  3.87E-13  1.66E-13  8.15E-14
             3.82E-14  1.32E-14  5.70E-15  2.41E-15  7.48E-16  3.03E-16  1.20E-16  3.45E-17  1.31E-17
    12       9.38E-12  6.58E-12  4.06E-12  2.77E-12  1.84E-12  1.01E-12  5.97E-13  3.32E-13  1.39E-13  6.75E-14
             3.13E-14  1.07E-14  4.58E-15  1.92E-15  5.94E-16  2.39E-16  9.48E-17  2.71E-17  1.03E-17
    13       8.66E-12  6.07E-12  3.73E-12  2.54E-12  1.67E-12  8.97E-13  5.25E-13  2.88E-13  1.18E-13  5.67E-14
             2.60E-14  8.76E-15  3.74E-15  1.56E-15  4.79E-16  1.93E-16  7.61E-17  2.17E-17  8.25E-18
    14       8.04E-12  5.62E-12  3.45E-12  2.33E-12  1.52E-12  8.05E-13  4.64E-13  2.51E-13  1.01E-13  4.81E-14
             2.18E-14  7.29E-15  3.09E-15  1.29E-15  3.93E-16  1.57E-16  6.21E-17  1.77E-17  6.71E-18
    15       7.53E-12  5.26E-12  3.21E-12  2.16E-12  1.40E-12  7.28E-13  4.14E-13  2.21E-13  8.78E-14  4.12E-14
             1.85E-14  6.14E-15  2.59E-15  1.07E-15  3.26E-16  1.30E-16  5.12E-17  1.46E-17  5.52E-18
    16       7.06E-12  4.92E-12  3.00E-12  2.00E-12  1.28E-12  6.59E-13  3.70E-13  1.95E-13  7.64E-14  3.55E-14
             1.59E-14  5.22E-15  2.19E-15  9.04E-16  2.74E-16  1.09E-16  4.28E-17  1.22E-17  4.60E-18
    17       6.26E-12  4.35E-12  2.62E-12  1.73E-12  1.09E-12  5.45E-13  2.99E-13  1.54E-13  5.90E-14  2.70E-14
             1.19E-14  3.87E-15  1.61E-15  6.61E-16  1.99E-16  7.90E-17  3.09E-17  8.74E-18  3.30E-18
    18       5.63E-12  3.90E-12  2.32E-12  1.51E-12  9.41E-13  4.58E-13  2.47E-13  1.25E-13  4.67E-14  2.11E-14
             9.22E-15  2.96E-15  1.23E-15  5.00E-16  1.50E-16  5.92E-17  2.31E-17  6.52E-18  2.45E-18
    19       5.11E-12  3.52E-12  2.08E-12  1.34E-12  8.19E-13  3.89E-13  2.06E-13  1.02E-13  3.77E-14  1.68E-14
             7.29E-15  2.32E-15  9.55E-16  3.88E-16  1.16E-16  4.56E-17  1.78E-17  5.00E-18  1.89E-18
    20       4.45E-12  3.05E-12  1.78E-12  1.12E-12  6.73E-13  3.10E-13  1.60E-13  7.82E-14  2.81E-14  1.24E-14
             5.30E-15  1.67E-15  6.82E-16  2.75E-16  8.16E-17  3.21E-17  1.25E-17  3.49E-18  1.32E-18
    21       3.80E-12  2.58E-12  1.47E-12  9.10E-13  5.30E-13  2.36E-13  1.19E-13  5.66E-14  1.98E-14  8.62E-15
             3.65E-15  1.13E-15  4.60E-16  1.85E-16  5.44E-17  2.13E-17  8.24E-18  2.31E-18  8.66E-19
    22       3.09E-12  2.07E-12  1.14E-12  6.85E-13  3.85E-13  1.63E-13  7.98E-14  3.71E-14  1.26E-14  5.41E-15
             2.26E-15  6.92E-16  2.79E-16  1.11E-16  3.24E-17  1.26E-17  4.87E-18  1.36E-18  5.09E-19
    23       2.74E-12  1.81E-12  9.79E-13  5.76E-13  3.18E-13  1.31E-13  6.31E-14  2.89E-14  9.72E-15  4.12E-15
             1.71E-15  5.20E-16  2.08E-16  8.27E-17  2.41E-17  9.36E-18  3.60E-18  1.00E-18  3.75E-19
    24       2.32E-12  1.51E-12  7.94E-13  4.55E-13  2.44E-13  9.77E-14  4.59E-14  2.07E-14  6.83E-15  2.86E-15
             1.18E-15  3.55E-16  1.42E-16  5.59E-17  1.62E-17  6.28E-18  2.41E-18  6.69E-19  2.50E-19
    25       2.10E-12  1.35E-12  6.97E-13  3.93E-13  2.08E-13  8.15E-14  3.79E-14  1.69E-14  5.52E-15  2.30E-15
             9.42E-16  2.83E-16  1.12E-16  4.43E-17  1.28E-17  4.95E-18  1.90E-18  5.26E-19  1.96E-19
    26       1.82E-12  1.15E-12  5.80E-13  3.20E-13  1.65E-13  6.34E-14  2.90E-14  1.28E-14  4.13E-15  1.71E-15
             6.95E-16  2.07E-16  8.21E-17  3.23E-17  9.28E-18  3.59E-18  1.37E-18  3.79E-19  1.41E-19
    27       1.60E-12  9.98E-13  4.89E-13  2.64E-13  1.34E-13  5.04E-14  2.28E-14  9.94E-15  3.18E-15  1.31E-15
             5.29E-16  1.57E-16  6.19E-17  2.43E-17  6.96E-18  2.68E-18  1.02E-18  2.83E-19  1.05E-19
    28       1.33E-12  8.15E-13  3.86E-13  2.04E-13  1.01E-13  3.70E-14  1.64E-14  7.08E-15  2.23E-15  9.12E-16
             3.67E-16  1.08E-16  4.25E-17  1.66E-17  4.74E-18  1.82E-18  6.95E-19  1.91E-19  7.11E-20
    29       1.09E-12  6.50E-13  2.97E-13  1.52E-13  7.39E-14  2.64E-14  1.16E-14  4.92E-15  1.53E-15  6.21E-16
             2.48E-16  7.27E-17  2.85E-17  1.11E-17  3.15E-18  1.21E-18  4.60E-19  1.27E-19  4.71E-20
    30       8.03E-13  4.60E-13  2.00E-13  9.89E-14  4.65E-14  1.60E-14  6.89E-15  2.88E-15  8.84E-16  3.55E-16
             1.41E-16  4.09E-17  1.59E-17  6.17E-18  1.75E-18  6.68E-19  2.54E-19  6.95E-20  2.58E-20
    31       6.47E-13  3.61E-13  1.51E-13  7.33E-14  3.38E-14  1.14E-14  4.86E-15  2.01E-15  6.12E-16  2.44E-16
             9.64E-17  2.79E-17  1.08E-17  4.18E-18  1.18E-18  4.50E-19  1.71E-19  4.66E-20  1.73E-20
    32       4.68E-13  2.52E-13  1.01E-13  4.75E-14  2.14E-14  7.05E-15  2.95E-15  1.21E-15  3.63E-16  1.44E-16
             5.64E-17  1.62E-17  6.26E-18  2.41E-18  6.78E-19  2.58E-19  9.75E-20  2.66E-20  9.83E-21
    33       3.64E-13  1.90E-13  7.39E-14  3.41E-14  1.51E-14  4.89E-15  2.03E-15  8.26E-16  2.46E-16  9.69E-17
             3.79E-17  1.08E-17  4.17E-18  1.60E-18  4.49E-19  1.71E-19  6.44E-20  1.75E-20  6.47E-21
    34       2.47E-13  1.25E-13  4.63E-14  2.08E-14  9.04E-15  2.87E-15  1.18E-15  4.73E-16  1.39E-16  5.46E-17
             2.12E-17  6.03E-18  2.31E-18  8.86E-19  2.47E-19  9.38E-20  3.53E-20  9.60E-21  3.55E-21
    35       1.81E-13  8.88E-14  3.21E-14  1.42E-14  6.06E-15  1.90E-15  7.70E-16  3.08E-16  9.00E-17  3.51E-17
             1.36E-17  3.85E-18  1.47E-18  5.62E-19  1.57E-19  5.93E-20  2.23E-20  6.05E-21  2.23E-21
    36       1.10E-13  5.21E-14  1.81E-14  7.80E-15  3.27E-15  1.01E-15  4.04E-16  1.60E-16  4.63E-17  1.79E-17
             6.91E-18  1.94E-18  7.42E-19  2.82E-19  7.83E-20  2.96E-20  1.11E-20  3.00E-21  1.10E-21
    37       7.79E-14  3.61E-14  1.22E-14  5.20E-15  2.16E-15  6.55E-16  2.61E-16  1.03E-16  2.96E-17  1.15E-17
             4.40E-18  1.23E-18  4.69E-19  1.78E-19  4.93E-20  1.86E-20  6.96E-21  1.88E-21  6.90E-22
    38       4.56E-14  2.05E-14  6.73E-15  2.81E-15  1.15E-15  3.44E-16  1.36E-16  5.32E-17  1.52E-17  5.84E-18
             2.23E-18  6.23E-19  2.36E-19  8.95E-20  2.47E-20  9.28E-21  3.47E-21  9.37E-22  3.44E-22
    39       3.07E-14  1.35E-14  4.36E-15  1.80E-15  7.30E-16  2.16E-16  8.51E-17  3.31E-17  9.41E-18  3.61E-18
             1.38E-18  3.83E-19  1.45E-19  5.47E-20  1.51E-20  5.66E-21  2.11E-21  5.69E-22  2.09E-22
    40       1.62E-14  6.95E-15  2.19E-15  8.91E-16  3.57E-16  1.04E-16  4.08E-17  1.58E-17  4.45E-18  1.70E-18
             6.45E-19  1.79E-19  6.75E-20  2.54E-20  6.98E-21  2.61E-21  9.74E-22  2.62E-22  9.58E-23
    41       1.12E-14  4.77E-15  1.49E-15  6.01E-16  2.40E-16  6.98E-17  2.71E-17  1.05E-17  2.94E-18  1.12E-18
             4.25E-19  1.17E-19  4.43E-20  1.67E-20  4.57E-21  1.71E-21  6.37E-22  1.71E-22  6.25E-23
    42       6.57E-15  2.76E-15  8.49E-16  3.41E-16  1.35E-16  3.91E-17  1.51E-17  5.82E-18  1.63E-18  6.19E-19
             2.34E-19  6.46E-20  2.43E-20  9.14E-21  2.50E-21  9.34E-22  3.48E-22  9.32E-23  3.42E-23



    T(K)     ALFT( 1)  ALFT( 2)  ALFT( 3)  ALFT( 4)  ALFT( 5)  ALFT( 6)  ALFT( 7)  ALFT( 8)  ALFT( 9)  ALFT(10)
    ----     --------  --------  --------  --------  --------  --------  --------  --------  --------  --------
  3.24E+03   5.39E-10
  6.48E+03   3.58E-10
  1.62E+04   2.04E-10
  3.24E+04   1.33E-10
  6.48E+04   8.29E-11
  1.62E+05   4.43E-11
  3.24E+05   2.73E-11
  6.48E+05   1.66E-11
  1.62E+06   8.33E-12
  3.24E+06   4.79E-12
  6.48E+06   2.67E-12
  1.62E+07   1.17E-12
  3.24E+07   5.94E-13
  6.48E+07   2.90E-13
  1.62E+08   1.05E-13
  3.24E+08   4.67E-14
  6.48E+08   1.99E-14
  1.62E+09   6.14E-15
  3.24E+09   2.43E-15
C--------------------------------------------------------------------------------------------------------------
C
C                                                                            
C
C NAME:
C DATE:   /  /  
C
C--------------------------------------------------------------------------------------------------------------
