SEQ='LI'     NUCCHG=18                                                  /LS/

   PARENT TERM INDEXING                 BWNP=  68665116.4   NPRNTI= 1   NPRNTF= 1
   --------------------
   INDP         CODE                 S L   WI        WNP
   ----         ----                 - -   --  ----------
     1                              (1)0( 0.0)        0.0 

   LS RESOLVED TERM INDEXING            BWNR=  76037743.5   NTRM=  35
   -------------------------
   INDX  INDP   CODE                 S L   WJ        WNR
   ----  ----   ----                 - -   --  ----------
     1     1    2S1                 (2)0( 0.5)        0.0 
     2     1    2P1                 (2)1( 2.5)   255257.8 
     3     1    3S1                 (2)0( 0.5)  4153075.4 
     4     1    3P1                 (2)1( 2.5)  4223518.7 
     5     1    3D1                 (2)2( 4.5)  4250182.7 
     6     1    4S1                 (2)0( 0.5)  5576207.8 
     7     1    4P1                 (2)1( 2.5)  5605192.1 
     8     1    4D1                 (2)2( 4.5)  5616261.1 
     9     1    4F1                 (2)3( 6.5)  5616821.9 
    10     1    5S1                 (2)0( 0.5)  6228310.9 
    11     1    5P1                 (2)1( 2.5)  6242970.5 
    12     1    5G1                 (2)4( 8.5)  6248534.8 
    13     1    5D1                 (2)2( 4.5)  6248594.8 
    14     1    5F1                 (2)3( 6.5)  6248910.5 
    15     1    6S1                 (2)0( 0.5)  6580412.1 
    16     1    6P1                 (2)1( 2.5)  6588835.8 
    17     1    6G1                 (2)4( 8.5)  6592051.6 
    18     1    6D1                 (2)2( 4.5)  6592076.8 
    19     1    6H1                 (2)5(10.5)  6592158.5 
    20     1    6F1                 (2)3( 6.5)  6592268.3 
    21     1    7S1                 (2)0( 0.5)  6791862.4 
    22     1    7P1                 (2)1( 2.5)  6797142.9 
    23     1    7G1                 (2)4( 8.5)  6799166.2 
    24     1    7D1                 (2)2( 4.5)  6799178.6 
    25     1    7H1                 (2)5(10.5)  6799233.5 
    26     1    7I1                 (2)6(12.5)  6799263.6 
    27     1    7F1                 (2)3( 6.5)  6799302.4 
    28     1    8S1                 (2)0( 0.5)  6928703.4 
    29     1    8P1                 (2)1( 2.5)  6932229.8 
    30     1    8G1                 (2)4( 8.5)  6933584.4 
    31     1    8D1                 (2)2( 4.5)  6933591.2 
    32     1    8H1                 (2)5(10.5)  6933629.5 
    33     1    8I1                 (2)6(12.5)  6933649.6 
    34     1    8J1                 (2)7(14.5)  6933659.9 
    35     1    8F1                 (2)3( 6.5)  6933675.5 

   N-SHELL INDEXING                                     NREP= 42
   ----------------
   IREP    N
   -----   -
     1     1
     2     2
     3     3
     4     4
     5     5
     6     6
     7     7
     8     8
     9     9
    10    10
    11    11
    12    12
    13    13
    14    14
    15    15
    16    16
    17    18
    18    20
    19    22
    20    25
    21    29
    22    35
    23    39
    24    45
    25    49
    26    55
    27    61
    28    70
    29    81
    30   100
    31   115
    32   140
    33   162
    34   200
    35   235
    36   300
    37   353
    38   450
    39   535
    40   700
    41   811
    42   999



 --------------------------------
 PRTI= 1  TRMPRT= (1S)  SPNPRT= 1

   INDX TE=  2.56E+03  5.12E+03  1.28E+04  2.56E+04  5.12E+04  1.28E+05  2.56E+05  5.12E+05  1.28E+06  2.56E+06
   ---- ---  5.12E+06  1.28E+07  2.56E+07  5.12E+07  1.28E+08  2.56E+08  5.12E+08  1.28E+09  2.56E+09
     1       1.26E-11  8.93E-12  5.65E-12  3.99E-12  2.82E-12  1.79E-12  1.26E-12  8.93E-13  5.63E-13  3.96E-13
             2.74E-13  1.62E-13  1.03E-13  6.14E-14  2.78E-14  1.40E-14  6.63E-15  2.24E-15  9.31E-16
     2       3.57E-11  2.52E-11  1.60E-11  1.13E-11  7.95E-12  4.99E-12  3.49E-12  2.41E-12  1.43E-12  9.24E-13
             5.64E-13  2.63E-13  1.34E-13  6.29E-14  2.07E-14  8.36E-15  3.23E-15  8.74E-16  3.18E-16
     3       4.04E-12  2.86E-12  1.81E-12  1.28E-12  9.03E-13  5.71E-13  4.04E-13  2.86E-13  1.81E-13  1.27E-13
             8.73E-14  5.08E-14  3.18E-14  1.88E-14  8.38E-15  4.20E-15  1.97E-15  6.62E-16  2.74E-16
     4       1.32E-11  9.37E-12  5.92E-12  4.18E-12  2.95E-12  1.85E-12  1.30E-12  8.96E-13  5.33E-13  3.44E-13
             2.10E-13  9.73E-14  4.93E-14  2.31E-14  7.56E-15  3.04E-15  1.17E-15  3.16E-16  1.15E-16
     5       1.48E-11  1.05E-11  6.60E-12  4.65E-12  3.26E-12  2.02E-12  1.38E-12  9.12E-13  4.90E-13  2.82E-13
             1.48E-13  5.49E-14  2.35E-14  9.44E-15  2.63E-15  9.67E-16  3.50E-16  8.97E-17  3.19E-17
     6       1.85E-12  1.30E-12  8.25E-13  5.83E-13  4.13E-13  2.61E-13  1.85E-13  1.31E-13  8.20E-14  5.71E-14
             3.89E-14  2.23E-14  1.38E-14  8.07E-15  3.57E-15  1.78E-15  8.32E-16  2.79E-16  1.16E-16
     7       6.28E-12  4.44E-12  2.80E-12  1.98E-12  1.40E-12  8.78E-13  6.14E-13  4.24E-13  2.52E-13  1.62E-13
             9.82E-14  4.51E-14  2.28E-14  1.06E-14  3.45E-15  1.39E-15  5.32E-16  1.44E-16  5.22E-17
     8       9.27E-12  6.55E-12  4.13E-12  2.91E-12  2.04E-12  1.26E-12  8.62E-13  5.71E-13  3.07E-13  1.76E-13
             9.24E-14  3.42E-14  1.46E-14  5.86E-15  1.63E-15  6.00E-16  2.17E-16  5.55E-17  1.97E-17
     9       6.89E-12  4.86E-12  3.06E-12  2.14E-12  1.49E-12  8.99E-13  5.91E-13  3.68E-13  1.75E-13  8.97E-14
             4.16E-14  1.32E-14  5.17E-15  1.94E-15  5.09E-16  1.83E-16  6.50E-17  1.65E-17  5.85E-18
    10       1.02E-12  7.19E-13  4.55E-13  3.22E-13  2.27E-13  1.44E-13  1.02E-13  7.15E-14  4.46E-14  3.08E-14
             2.08E-14  1.17E-14  7.21E-15  4.18E-15  1.84E-15  9.14E-16  4.27E-16  1.43E-16  5.91E-17
    11       3.50E-12  2.48E-12  1.56E-12  1.10E-12  7.79E-13  4.89E-13  3.42E-13  2.36E-13  1.39E-13  8.88E-14
             5.35E-14  2.44E-14  1.22E-14  5.66E-15  1.84E-15  7.37E-16  2.83E-16  7.63E-17  2.77E-17
    12       3.33E-12  2.34E-12  1.47E-12  1.02E-12  7.01E-13  4.07E-13  2.55E-13  1.48E-13  6.24E-14  2.89E-14
             1.22E-14  3.54E-15  1.32E-15  4.81E-16  1.24E-16  4.41E-17  1.56E-17  3.96E-18  1.40E-18
    13       5.68E-12  4.01E-12  2.53E-12  1.78E-12  1.25E-12  7.73E-13  5.27E-13  3.49E-13  1.87E-13  1.07E-13
             5.60E-14  2.06E-14  8.81E-15  3.53E-15  9.81E-16  3.60E-16  1.30E-16  3.33E-17  1.18E-17
    14       6.06E-12  4.28E-12  2.69E-12  1.89E-12  1.31E-12  7.91E-13  5.20E-13  3.24E-13  1.54E-13  7.88E-14
             3.65E-14  1.16E-14  4.53E-15  1.70E-15  4.46E-16  1.60E-16  5.69E-17  1.45E-17  5.12E-18
    15       6.30E-13  4.45E-13  2.81E-13  1.99E-13  1.41E-13  8.87E-14  6.25E-14  4.38E-14  2.71E-14  1.85E-14
             1.24E-14  6.91E-15  4.22E-15  2.44E-15  1.07E-15  5.30E-16  2.47E-16  8.26E-17  3.41E-17
    16       2.18E-12  1.54E-12  9.72E-13  6.86E-13  4.84E-13  3.03E-13  2.11E-13  1.45E-13  8.50E-14  5.40E-14
             3.23E-14  1.46E-14  7.30E-15  3.37E-15  1.09E-15  4.37E-16  1.68E-16  4.52E-17  1.64E-17
    17       3.79E-12  2.67E-12  1.67E-12  1.16E-12  7.98E-13  4.64E-13  2.91E-13  1.69E-13  7.11E-14  3.29E-14
             1.39E-14  4.03E-15  1.50E-15  5.47E-16  1.41E-16  5.01E-17  1.78E-17  4.51E-18  1.59E-18
    18       3.67E-12  2.59E-12  1.63E-12  1.15E-12  8.08E-13  4.99E-13  3.40E-13  2.25E-13  1.20E-13  6.83E-14
             3.56E-14  1.31E-14  5.57E-15  2.23E-15  6.19E-16  2.27E-16  8.19E-17  2.10E-17  7.46E-18
    19       1.64E-12  1.15E-12  7.17E-13  4.94E-13  3.33E-13  1.85E-13  1.09E-13  5.90E-14  2.23E-14  9.54E-15
             3.80E-15  1.04E-15  3.81E-16  1.37E-16  3.49E-17  1.24E-17  4.39E-18  1.11E-18  3.93E-19
    20       4.52E-12  3.19E-12  2.01E-12  1.41E-12  9.78E-13  5.90E-13  3.88E-13  2.42E-13  1.15E-13  5.85E-14
             2.71E-14  8.58E-15  3.35E-15  1.25E-15  3.29E-16  1.18E-16  4.20E-17  1.07E-17  3.78E-18
    21       4.22E-13  2.98E-13  1.88E-13  1.33E-13  9.40E-14  5.92E-14  4.16E-14  2.90E-14  1.77E-14  1.20E-14
             7.97E-15  4.42E-15  2.68E-15  1.54E-15  6.74E-16  3.34E-16  1.56E-16  5.20E-17  2.15E-17
    22       1.46E-12  1.03E-12  6.51E-13  4.60E-13  3.24E-13  2.03E-13  1.41E-13  9.62E-14  5.58E-14  3.52E-14
             2.10E-14  9.43E-15  4.69E-15  2.16E-15  7.00E-16  2.80E-16  1.07E-16  2.89E-17  1.05E-17
    23       3.33E-12  2.35E-12  1.47E-12  1.02E-12  7.02E-13  4.08E-13  2.56E-13  1.48E-13  6.24E-14  2.88E-14
             1.22E-14  3.53E-15  1.32E-15  4.79E-16  1.23E-16  4.39E-17  1.56E-17  3.95E-18  1.40E-18
    24       2.50E-12  1.77E-12  1.12E-12  7.86E-13  5.51E-13  3.40E-13  2.31E-13  1.52E-13  8.08E-14  4.59E-14
             2.38E-14  8.73E-15  3.71E-15  1.48E-15  4.11E-16  1.51E-16  5.45E-17  1.40E-17  4.96E-18
    25       2.30E-12  1.61E-12  1.00E-12  6.92E-13  4.66E-13  2.59E-13  1.53E-13  8.27E-14  3.12E-14  1.34E-14
             5.32E-15  1.46E-15  5.33E-16  1.91E-16  4.89E-17  1.74E-17  6.15E-18  1.56E-18  5.50E-19
    26       8.18E-13  5.73E-13  3.54E-13  2.41E-13  1.58E-13  8.34E-14  4.65E-14  2.34E-14  8.05E-15  3.26E-15
             1.25E-15  3.33E-16  1.20E-16  4.28E-17  1.09E-17  3.86E-18  1.37E-18  3.46E-19  1.22E-19
    27       3.31E-12  2.34E-12  1.47E-12  1.03E-12  7.16E-13  4.32E-13  2.83E-13  1.76E-13  8.35E-14  4.25E-14
             1.96E-14  6.22E-15  2.43E-15  9.08E-16  2.39E-16  8.55E-17  3.04E-17  7.73E-18  2.74E-18
    28       2.99E-13  2.11E-13  1.33E-13  9.42E-14  6.64E-14  4.17E-14  2.92E-14  2.03E-14  1.23E-14  8.25E-15
             5.44E-15  2.99E-15  1.81E-15  1.04E-15  4.53E-16  2.24E-16  1.04E-16  3.48E-17  1.44E-17
    29       1.03E-12  7.30E-13  4.61E-13  3.25E-13  2.29E-13  1.43E-13  9.88E-14  6.72E-14  3.87E-14  2.43E-14
             1.44E-14  6.43E-15  3.19E-15  1.47E-15  4.74E-16  1.89E-16  7.26E-17  1.95E-17  7.09E-18
    30       2.73E-12  1.92E-12  1.21E-12  8.39E-13  5.75E-13  3.34E-13  2.09E-13  1.21E-13  5.10E-14  2.35E-14
             9.94E-15  2.88E-15  1.07E-15  3.90E-16  1.01E-16  3.58E-17  1.27E-17  3.22E-18  1.14E-18
    31       1.79E-12  1.26E-12  7.97E-13  5.61E-13  3.93E-13  2.42E-13  1.64E-13  1.08E-13  5.69E-14  3.22E-14
             1.67E-14  6.08E-15  2.58E-15  1.03E-15  2.86E-16  1.05E-16  3.78E-17  9.70E-18  3.44E-18
    32       2.33E-12  1.64E-12  1.02E-12  7.02E-13  4.73E-13  2.63E-13  1.55E-13  8.38E-14  3.16E-14  1.35E-14
             5.38E-15  1.48E-15  5.39E-16  1.94E-16  4.95E-17  1.76E-17  6.22E-18  1.57E-18  5.57E-19
    33       1.36E-12  9.56E-13  5.90E-13  4.01E-13  2.64E-13  1.39E-13  7.74E-14  3.89E-14  1.34E-14  5.43E-15
             2.08E-15  5.55E-16  2.00E-16  7.14E-17  1.82E-17  6.43E-18  2.28E-18  5.76E-19  2.04E-19
    34       4.13E-13  2.88E-13  1.76E-13  1.18E-13  7.53E-14  3.74E-14  1.96E-14  9.27E-15  2.97E-15  1.16E-15
             4.33E-16  1.13E-16  4.06E-17  1.44E-17  3.67E-18  1.30E-18  4.59E-19  1.16E-19  4.11E-20
    35       2.46E-12  1.74E-12  1.09E-12  7.65E-13  5.32E-13  3.20E-13  2.10E-13  1.30E-13  6.15E-14  3.13E-14
             1.44E-14  4.56E-15  1.78E-15  6.65E-16  1.75E-16  6.26E-17  2.23E-17  5.66E-18  2.00E-18


 -----------------------------------------
 PRTF= 1  TRMPRT= (1S)  SPNPRT= 1  NSYS= 1
                                                                                              -----------------
                                                                                              SYS= 1  SPNSYS= 2
   IREP
   ----
     2       4.83E-11  3.42E-11  2.16E-11  1.53E-11  1.08E-11  6.77E-12  4.75E-12  3.30E-12  1.99E-12  1.32E-12
             8.38E-13  4.24E-13  2.37E-13  1.24E-13  4.85E-14  2.24E-14  9.82E-15  3.10E-15  1.25E-15
     3       3.21E-11  2.27E-11  1.43E-11  1.01E-11  7.12E-12  4.44E-12  3.08E-12  2.09E-12  1.20E-12  7.53E-13
             4.45E-13  2.03E-13  1.05E-13  5.11E-14  1.85E-14  8.17E-15  3.47E-15  1.06E-15  4.20E-16
     4       2.43E-11  1.72E-11  1.08E-11  7.62E-12  5.34E-12  3.30E-12  2.25E-12  1.49E-12  8.16E-13  4.85E-13
             2.71E-13  1.15E-13  5.62E-14  2.64E-14  9.12E-15  3.93E-15  1.64E-15  4.92E-16  1.92E-16
     5       1.96E-11  1.38E-11  8.71E-12  6.12E-12  4.27E-12  2.60E-12  1.75E-12  1.13E-12  5.88E-13  3.34E-13
             1.79E-13  7.18E-14  3.40E-14  1.55E-14  5.20E-15  2.20E-15  9.07E-16  2.69E-16  1.05E-16
     6       1.64E-11  1.16E-11  7.28E-12  5.10E-12  3.54E-12  2.13E-12  1.40E-12  8.83E-13  4.40E-13  2.42E-13
             1.25E-13  4.81E-14  2.22E-14  9.92E-15  3.26E-15  1.37E-15  5.57E-16  1.64E-16  6.34E-17
     7       1.41E-11  9.97E-12  6.25E-12  4.37E-12  3.01E-12  1.78E-12  1.15E-12  7.09E-13  3.40E-13  1.81E-13
             9.11E-14  3.40E-14  1.54E-14  6.77E-15  2.19E-15  9.09E-16  3.68E-16  1.08E-16  4.15E-17
     8       1.24E-11  8.75E-12  5.47E-12  3.81E-12  2.61E-12  1.52E-12  9.64E-13  5.79E-13  2.69E-13  1.40E-13
             6.87E-14  2.50E-14  1.12E-14  4.84E-15  1.55E-15  6.37E-16  2.57E-16  7.47E-17  2.87E-17
     9       1.11E-11  7.79E-12  4.86E-12  3.37E-12  2.29E-12  1.31E-12  8.18E-13  4.81E-13  2.16E-13  1.10E-13
             5.32E-14  1.90E-14  8.37E-15  3.59E-15  1.14E-15  4.65E-16  1.86E-16  5.40E-17  2.07E-17
    10       9.98E-12  7.02E-12  4.37E-12  3.01E-12  2.03E-12  1.15E-12  7.02E-13  4.05E-13  1.77E-13  8.86E-14
             4.21E-14  1.48E-14  6.44E-15  2.74E-15  8.61E-16  3.51E-16  1.40E-16  4.04E-17  1.54E-17
    11       9.08E-12  6.38E-12  3.96E-12  2.71E-12  1.82E-12  1.01E-12  6.08E-13  3.44E-13  1.47E-13  7.24E-14
             3.39E-14  1.17E-14  5.08E-15  2.15E-15  6.69E-16  2.71E-16  1.08E-16  3.10E-17  1.18E-17
    12       8.33E-12  5.85E-12  3.61E-12  2.47E-12  1.64E-12  8.94E-13  5.30E-13  2.95E-13  1.24E-13  6.00E-14
             2.78E-14  9.49E-15  4.08E-15  1.71E-15  5.31E-16  2.14E-16  8.50E-17  2.44E-17  9.29E-18
    13       7.70E-12  5.39E-12  3.32E-12  2.25E-12  1.48E-12  7.98E-13  4.66E-13  2.56E-13  1.05E-13  5.04E-14
             2.31E-14  7.80E-15  3.33E-15  1.39E-15  4.28E-16  1.72E-16  6.83E-17  1.95E-17  7.43E-18
    14       7.15E-12  5.00E-12  3.07E-12  2.07E-12  1.35E-12  7.16E-13  4.13E-13  2.23E-13  9.02E-14  4.27E-14
             1.94E-14  6.49E-15  2.75E-15  1.15E-15  3.51E-16  1.41E-16  5.57E-17  1.59E-17  6.04E-18
    15       6.69E-12  4.68E-12  2.86E-12  1.92E-12  1.24E-12  6.47E-13  3.68E-13  1.96E-13  7.81E-14  3.66E-14
             1.65E-14  5.47E-15  2.31E-15  9.56E-16  2.91E-16  1.17E-16  4.59E-17  1.31E-17  4.96E-18
    16       6.28E-12  4.38E-12  2.66E-12  1.78E-12  1.14E-12  5.86E-13  3.29E-13  1.73E-13  6.79E-14  3.16E-14
             1.41E-14  4.64E-15  1.95E-15  8.06E-16  2.45E-16  9.77E-17  3.84E-17  1.09E-17  4.14E-18
    17       5.57E-12  3.87E-12  2.33E-12  1.54E-12  9.70E-13  4.85E-13  2.66E-13  1.37E-13  5.24E-14  2.40E-14
             1.06E-14  3.44E-15  1.44E-15  5.89E-16  1.78E-16  7.07E-17  2.77E-17  7.85E-18  2.96E-18
    18       5.00E-12  3.46E-12  2.07E-12  1.35E-12  8.37E-13  4.07E-13  2.19E-13  1.11E-13  4.15E-14  1.88E-14
             8.20E-15  2.63E-15  1.09E-15  4.46E-16  1.34E-16  5.30E-17  2.07E-17  5.85E-18  2.20E-18
    19       4.54E-12  3.13E-12  1.85E-12  1.19E-12  7.28E-13  3.46E-13  1.83E-13  9.11E-14  3.35E-14  1.50E-14
             6.48E-15  2.06E-15  8.50E-16  3.46E-16  1.03E-16  4.08E-17  1.59E-17  4.48E-18  1.69E-18
    20       3.96E-12  2.71E-12  1.58E-12  9.99E-13  5.98E-13  2.76E-13  1.42E-13  6.95E-14  2.50E-14  1.10E-14
             4.71E-15  1.48E-15  6.07E-16  2.45E-16  7.28E-17  2.87E-17  1.12E-17  3.14E-18  1.18E-18
    21       3.38E-12  2.29E-12  1.31E-12  8.09E-13  4.71E-13  2.09E-13  1.05E-13  5.03E-14  1.76E-14  7.67E-15
             3.24E-15  1.01E-15  4.10E-16  1.65E-16  4.85E-17  1.90E-17  7.38E-18  2.07E-18  7.78E-19
    22       2.75E-12  1.84E-12  1.02E-12  6.09E-13  3.43E-13  1.45E-13  7.09E-14  3.29E-14  1.12E-14  4.81E-15
             2.01E-15  6.15E-16  2.48E-16  9.89E-17  2.89E-17  1.13E-17  4.36E-18  1.22E-18  4.57E-19
    23       2.43E-12  1.61E-12  8.71E-13  5.12E-13  2.82E-13  1.17E-13  5.61E-14  2.57E-14  8.64E-15  3.66E-15
             1.52E-15  4.62E-16  1.85E-16  7.37E-17  2.15E-17  8.36E-18  3.22E-18  8.98E-19  3.37E-19
    24       2.06E-12  1.34E-12  7.06E-13  4.04E-13  2.17E-13  8.68E-14  4.08E-14  1.84E-14  6.07E-15  2.55E-15
             1.05E-15  3.16E-16  1.26E-16  4.98E-17  1.45E-17  5.61E-18  2.16E-18  5.99E-19  2.24E-19
    25       1.87E-12  1.20E-12  6.19E-13  3.49E-13  1.84E-13  7.24E-14  3.37E-14  1.50E-14  4.91E-15  2.05E-15
             8.38E-16  2.51E-16  1.00E-16  3.95E-17  1.14E-17  4.42E-18  1.70E-18  4.71E-19  1.76E-19
    26       1.62E-12  1.03E-12  5.15E-13  2.84E-13  1.47E-13  5.64E-14  2.58E-14  1.14E-14  3.67E-15  1.52E-15
             6.18E-16  1.84E-16  7.31E-17  2.87E-17  8.28E-18  3.20E-18  1.23E-18  3.40E-19  1.27E-19
    27       1.42E-12  8.87E-13  4.34E-13  2.35E-13  1.19E-13  4.48E-14  2.03E-14  8.83E-15  2.82E-15  1.16E-15
             4.70E-16  1.39E-16  5.51E-17  2.16E-17  6.21E-18  2.40E-18  9.16E-19  2.53E-19  9.44E-20
    28       1.19E-12  7.24E-13  3.43E-13  1.81E-13  8.98E-14  3.29E-14  1.46E-14  6.29E-15  1.99E-15  8.11E-16
             3.26E-16  9.61E-17  3.78E-17  1.48E-17  4.23E-18  1.63E-18  6.21E-19  1.71E-19  6.37E-20
    29       9.71E-13  5.78E-13  2.64E-13  1.36E-13  6.57E-14  2.34E-14  1.03E-14  4.37E-15  1.36E-15  5.52E-16
             2.21E-16  6.46E-17  2.53E-17  9.86E-18  2.81E-18  1.08E-18  4.11E-19  1.13E-19  4.22E-20
    30       7.14E-13  4.09E-13  1.77E-13  8.79E-14  4.13E-14  1.42E-14  6.12E-15  2.56E-15  7.86E-16  3.15E-16
             1.25E-16  3.64E-17  1.42E-17  5.49E-18  1.56E-18  5.96E-19  2.27E-19  6.22E-20  2.31E-20
    31       5.75E-13  3.21E-13  1.34E-13  6.51E-14  3.00E-14  1.02E-14  4.32E-15  1.79E-15  5.44E-16  2.17E-16
             8.57E-17  2.48E-17  9.62E-18  3.72E-18  1.05E-18  4.02E-19  1.52E-19  4.17E-20  1.55E-20
    32       4.16E-13  2.24E-13  8.97E-14  4.22E-14  1.90E-14  6.27E-15  2.62E-15  1.08E-15  3.23E-16  1.28E-16
             5.02E-17  1.44E-17  5.57E-18  2.15E-18  6.04E-19  2.30E-19  8.71E-20  2.38E-20  8.81E-21
    33       3.23E-13  1.69E-13  6.57E-14  3.03E-14  1.34E-14  4.35E-15  1.80E-15  7.34E-16  2.18E-16  8.61E-17
             3.37E-17  9.62E-18  3.71E-18  1.43E-18  4.00E-19  1.52E-19  5.75E-20  1.57E-20  5.79E-21
    34       2.19E-13  1.11E-13  4.12E-14  1.85E-14  8.03E-15  2.55E-15  1.04E-15  4.21E-16  1.24E-16  4.85E-17
             1.89E-17  5.36E-18  2.06E-18  7.88E-19  2.21E-19  8.37E-20  3.16E-20  8.59E-21  3.18E-21
    35       1.61E-13  7.89E-14  2.85E-14  1.26E-14  5.39E-15  1.69E-15  6.85E-16  2.74E-16  8.00E-17  3.12E-17
             1.21E-17  3.42E-18  1.31E-18  5.01E-19  1.40E-19  5.29E-20  1.99E-20  5.41E-21  2.00E-21
    36       9.79E-14  4.63E-14  1.61E-14  6.94E-15  2.91E-15  8.93E-16  3.59E-16  1.42E-16  4.11E-17  1.60E-17
             6.15E-18  1.73E-18  6.60E-19  2.51E-19  6.98E-20  2.64E-20  9.90E-21  2.68E-21  9.88E-22
    37       6.93E-14  3.20E-14  1.09E-14  4.62E-15  1.92E-15  5.83E-16  2.32E-16  9.16E-17  2.63E-17  1.02E-17
             3.91E-18  1.10E-18  4.17E-19  1.59E-19  4.39E-20  1.66E-20  6.22E-21  1.68E-21  6.18E-22
    38       4.05E-14  1.82E-14  5.98E-15  2.50E-15  1.02E-15  3.06E-16  1.21E-16  4.73E-17  1.35E-17  5.19E-18
             1.99E-18  5.54E-19  2.10E-19  7.97E-20  2.20E-20  8.28E-21  3.10E-21  8.37E-22  3.08E-22
    39       2.73E-14  1.20E-14  3.88E-15  1.60E-15  6.49E-16  1.92E-16  7.56E-17  2.95E-17  8.37E-18  3.21E-18
             1.22E-18  3.40E-19  1.29E-19  4.87E-20  1.34E-20  5.04E-21  1.89E-21  5.09E-22  1.87E-22
    40       1.44E-14  6.18E-15  1.94E-15  7.92E-16  3.17E-16  9.29E-17  3.62E-17  1.40E-17  3.96E-18  1.51E-18
             5.74E-19  1.59E-19  6.00E-20  2.26E-20  6.21E-21  2.33E-21  8.69E-22  2.34E-22  8.57E-23
    41       9.97E-15  4.24E-15  1.32E-15  5.34E-16  2.13E-16  6.20E-17  2.41E-17  9.31E-18  2.62E-18  9.97E-19
             3.78E-19  1.04E-19  3.94E-20  1.48E-20  4.07E-21  1.52E-21  5.68E-22  1.52E-22  5.58E-23
    42       5.84E-15  2.45E-15  7.55E-16  3.03E-16  1.20E-16  3.47E-17  1.34E-17  5.17E-18  1.45E-18  5.51E-19
             2.08E-19  5.74E-20  2.16E-20  8.13E-21  2.23E-21  8.33E-22  3.10E-22  8.33E-23  3.06E-23



    T(K)     ALFT( 1)  ALFT( 2)  ALFT( 3)  ALFT( 4)  ALFT( 5)  ALFT( 6)  ALFT( 7)  ALFT( 8)  ALFT( 9)  ALFT(10)
    ----     --------  --------  --------  --------  --------  --------  --------  --------  --------  --------
  2.56E+03   4.80E-10
  5.12E+03   3.18E-10
  1.28E+04   1.81E-10
  2.56E+04   1.18E-10
  5.12E+04   7.38E-11
  1.28E+05   3.95E-11
  2.56E+05   2.43E-11
  5.12E+05   1.48E-11
  1.28E+06   7.42E-12
  2.56E+06   4.27E-12
  5.12E+06   2.38E-12
  1.28E+07   1.04E-12
  2.56E+07   5.31E-13
  5.12E+07   2.60E-13
  1.28E+08   9.48E-14
  2.56E+08   4.22E-14
  5.12E+08   1.81E-14
  1.28E+09   5.57E-15
  2.56E+09   2.21E-15
C--------------------------------------------------------------------------------------------------------------
C
C                                                                            
C
C NAME:
C DATE:   /  /  
C
C--------------------------------------------------------------------------------------------------------------
