SEQ='NA'     NUCCHG=18                                                  /LS/

   PARENT TERM INDEXING                 BWNP= 111042500.9   NPRNTI= 1   NPRNTF= 1
   --------------------
   INDP         CODE                 S L   WI        WNP
   ----         ----                 - -   --  ----------
     1                              (1)0( 0.0)        0.0 

   LS RESOLVED TERM INDEXING            BWNR= 112195140.4   NTRM=  33
   -------------------------
   INDX  INDP   CODE                 S L   WJ        WNR
   ----  ----   ----                 - -   --  ----------
     1     1    3S1                 (2)0( 0.5)        0.0 
     2     1    3P1                 (2)1( 2.5)   138967.4 
     3     1    3D1                 (2)2( 4.5)   333000.0 
     4     1    4S1                 (2)0( 0.5)   573394.7 
     5     1    4P1                 (2)1( 2.5)   625404.4 
     6     1    4D1                 (2)2( 4.5)   694653.1 
     7     1    4F1                 (2)3( 6.5)   713018.2 
     8     1    5S1                 (2)0( 0.5)   803782.6 
     9     1    5P1                 (2)1( 2.5)   828666.0 
    10     1    5D1                 (2)2( 4.5)   861561.7 
    11     1    5G1                 (2)4( 8.5)   870483.8 
    12     1    5F1                 (2)3( 6.5)   871199.4 
    13     1    6S1                 (2)0( 0.5)   919550.2 
    14     1    6P1                 (2)1( 2.5)   933330.1 
    15     1    6D1                 (2)2( 4.5)   951575.4 
    16     1    6G1                 (2)4( 8.5)   956840.5 
    17     1    6H1                 (2)5(10.5)   957184.9 
    18     1    6F1                 (2)3( 6.5)   957200.9 
    19     1    7S1                 (2)0( 0.5)   985919.9 
    20     1    7P1                 (2)1( 2.5)   994332.8 
    21     1    7D1                 (2)2( 4.5)  1005513.3 
    22     1    7G1                 (2)4( 8.5)  1008861.9 
    23     1    7F1                 (2)3( 6.5)  1009068.4 
    24     1    7H1                 (2)5(10.5)  1009078.6 
    25     1    7I1                 (2)6(12.5)  1009175.3 
    26     1    8S1                 (2)0( 0.5)  1027489.9 
    27     1    8P1                 (2)1( 2.5)  1032997.5 
    28     1    8D1                 (2)2( 4.5)  1040346.8 
    29     1    8G1                 (2)4( 8.5)  1042602.7 
    30     1    8F1                 (2)3( 6.5)  1042732.1 
    31     1    8H1                 (2)5(10.5)  1042747.8 
    32     1    8I1                 (2)6(12.5)  1042812.5 
    33     1    8J1                 (2)7(14.5)  1042845.6 

   N-SHELL INDEXING                                     NREP= 42
   ----------------
   IREP    N
   -----   -
     1     1
     2     2
     3     3
     4     4
     5     5
     6     6
     7     7
     8     8
     9     9
    10    10
    11    11
    12    12
    13    13
    14    14
    15    15
    16    16
    17    18
    18    20
    19    22
    20    25
    21    29
    22    35
    23    39
    24    45
    25    49
    26    55
    27    61
    28    70
    29    81
    30   100
    31   115
    32   140
    33   162
    34   200
    35   235
    36   300
    37   353
    38   450
    39   535
    40   700
    41   811
    42   999



 --------------------------------
 PRTI= 1  TRMPRT= (1S)  SPNPRT= 1

   INDX TE=  6.40E+02  1.28E+03  3.20E+03  6.40E+03  1.28E+04  3.20E+04  6.40E+04  1.28E+05  3.20E+05  6.40E+05
   ---- ---  1.28E+06  3.20E+06  6.40E+06  1.28E+07  3.20E+07  6.40E+07  1.28E+08  3.20E+08  6.40E+08
     1       2.06E-12  1.45E-12  9.20E-13  6.51E-13  4.61E-13  2.93E-13  2.08E-13  1.49E-13  9.74E-14  7.15E-14
             5.30E-14  3.58E-14  2.62E-14  1.84E-14  1.05E-14  6.22E-15  3.40E-15  1.35E-15  6.19E-16
     2       8.34E-12  5.90E-12  3.73E-12  2.64E-12  1.87E-12  1.19E-12  8.47E-13  6.07E-13  3.93E-13  2.83E-13
             1.99E-13  1.16E-13  7.07E-14  3.93E-14  1.56E-14  7.04E-15  2.95E-15  8.62E-16  3.25E-16
     3       1.04E-11  7.32E-12  4.62E-12  3.25E-12  2.28E-12  1.42E-12  9.72E-13  6.50E-13  3.57E-13  2.11E-13
             1.16E-13  4.60E-14  2.09E-14  8.88E-15  2.62E-15  9.93E-16  3.66E-16  9.52E-17  3.40E-17
     4       7.42E-13  5.25E-13  3.32E-13  2.35E-13  1.67E-13  1.06E-13  7.59E-14  5.46E-14  3.60E-14  2.65E-14
             1.97E-14  1.32E-14  9.60E-15  6.71E-15  3.79E-15  2.25E-15  1.23E-15  4.87E-16  2.23E-16
     5       2.81E-12  1.99E-12  1.26E-12  8.90E-13  6.32E-13  4.04E-13  2.90E-13  2.10E-13  1.39E-13  1.02E-13
             7.32E-14  4.34E-14  2.66E-14  1.48E-14  5.93E-15  2.68E-15  1.12E-15  3.28E-16  1.24E-16
     6       6.08E-12  4.30E-12  2.71E-12  1.91E-12  1.34E-12  8.35E-13  5.73E-13  3.84E-13  2.12E-13  1.26E-13
             6.92E-14  2.76E-14  1.25E-14  5.32E-15  1.57E-15  5.95E-16  2.19E-16  5.71E-17  2.04E-17
     7       3.53E-12  2.49E-12  1.57E-12  1.10E-12  7.65E-13  4.62E-13  3.04E-13  1.90E-13  9.07E-14  4.66E-14
             2.18E-14  6.99E-15  2.75E-15  1.04E-15  2.74E-16  9.86E-17  3.52E-17  8.94E-18  3.17E-18
     8       3.60E-13  2.54E-13  1.61E-13  1.14E-13  8.08E-14  5.16E-14  3.70E-14  2.67E-14  1.76E-14  1.30E-14
             9.59E-15  6.37E-15  4.59E-15  3.18E-15  1.79E-15  1.06E-15  5.79E-16  2.30E-16  1.05E-16
     9       1.31E-12  9.25E-13  5.86E-13  4.15E-13  2.95E-13  1.89E-13  1.36E-13  9.95E-14  6.68E-14  4.93E-14
             3.55E-14  2.11E-14  1.29E-14  7.22E-15  2.89E-15  1.30E-15  5.47E-16  1.60E-16  6.03E-17
    10       3.55E-12  2.51E-12  1.58E-12  1.12E-12  7.84E-13  4.87E-13  3.35E-13  2.25E-13  1.24E-13  7.38E-14
             4.05E-14  1.61E-14  7.34E-15  3.11E-15  9.19E-16  3.48E-16  1.28E-16  3.33E-17  1.19E-17
    11       1.66E-12  1.17E-12  7.34E-13  5.11E-13  3.50E-13  2.04E-13  1.28E-13  7.41E-14  3.12E-14  1.44E-14
             6.11E-15  1.77E-15  6.61E-16  2.41E-16  6.20E-17  2.21E-17  7.82E-18  1.98E-18  7.01E-19
    12       3.12E-12  2.20E-12  1.38E-12  9.71E-13  6.75E-13  4.08E-13  2.68E-13  1.68E-13  8.01E-14  4.11E-14
             1.92E-14  6.15E-15  2.42E-15  9.12E-16  2.41E-16  8.67E-17  3.09E-17  7.86E-18  2.78E-18
    13       2.04E-13  1.44E-13  9.15E-14  6.48E-14  4.60E-14  2.94E-14  2.11E-14  1.52E-14  1.00E-14  7.37E-15
             5.41E-15  3.56E-15  2.54E-15  1.76E-15  9.87E-16  5.83E-16  3.17E-16  1.26E-16  5.77E-17
    14       7.27E-13  5.14E-13  3.26E-13  2.31E-13  1.64E-13  1.06E-13  7.63E-14  5.59E-14  3.76E-14  2.78E-14
             2.00E-14  1.19E-14  7.28E-15  4.06E-15  1.62E-15  7.32E-16  3.07E-16  8.98E-17  3.39E-17
    15       2.22E-12  1.57E-12  9.89E-13  6.97E-13  4.90E-13  3.05E-13  2.09E-13  1.40E-13  7.75E-14  4.60E-14
             2.52E-14  1.00E-14  4.55E-15  1.93E-15  5.69E-16  2.15E-16  7.93E-17  2.06E-17  7.37E-18
    16       1.89E-12  1.33E-12  8.36E-13  5.82E-13  3.99E-13  2.32E-13  1.45E-13  8.44E-14  3.56E-14  1.64E-14
             6.96E-15  2.02E-15  7.52E-16  2.74E-16  7.05E-17  2.51E-17  8.89E-18  2.25E-18  7.97E-19
    17       8.19E-13  5.76E-13  3.58E-13  2.47E-13  1.66E-13  9.23E-14  5.47E-14  2.95E-14  1.11E-14  4.77E-15
             1.90E-15  5.22E-16  1.90E-16  6.84E-17  1.75E-17  6.20E-18  2.19E-18  5.56E-19  1.97E-19
    18       2.33E-12  1.64E-12  1.03E-12  7.25E-13  5.04E-13  3.04E-13  2.00E-13  1.25E-13  5.96E-14  3.06E-14
             1.42E-14  4.56E-15  1.79E-15  6.75E-16  1.78E-16  6.41E-17  2.29E-17  5.81E-18  2.06E-18
    19       1.29E-13  9.09E-14  5.76E-14  4.08E-14  2.90E-14  1.85E-14  1.33E-14  9.60E-15  6.30E-15  4.60E-15
             3.35E-15  2.19E-15  1.56E-15  1.07E-15  6.00E-16  3.54E-16  1.93E-16  7.65E-17  3.50E-17
    20       4.53E-13  3.20E-13  2.03E-13  1.44E-13  1.02E-13  6.58E-14  4.76E-14  3.48E-14  2.34E-14  1.73E-14
             1.24E-14  7.35E-15  4.50E-15  2.51E-15  1.00E-15  4.51E-16  1.89E-16  5.54E-17  2.09E-17
    21       1.48E-12  1.04E-12  6.59E-13  4.64E-13  3.26E-13  2.03E-13  1.39E-13  9.31E-14  5.13E-14  3.03E-14
             1.66E-14  6.59E-15  2.99E-15  1.27E-15  3.73E-16  1.41E-16  5.20E-17  1.35E-17  4.83E-18
    22       1.67E-12  1.17E-12  7.35E-13  5.12E-13  3.51E-13  2.04E-13  1.28E-13  7.42E-14  3.12E-14  1.44E-14
             6.09E-15  1.77E-15  6.58E-16  2.40E-16  6.17E-17  2.20E-17  7.79E-18  1.97E-18  6.98E-19
    23       1.71E-12  1.21E-12  7.58E-13  5.32E-13  3.70E-13  2.23E-13  1.47E-13  9.13E-14  4.35E-14  2.22E-14
             1.03E-14  3.31E-15  1.30E-15  4.89E-16  1.29E-16  4.64E-17  1.66E-17  4.21E-18  1.49E-18
    24       1.15E-12  8.07E-13  5.02E-13  3.46E-13  2.33E-13  1.30E-13  7.67E-14  4.13E-14  1.56E-14  6.68E-15
             2.66E-15  7.31E-16  2.67E-16  9.57E-17  2.45E-17  8.68E-18  3.07E-18  7.78E-19  2.75E-19
    25       4.09E-13  2.87E-13  1.77E-13  1.20E-13  7.92E-14  4.17E-14  2.32E-14  1.17E-14  4.02E-15  1.63E-15
             6.25E-16  1.67E-16  6.00E-17  2.14E-17  5.45E-18  1.93E-18  6.83E-19  1.73E-19  6.12E-20
    26       8.69E-14  6.15E-14  3.89E-14  2.76E-14  1.96E-14  1.25E-14  8.99E-15  6.47E-15  4.22E-15  3.06E-15
             2.22E-15  1.44E-15  1.02E-15  7.01E-16  3.92E-16  2.31E-16  1.26E-16  4.99E-17  2.28E-17
    27       3.04E-13  2.15E-13  1.36E-13  9.68E-14  6.88E-14  4.42E-14  3.20E-14  2.33E-14  1.56E-14  1.15E-14
             8.25E-15  4.87E-15  2.97E-15  1.66E-15  6.60E-16  2.98E-16  1.25E-16  3.65E-17  1.38E-17
    28       1.04E-12  7.33E-13  4.62E-13  3.26E-13  2.29E-13  1.42E-13  9.72E-14  6.49E-14  3.56E-14  2.10E-14
             1.15E-14  4.54E-15  2.06E-15  8.70E-16  2.56E-16  9.70E-17  3.57E-17  9.29E-18  3.32E-18
    29       1.37E-12  9.62E-13  6.03E-13  4.20E-13  2.88E-13  1.67E-13  1.05E-13  6.07E-14  2.55E-14  1.18E-14
             4.97E-15  1.44E-15  5.37E-16  1.95E-16  5.03E-17  1.79E-17  6.34E-18  1.61E-18  5.69E-19
    30       1.27E-12  8.97E-13  5.64E-13  3.95E-13  2.75E-13  1.65E-13  1.09E-13  6.75E-14  3.20E-14  1.64E-14
             7.59E-15  2.43E-15  9.52E-16  3.58E-16  9.46E-17  3.40E-17  1.21E-17  3.08E-18  1.09E-18
    31       1.16E-12  8.18E-13  5.09E-13  3.51E-13  2.36E-13  1.31E-13  7.77E-14  4.19E-14  1.58E-14  6.76E-15
             2.69E-15  7.40E-16  2.70E-16  9.69E-17  2.48E-17  8.78E-18  3.11E-18  7.87E-19  2.78E-19
    32       6.81E-13  4.78E-13  2.95E-13  2.01E-13  1.32E-13  6.94E-14  3.87E-14  1.95E-14  6.70E-15  2.72E-15
             1.04E-15  2.77E-16  9.99E-17  3.57E-17  9.08E-18  3.22E-18  1.14E-18  2.88E-19  1.02E-19
    33       2.06E-13  1.44E-13  8.80E-14  5.89E-14  3.77E-14  1.87E-14  9.81E-15  4.63E-15  1.49E-15  5.79E-16
             2.16E-16  5.67E-17  2.03E-17  7.22E-18  1.83E-18  6.49E-19  2.30E-19  5.81E-20  2.05E-20


 -----------------------------------------
 PRTF= 1  TRMPRT= (1S)  SPNPRT= 1  NSYS= 1
                                                                                              -----------------
                                                                                              SYS= 1  SPNSYS= 2
   IREP
   ----
     3       2.08E-11  1.47E-11  9.27E-12  6.55E-12  4.62E-12  2.90E-12  2.03E-12  1.41E-12  8.48E-13  5.66E-13
             3.68E-13  1.98E-13  1.18E-13  6.64E-14  2.86E-14  1.42E-14  6.68E-15  2.30E-15  9.75E-16
     4       1.32E-11  9.30E-12  5.87E-12  4.14E-12  2.91E-12  1.81E-12  1.24E-12  8.39E-13  4.78E-13  3.01E-13
             1.84E-13  9.08E-14  5.13E-14  2.78E-14  1.15E-14  5.59E-15  2.59E-15  8.77E-16  3.69E-16
     5       1.00E-11  7.06E-12  4.45E-12  3.13E-12  2.19E-12  1.34E-12  9.05E-13  5.93E-13  3.20E-13  1.92E-13
             1.11E-13  5.13E-14  2.78E-14  1.46E-14  5.86E-15  2.80E-15  1.28E-15  4.30E-16  1.80E-16
     6       8.19E-12  5.78E-12  3.63E-12  2.55E-12  1.77E-12  1.07E-12  7.07E-13  4.51E-13  2.31E-13  1.33E-13
             7.35E-14  3.24E-14  1.70E-14  8.70E-15  3.42E-15  1.61E-15  7.32E-16  2.43E-16  1.01E-16
     7       6.99E-12  4.93E-12  3.09E-12  2.16E-12  1.49E-12  8.85E-13  5.75E-13  3.56E-13  1.75E-13  9.71E-14
             5.19E-14  2.20E-14  1.12E-14  5.64E-15  2.18E-15  1.02E-15  4.59E-16  1.51E-16  6.29E-17
     8       6.12E-12  4.31E-12  2.70E-12  1.88E-12  1.29E-12  7.51E-13  4.78E-13  2.89E-13  1.37E-13  7.37E-14
             3.83E-14  1.57E-14  7.87E-15  3.89E-15  1.48E-15  6.85E-16  3.07E-16  1.01E-16  4.17E-17
     9       5.45E-12  3.83E-12  2.39E-12  1.66E-12  1.13E-12  6.47E-13  4.04E-13  2.39E-13  1.10E-13  5.75E-14
             2.92E-14  1.16E-14  5.74E-15  2.80E-15  1.05E-15  4.83E-16  2.16E-16  7.05E-17  2.91E-17
    10       4.91E-12  3.45E-12  2.15E-12  1.48E-12  1.00E-12  5.65E-13  3.46E-13  2.01E-13  8.94E-14  4.59E-14
             2.29E-14  8.91E-15  4.33E-15  2.09E-15  7.75E-16  3.55E-16  1.57E-16  5.13E-17  2.11E-17
    11       4.47E-12  3.14E-12  1.95E-12  1.34E-12  8.95E-13  4.97E-13  3.00E-13  1.70E-13  7.40E-14  3.73E-14
             1.83E-14  6.98E-15  3.36E-15  1.60E-15  5.89E-16  2.68E-16  1.19E-16  3.85E-17  1.59E-17
    12       4.11E-12  2.88E-12  1.78E-12  1.21E-12  8.07E-13  4.41E-13  2.62E-13  1.46E-13  6.21E-14  3.08E-14
             1.49E-14  5.59E-15  2.66E-15  1.26E-15  4.59E-16  2.08E-16  9.18E-17  2.97E-17  1.22E-17
    13       3.80E-12  2.66E-12  1.64E-12  1.11E-12  7.32E-13  3.93E-13  2.30E-13  1.27E-13  5.26E-14  2.58E-14
             1.23E-14  4.55E-15  2.14E-15  1.01E-15  3.65E-16  1.65E-16  7.25E-17  2.34E-17  9.60E-18
    14       3.53E-12  2.47E-12  1.51E-12  1.02E-12  6.67E-13  3.53E-13  2.04E-13  1.10E-13  4.51E-14  2.18E-14
             1.03E-14  3.76E-15  1.76E-15  8.21E-16  2.95E-16  1.33E-16  5.82E-17  1.87E-17  7.67E-18
    15       3.31E-12  2.31E-12  1.41E-12  9.47E-13  6.13E-13  3.20E-13  1.82E-13  9.73E-14  3.91E-14  1.87E-14
             8.73E-15  3.15E-15  1.46E-15  6.79E-16  2.42E-16  1.09E-16  4.75E-17  1.53E-17  6.23E-18
    16       3.11E-12  2.17E-12  1.32E-12  8.80E-13  5.65E-13  2.90E-13  1.63E-13  8.60E-14  3.40E-14  1.61E-14
             7.45E-15  2.67E-15  1.23E-15  5.67E-16  2.02E-16  9.01E-17  3.93E-17  1.26E-17  5.14E-18
    17       2.76E-12  1.92E-12  1.15E-12  7.61E-13  4.81E-13  2.40E-13  1.32E-13  6.80E-14  2.62E-14  1.22E-14
             5.56E-15  1.96E-15  8.93E-16  4.08E-16  1.44E-16  6.40E-17  2.78E-17  8.87E-18  3.59E-18
    18       2.48E-12  1.72E-12  1.02E-12  6.67E-13  4.15E-13  2.02E-13  1.09E-13  5.50E-14  2.07E-14  9.51E-15
             4.29E-15  1.49E-15  6.71E-16  3.05E-16  1.06E-16  4.72E-17  2.04E-17  6.49E-18  2.61E-18
    19       2.25E-12  1.55E-12  9.17E-13  5.90E-13  3.61E-13  1.71E-13  9.06E-14  4.51E-14  1.67E-14  7.57E-15
             3.38E-15  1.16E-15  5.19E-16  2.34E-16  8.11E-17  3.58E-17  1.55E-17  4.91E-18  1.99E-18
    20       1.97E-12  1.35E-12  7.84E-13  4.96E-13  2.97E-13  1.37E-13  7.05E-14  3.44E-14  1.24E-14  5.56E-15
             2.45E-15  8.26E-16  3.66E-16  1.64E-16  5.63E-17  2.47E-17  1.07E-17  3.37E-18  1.36E-18
    21       1.68E-12  1.14E-12  6.49E-13  4.02E-13  2.34E-13  1.04E-13  5.22E-14  2.49E-14  8.78E-15  3.86E-15
             1.68E-15  5.57E-16  2.44E-16  1.08E-16  3.69E-17  1.61E-17  6.91E-18  2.17E-18  8.78E-19
    22       1.37E-12  9.16E-13  5.05E-13  3.03E-13  1.70E-13  7.21E-14  3.52E-14  1.63E-14  5.59E-15  2.42E-15
             1.03E-15  3.37E-16  1.46E-16  6.40E-17  2.16E-17  9.36E-18  3.99E-18  1.25E-18  5.04E-19
    23       1.21E-12  8.02E-13  4.34E-13  2.55E-13  1.40E-13  5.80E-14  2.78E-14  1.27E-14  4.30E-15  1.84E-15
             7.80E-16  2.52E-16  1.09E-16  4.73E-17  1.58E-17  6.85E-18  2.91E-18  9.10E-19  3.66E-19
    24       1.03E-12  6.70E-13  3.52E-13  2.01E-13  1.08E-13  4.32E-14  2.03E-14  9.12E-15  3.02E-15  1.28E-15
             5.37E-16  1.71E-16  7.32E-17  3.17E-17  1.05E-17  4.53E-18  1.92E-18  5.98E-19  2.40E-19
    25       9.30E-13  5.99E-13  3.09E-13  1.74E-13  9.18E-14  3.60E-14  1.67E-14  7.45E-15  2.44E-15  1.03E-15
             4.29E-16  1.36E-16  5.79E-17  2.50E-17  8.25E-18  3.54E-18  1.50E-18  4.66E-19  1.86E-19
    26       8.08E-13  5.12E-13  2.57E-13  1.42E-13  7.32E-14  2.80E-14  1.28E-14  5.64E-15  1.83E-15  7.62E-16
             3.16E-16  9.94E-17  4.21E-17  1.80E-17  5.93E-18  2.54E-18  1.07E-18  3.32E-19  1.32E-19
    27       7.09E-13  4.42E-13  2.17E-13  1.17E-13  5.95E-14  2.23E-14  1.01E-14  4.39E-15  1.40E-15  5.82E-16
             2.40E-16  7.50E-17  3.16E-17  1.35E-17  4.41E-18  1.88E-18  7.93E-19  2.45E-19  9.73E-20
    28       5.92E-13  3.61E-13  1.71E-13  9.02E-14  4.47E-14  1.63E-14  7.27E-15  3.13E-15  9.88E-16  4.06E-16
             1.66E-16  5.15E-17  2.16E-17  9.15E-18  2.98E-18  1.27E-18  5.31E-19  1.63E-19  6.47E-20
    29       4.85E-13  2.88E-13  1.32E-13  6.76E-14  3.27E-14  1.17E-14  5.11E-15  2.17E-15  6.78E-16  2.76E-16
             1.12E-16  3.45E-17  1.44E-17  6.06E-18  1.96E-18  8.31E-19  3.48E-19  1.07E-19  4.26E-20
    30       3.57E-13  2.04E-13  8.85E-14  4.38E-14  2.06E-14  7.09E-15  3.05E-15  1.27E-15  3.91E-16  1.58E-16
             6.37E-17  1.93E-17  7.99E-18  3.35E-18  1.07E-18  4.52E-19  1.88E-19  5.77E-20  2.29E-20
    31       2.87E-13  1.60E-13  6.71E-14  3.25E-14  1.50E-14  5.06E-15  2.15E-15  8.90E-16  2.71E-16  1.09E-16
             4.36E-17  1.31E-17  5.40E-18  2.25E-18  7.18E-19  3.02E-19  1.25E-19  3.83E-20  1.51E-20
    32       2.08E-13  1.12E-13  4.48E-14  2.11E-14  9.47E-15  3.12E-15  1.31E-15  5.35E-16  1.61E-16  6.40E-17
             2.55E-17  7.62E-18  3.11E-18  1.29E-18  4.08E-19  1.71E-19  7.08E-20  2.15E-20  8.45E-21
    33       1.61E-13  8.45E-14  3.28E-14  1.51E-14  6.69E-15  2.17E-15  8.98E-16  3.65E-16  1.09E-16  4.31E-17
             1.71E-17  5.08E-18  2.07E-18  8.53E-19  2.69E-19  1.12E-19  4.63E-20  1.40E-20  5.48E-21
    34       1.10E-13  5.53E-14  2.06E-14  9.24E-15  4.01E-15  1.27E-15  5.20E-16  2.09E-16  6.17E-17  2.43E-17
             9.56E-18  2.82E-18  1.14E-18  4.69E-19  1.47E-19  6.09E-20  2.51E-20  7.59E-21  2.99E-21
    35       8.04E-14  3.94E-14  1.42E-14  6.29E-15  2.69E-15  8.41E-16  3.41E-16  1.36E-16  3.99E-17  1.56E-17
             6.13E-18  1.80E-18  7.24E-19  2.96E-19  9.22E-20  3.82E-20  1.57E-20  4.73E-21  1.86E-21
    36       4.89E-14  2.31E-14  8.03E-15  3.46E-15  1.45E-15  4.46E-16  1.79E-16  7.08E-17  2.05E-17  7.98E-18
             3.11E-18  9.07E-19  3.63E-19  1.48E-19  4.56E-20  1.88E-20  7.70E-21  2.30E-21  9.01E-22
    37       3.46E-14  1.60E-14  5.43E-15  2.31E-15  9.58E-16  2.91E-16  1.16E-16  4.56E-17  1.31E-17  5.09E-18
             1.98E-18  5.74E-19  2.29E-19  9.27E-20  2.85E-20  1.17E-20  4.79E-21  1.43E-21  5.55E-22
    38       2.02E-14  9.09E-15  2.99E-15  1.25E-15  5.11E-16  1.53E-16  6.03E-17  2.36E-17  6.73E-18  2.60E-18
             1.00E-18  2.90E-19  1.15E-19  4.63E-20  1.42E-20  5.80E-21  2.36E-21  7.06E-22  2.76E-22
    39       1.36E-14  6.00E-15  1.94E-15  8.00E-16  3.24E-16  9.60E-17  3.77E-17  1.47E-17  4.17E-18  1.60E-18
             6.18E-19  1.78E-19  7.02E-20  2.82E-20  8.60E-21  3.51E-21  1.43E-21  4.24E-22  1.66E-22
    40       7.18E-15  3.09E-15  9.71E-16  3.95E-16  1.58E-16  4.63E-17  1.81E-17  6.99E-18  1.97E-18  7.55E-19
             2.90E-19  8.28E-20  3.26E-20  1.30E-20  3.95E-21  1.61E-21  6.50E-22  1.92E-22  7.44E-23
    41       4.98E-15  2.12E-15  6.60E-16  2.67E-16  1.06E-16  3.09E-17  1.20E-17  4.64E-18  1.30E-18  4.99E-19
             1.91E-19  5.44E-20  2.14E-20  8.52E-21  2.58E-21  1.05E-21  4.22E-22  1.24E-22  4.79E-23
    42       2.92E-15  1.23E-15  3.77E-16  1.51E-16  6.00E-17  1.73E-17  6.71E-18  2.58E-18  7.23E-19  2.75E-19
             1.05E-19  2.99E-20  1.17E-20  4.66E-21  1.40E-21  5.68E-22  2.29E-22  6.78E-23  2.64E-23



    T(K)     ALFT( 1)  ALFT( 2)  ALFT( 3)  ALFT( 4)  ALFT( 5)  ALFT( 6)  ALFT( 7)  ALFT( 8)  ALFT( 9)  ALFT(10)
    ----     --------  --------  --------  --------  --------  --------  --------  --------  --------  --------
  6.40E+02   2.21E-10
  1.28E+03   1.45E-10
  3.20E+03   8.20E-11
  6.40E+03   5.31E-11
  1.28E+04   3.27E-11
  3.20E+04   1.71E-11
  6.40E+04   1.04E-11
  1.28E+05   6.21E-12
  3.20E+05   3.08E-12
  6.40E+05   1.78E-12
  1.28E+06   1.02E-12
  3.20E+06   4.81E-13
  6.40E+06   2.66E-13
  1.28E+07   1.42E-13
  3.20E+07   5.86E-14
  6.40E+07   2.84E-14
  1.28E+08   1.32E-14
  3.20E+08   4.45E-15
  6.40E+08   1.88E-15
C--------------------------------------------------------------------------------------------------------------
C
C                                                                            
C
C NAME:
C DATE:   /  /  
C
C--------------------------------------------------------------------------------------------------------------
