SEQ='H '     NUCCHG=18                                                  /IC/

   PARENT LEVEL INDEXING                BWNP=         0.0   NPRNTI= 1   NPRNTF= 1
   ---------------------
   INDP         CODE                 S L   WI        WNP
   ----         ----                 - -   --  ----------
     1                              (1)0( 0.0)        0.0 

   IC RESOLVED LEVEL INDEXING           BWNR=  35554917.6   NLVL=  64
   --------------------------
   INDX  INDP   CODE                 S L   WJ        WNR
   ----  ----   ----                 - -   --  ----------
     1     1    1S1                 (1)*( 0.5)        0.0 
     2     1    2S1                 (1)*( 0.5) 26666188.2 
     3     1    2P1                 (1)*( 0.5) 26666188.2 
     4     1    2P1                 (1)*( 1.5) 26666188.2 
     5     1    3S1                 (1)*( 0.5) 31604371.2 
     6     1    3P1                 (1)*( 0.5) 31604371.2 
     7     1    3P1                 (1)*( 1.5) 31604371.2 
     8     1    3D1                 (1)*( 1.5) 31604371.2 
     9     1    3D1                 (1)*( 2.5) 31604371.2 
    10     1    4S1                 (1)*( 0.5) 33332735.3 
    11     1    4P1                 (1)*( 0.5) 33332735.3 
    12     1    4P1                 (1)*( 1.5) 33332735.3 
    13     1    4D1                 (1)*( 1.5) 33332735.3 
    14     1    4D1                 (1)*( 2.5) 33332735.3 
    15     1    4F1                 (1)*( 2.5) 33332735.3 
    16     1    4F1                 (1)*( 3.5) 33332735.3 
    17     1    5S1                 (1)*( 0.5) 34132720.9 
    18     1    5P1                 (1)*( 0.5) 34132720.9 
    19     1    5P1                 (1)*( 1.5) 34132720.9 
    20     1    5D1                 (1)*( 1.5) 34132720.9 
    21     1    5D1                 (1)*( 2.5) 34132720.9 
    22     1    5F1                 (1)*( 2.5) 34132720.9 
    23     1    5F1                 (1)*( 3.5) 34132720.9 
    24     1    5G1                 (1)*( 3.5) 34132720.9 
    25     1    5G1                 (1)*( 4.5) 34132720.9 
    26     1    6S1                 (1)*( 0.5) 34567281.0 
    27     1    6P1                 (1)*( 0.5) 34567281.0 
    28     1    6P1                 (1)*( 1.5) 34567281.0 
    29     1    6D1                 (1)*( 1.5) 34567281.0 
    30     1    6D1                 (1)*( 2.5) 34567281.0 
    31     1    6F1                 (1)*( 2.5) 34567281.0 
    32     1    6F1                 (1)*( 3.5) 34567281.0 
    33     1    6G1                 (1)*( 3.5) 34567281.0 
    34     1    6G1                 (1)*( 4.5) 34567281.0 
    35     1    6H1                 (1)*( 4.5) 34567281.0 
    36     1    6H1                 (1)*( 5.5) 34567281.0 
    37     1    7S1                 (1)*( 0.5) 34829307.0 
    38     1    7P1                 (1)*( 0.5) 34829307.0 
    39     1    7P1                 (1)*( 1.5) 34829307.0 
    40     1    7D1                 (1)*( 1.5) 34829307.0 
    41     1    7D1                 (1)*( 2.5) 34829307.0 
    42     1    7F1                 (1)*( 2.5) 34829307.0 
    43     1    7F1                 (1)*( 3.5) 34829307.0 
    44     1    7G1                 (1)*( 3.5) 34829307.0 
    45     1    7G1                 (1)*( 4.5) 34829307.0 
    46     1    7H1                 (1)*( 4.5) 34829307.0 
    47     1    7H1                 (1)*( 5.5) 34829307.0 
    48     1    7I1                 (1)*( 5.5) 34829307.0 
    49     1    7I1                 (1)*( 6.5) 34829307.0 
    50     1    8S1                 (1)*( 0.5) 34999372.0 
    51     1    8P1                 (1)*( 0.5) 34999372.0 
    52     1    8P1                 (1)*( 1.5) 34999372.0 
    53     1    8D1                 (1)*( 1.5) 34999372.0 
    54     1    8D1                 (1)*( 2.5) 34999372.0 
    55     1    8F1                 (1)*( 2.5) 34999372.0 
    56     1    8F1                 (1)*( 3.5) 34999372.0 
    57     1    8G1                 (1)*( 3.5) 34999372.0 
    58     1    8G1                 (1)*( 4.5) 34999372.0 
    59     1    8H1                 (1)*( 4.5) 34999372.0 
    60     1    8H1                 (1)*( 5.5) 34999372.0 
    61     1    8I1                 (1)*( 5.5) 34999372.0 
    62     1    8I1                 (1)*( 6.5) 34999372.0 
    63     1    8J1                 (1)*( 6.5) 34999372.0 
    64     1    8J1                 (1)*( 7.5) 34999372.0 

   NL-SHELL INDEXING                     NLREP= 55
   -----------------
   ILREP   N   L
   -----   -   -
     1     1   0
     2     2   0
     3     2   1
     4     3   0
     5     3   1
     6     3   2
     7     4   0
     8     4   1
     9     4   2
    10     4   3
    11     5   0
    12     5   1
    13     5   2
    14     5   3
    15     5   4
    16     6   0
    17     6   1
    18     6   2
    19     6   3
    20     6   4
    21     6   5
    22     7   0
    23     7   1
    24     7   2
    25     7   3
    26     7   4
    27     7   5
    28     7   6
    29     8   0
    30     8   1
    31     8   2
    32     8   3
    33     8   4
    34     8   5
    35     8   6
    36     8   7
    37     9   0
    38     9   1
    39     9   2
    40     9   3
    41     9   4
    42     9   5
    43     9   6
    44     9   7
    45     9   8
    46    10   0
    47    10   1
    48    10   2
    49    10   3
    50    10   4
    51    10   5
    52    10   6
    53    10   7
    54    10   8
    55    10   9

   N-SHELL INDEXING                                     NREP= 42
   ----------------
   INREP   N
   -----   -
     1     1
     2     2
     3     3
     4     4
     5     5
     6     6
     7     7
     8     8
     9     9
    10    10
    11    11
    12    12
    13    13
    14    14
    15    15
    16    16
    17    18
    18    20
    19    22
    20    25
    21    29
    22    35
    23    39
    24    45
    25    49
    26    55
    27    61
    28    70
    29    81
    30   100
    31   115
    32   140
    33   162
    34   200
    35   235
    36   300
    37   353
    38   450
    39   535
    40   700
    41   811
    42   999



 --------------------------
 PRTI= 1  LVLPRT= (1S  0.0)

   INDX TE=  3.24E+03  6.48E+03  1.62E+04  3.24E+04  6.48E+04  1.62E+05  3.24E+05  6.48E+05  1.62E+06  3.24E+06
   ---- ---  6.48E+06  1.62E+07  3.24E+07  6.48E+07  1.62E+08  3.24E+08  6.48E+08  1.62E+09  3.24E+09
     1       9.37E-11  6.63E-11  4.19E-11  2.96E-11  2.09E-11  1.32E-11  9.33E-12  6.57E-12  4.11E-12  2.85E-12
             1.94E-12  1.12E-12  6.98E-13  4.10E-13  1.82E-13  9.09E-14  4.25E-14  1.42E-14  5.88E-15
     2       1.37E-11  9.71E-12  6.14E-12  4.34E-12  3.07E-12  1.94E-12  1.37E-12  9.66E-13  6.06E-13  4.22E-13
             2.88E-13  1.65E-13  1.02E-13  5.90E-14  2.56E-14  1.26E-14  5.79E-15  1.91E-15  7.85E-16
     3       1.26E-11  8.90E-12  5.62E-12  3.97E-12  2.80E-12  1.76E-12  1.23E-12  8.46E-13  5.00E-13  3.21E-13
             1.95E-13  8.93E-14  4.49E-14  2.08E-14  6.72E-15  2.68E-15  1.02E-15  2.75E-16  9.95E-17
     4       2.52E-11  1.78E-11  1.12E-11  7.94E-12  5.60E-12  3.51E-12  2.45E-12  1.69E-12  1.00E-12  6.42E-13
             3.89E-13  1.79E-13  8.98E-14  4.16E-14  1.34E-14  5.35E-15  2.05E-15  5.49E-16  1.99E-16
     5       4.62E-12  3.27E-12  2.07E-12  1.46E-12  1.03E-12  6.53E-13  4.61E-13  3.25E-13  2.03E-13  1.41E-13
             9.52E-14  5.36E-14  3.26E-14  1.86E-14  7.96E-15  3.87E-15  1.77E-15  5.81E-16  2.38E-16
     6       4.78E-12  3.38E-12  2.13E-12  1.51E-12  1.06E-12  6.67E-13  4.66E-13  3.22E-13  1.90E-13  1.22E-13
             7.39E-14  3.37E-14  1.68E-14  7.76E-15  2.49E-15  9.90E-16  3.78E-16  1.01E-16  3.66E-17
     7       9.56E-12  6.75E-12  4.27E-12  3.01E-12  2.13E-12  1.33E-12  9.32E-13  6.44E-13  3.81E-13  2.44E-13
             1.48E-13  6.74E-14  3.37E-14  1.55E-14  4.99E-15  1.98E-15  7.55E-16  2.02E-16  7.33E-17
     8       6.63E-12  4.69E-12  2.96E-12  2.08E-12  1.46E-12  9.03E-13  6.15E-13  4.07E-13  2.18E-13  1.25E-13
             6.54E-14  2.41E-14  1.03E-14  4.13E-15  1.15E-15  4.21E-16  1.52E-16  3.89E-17  1.38E-17
     9       9.95E-12  7.03E-12  4.44E-12  3.12E-12  2.19E-12  1.35E-12  9.23E-13  6.10E-13  3.27E-13  1.87E-13
             9.81E-14  3.62E-14  1.55E-14  6.19E-15  1.72E-15  6.31E-16  2.28E-16  5.84E-17  2.07E-17
    10       2.17E-12  1.53E-12  9.69E-13  6.85E-13  4.84E-13  3.06E-13  2.16E-13  1.52E-13  9.41E-14  6.45E-14
             4.32E-14  2.39E-14  1.44E-14  8.12E-15  3.44E-15  1.67E-15  7.59E-16  2.49E-16  1.02E-16
    11       2.29E-12  1.62E-12  1.02E-12  7.22E-13  5.09E-13  3.20E-13  2.23E-13  1.54E-13  9.07E-14  5.80E-14
             3.48E-14  1.57E-14  7.82E-15  3.58E-15  1.15E-15  4.55E-16  1.73E-16  4.63E-17  1.68E-17
    12       4.58E-12  3.24E-12  2.04E-12  1.44E-12  1.02E-12  6.39E-13  4.46E-13  3.08E-13  1.81E-13  1.16E-13
             6.96E-14  3.15E-14  1.56E-14  7.17E-15  2.29E-15  9.09E-16  3.46E-16  9.26E-17  3.35E-17
    13       4.15E-12  2.93E-12  1.85E-12  1.30E-12  9.14E-13  5.65E-13  3.85E-13  2.55E-13  1.36E-13  7.80E-14
             4.08E-14  1.50E-14  6.41E-15  2.56E-15  7.11E-16  2.61E-16  9.40E-17  2.41E-17  8.56E-18
    14       6.23E-12  4.40E-12  2.78E-12  1.95E-12  1.37E-12  8.48E-13  5.78E-13  3.82E-13  2.05E-13  1.17E-13
             6.12E-14  2.25E-14  9.62E-15  3.84E-15  1.07E-15  3.91E-16  1.41E-16  3.62E-17  1.28E-17
    15       3.32E-12  2.34E-12  1.47E-12  1.03E-12  7.18E-13  4.32E-13  2.84E-13  1.77E-13  8.38E-14  4.27E-14
             1.98E-14  6.28E-15  2.45E-15  9.18E-16  2.41E-16  8.65E-17  3.08E-17  7.82E-18  2.77E-18
    16       4.42E-12  3.12E-12  1.96E-12  1.38E-12  9.57E-13  5.76E-13  3.78E-13  2.35E-13  1.12E-13  5.70E-14
             2.64E-14  8.37E-15  3.27E-15  1.22E-15  3.22E-16  1.15E-16  4.10E-17  1.04E-17  3.69E-18
    17       1.21E-12  8.58E-13  5.42E-13  3.83E-13  2.71E-13  1.71E-13  1.20E-13  8.41E-14  5.17E-14  3.51E-14
             2.32E-14  1.27E-14  7.56E-15  4.24E-15  1.79E-15  8.63E-16  3.92E-16  1.28E-16  5.23E-17
    18       1.28E-12  9.08E-13  5.74E-13  4.05E-13  2.86E-13  1.79E-13  1.25E-13  8.58E-14  5.03E-14  3.19E-14
             1.90E-14  8.54E-15  4.22E-15  1.93E-15  6.15E-16  2.43E-16  9.25E-17  2.47E-17  8.95E-18
    19       2.57E-12  1.82E-12  1.15E-12  8.10E-13  5.71E-13  3.58E-13  2.50E-13  1.72E-13  1.01E-13  6.39E-14
             3.81E-14  1.71E-14  8.44E-15  3.85E-15  1.23E-15  4.86E-16  1.85E-16  4.95E-17  1.79E-17
    20       2.54E-12  1.80E-12  1.13E-12  7.98E-13  5.60E-13  3.46E-13  2.36E-13  1.56E-13  8.31E-14  4.74E-14
             2.47E-14  9.07E-15  3.86E-15  1.54E-15  4.27E-16  1.57E-16  5.65E-17  1.45E-17  5.14E-18
    21       3.81E-12  2.69E-12  1.70E-12  1.20E-12  8.40E-13  5.19E-13  3.54E-13  2.34E-13  1.25E-13  7.12E-14
             3.71E-14  1.36E-14  5.79E-15  2.31E-15  6.41E-16  2.35E-16  8.47E-17  2.17E-17  7.71E-18
    22       2.92E-12  2.06E-12  1.30E-12  9.09E-13  6.32E-13  3.80E-13  2.50E-13  1.55E-13  7.37E-14  3.76E-14
             1.74E-14  5.51E-15  2.15E-15  8.04E-16  2.11E-16  7.58E-17  2.70E-17  6.85E-18  2.43E-18
    23       3.89E-12  2.75E-12  1.73E-12  1.21E-12  8.42E-13  5.07E-13  3.33E-13  2.07E-13  9.83E-14  5.01E-14
             2.32E-14  7.35E-15  2.87E-15  1.07E-15  2.82E-16  1.01E-16  3.60E-17  9.14E-18  3.24E-18
    24       1.66E-12  1.17E-12  7.33E-13  5.10E-13  3.49E-13  2.03E-13  1.27E-13  7.35E-14  3.09E-14  1.43E-14
             6.03E-15  1.75E-15  6.51E-16  2.37E-16  6.10E-17  2.17E-17  7.70E-18  1.95E-18  6.91E-19
    25       2.08E-12  1.46E-12  9.16E-13  6.37E-13  4.37E-13  2.54E-13  1.58E-13  9.19E-14  3.86E-14  1.78E-14
             7.54E-15  2.18E-15  8.14E-16  2.96E-16  7.63E-17  2.71E-17  9.63E-18  2.44E-18  8.63E-19
    26       7.59E-13  5.36E-13  3.39E-13  2.40E-13  1.69E-13  1.06E-13  7.46E-14  5.20E-14  3.16E-14  2.13E-14
             1.39E-14  7.52E-15  4.46E-15  2.49E-15  1.04E-15  5.03E-16  2.29E-16  7.45E-17  3.04E-17
    27       8.01E-13  5.66E-13  3.58E-13  2.53E-13  1.78E-13  1.11E-13  7.75E-14  5.31E-14  3.09E-14  1.94E-14
             1.15E-14  5.13E-15  2.53E-15  1.15E-15  3.66E-16  1.45E-16  5.49E-17  1.47E-17  5.31E-18
    28       1.60E-12  1.13E-12  7.16E-13  5.05E-13  3.56E-13  2.23E-13  1.55E-13  1.06E-13  6.17E-14  3.89E-14
             2.30E-14  1.03E-14  5.05E-15  2.30E-15  7.31E-16  2.89E-16  1.10E-16  2.94E-17  1.06E-17
    29       1.64E-12  1.16E-12  7.32E-13  5.16E-13  3.62E-13  2.23E-13  1.52E-13  1.00E-13  5.33E-14  3.03E-14
             1.57E-14  5.75E-15  2.44E-15  9.74E-16  2.70E-16  9.88E-17  3.56E-17  9.13E-18  3.24E-18
    30       2.46E-12  1.74E-12  1.10E-12  7.74E-13  5.42E-13  3.35E-13  2.28E-13  1.50E-13  7.99E-14  4.54E-14
             2.36E-14  8.63E-15  3.67E-15  1.46E-15  4.05E-16  1.48E-16  5.34E-17  1.37E-17  4.86E-18
    31       2.18E-12  1.54E-12  9.67E-13  6.77E-13  4.71E-13  2.83E-13  1.86E-13  1.16E-13  5.48E-14  2.79E-14
             1.29E-14  4.08E-15  1.59E-15  5.95E-16  1.56E-16  5.60E-17  1.99E-17  5.06E-18  1.79E-18
    32       2.90E-12  2.05E-12  1.29E-12  9.03E-13  6.28E-13  3.78E-13  2.48E-13  1.54E-13  7.30E-14  3.72E-14
             1.72E-14  5.44E-15  2.12E-15  7.93E-16  2.08E-16  7.46E-17  2.66E-17  6.75E-18  2.39E-18
    33       1.89E-12  1.33E-12  8.35E-13  5.81E-13  3.98E-13  2.31E-13  1.45E-13  8.38E-14  3.52E-14  1.62E-14
             6.86E-15  1.99E-15  7.41E-16  2.69E-16  6.94E-17  2.47E-17  8.76E-18  2.22E-18  7.85E-19
    34       2.37E-12  1.67E-12  1.04E-12  7.26E-13  4.98E-13  2.89E-13  1.81E-13  1.05E-13  4.40E-14  2.03E-14
             8.58E-15  2.48E-15  9.26E-16  3.37E-16  8.68E-17  3.09E-17  1.09E-17  2.77E-18  9.82E-19
    35       8.37E-13  5.88E-13  3.66E-13  2.52E-13  1.70E-13  9.39E-14  5.55E-14  2.99E-14  1.13E-14  4.82E-15
             1.92E-15  5.27E-16  1.92E-16  6.90E-17  1.76E-17  6.25E-18  2.21E-18  5.61E-19  1.98E-19
    36       1.00E-12  7.06E-13  4.39E-13  3.03E-13  2.03E-13  1.13E-13  6.66E-14  3.59E-14  1.35E-14  5.78E-15
             2.30E-15  6.32E-16  2.30E-16  8.28E-17  2.11E-17  7.50E-18  2.66E-18  6.73E-19  2.38E-19
    37       5.12E-13  3.62E-13  2.29E-13  1.62E-13  1.14E-13  7.15E-14  4.99E-14  3.46E-14  2.08E-14  1.39E-14
             9.01E-15  4.82E-15  2.84E-15  1.58E-15  6.62E-16  3.18E-16  1.45E-16  4.71E-17  1.92E-17
    38       5.38E-13  3.80E-13  2.40E-13  1.70E-13  1.19E-13  7.46E-14  5.17E-14  3.52E-14  2.03E-14  1.27E-14
             7.49E-15  3.32E-15  1.63E-15  7.39E-16  2.35E-16  9.26E-17  3.52E-17  9.40E-18  3.40E-18
    39       1.08E-12  7.61E-13  4.81E-13  3.39E-13  2.39E-13  1.49E-13  1.03E-13  7.05E-14  4.06E-14  2.55E-14
             1.50E-14  6.63E-15  3.26E-15  1.48E-15  4.69E-16  1.85E-16  7.04E-17  1.88E-17  6.80E-18
    40       1.12E-12  7.92E-13  5.00E-13  3.52E-13  2.47E-13  1.52E-13  1.03E-13  6.79E-14  3.59E-14  2.03E-14
             1.05E-14  3.84E-15  1.63E-15  6.48E-16  1.79E-16  6.57E-17  2.37E-17  6.06E-18  2.15E-18
    41       1.68E-12  1.19E-12  7.50E-13  5.28E-13  3.70E-13  2.28E-13  1.55E-13  1.02E-13  5.39E-14  3.05E-14
             1.58E-14  5.76E-15  2.44E-15  9.72E-16  2.69E-16  9.85E-17  3.55E-17  9.10E-18  3.23E-18
    42       1.59E-12  1.13E-12  7.08E-13  4.96E-13  3.45E-13  2.07E-13  1.36E-13  8.45E-14  3.99E-14  2.03E-14
             9.34E-15  2.95E-15  1.15E-15  4.30E-16  1.13E-16  4.05E-17  1.44E-17  3.66E-18  1.30E-18
    43       2.13E-12  1.50E-12  9.44E-13  6.62E-13  4.60E-13  2.77E-13  1.81E-13  1.13E-13  5.32E-14  2.70E-14
             1.25E-14  3.94E-15  1.53E-15  5.74E-16  1.51E-16  5.40E-17  1.92E-17  4.88E-18  1.73E-18
    44       1.66E-12  1.17E-12  7.35E-13  5.11E-13  3.50E-13  2.03E-13  1.27E-13  7.36E-14  3.09E-14  1.42E-14
             6.02E-15  1.74E-15  6.49E-16  2.36E-16  6.08E-17  2.16E-17  7.67E-18  1.94E-18  6.88E-19
    45       2.08E-12  1.47E-12  9.18E-13  6.39E-13  4.38E-13  2.54E-13  1.59E-13  9.20E-14  3.86E-14  1.78E-14
             7.52E-15  2.18E-15  8.11E-16  2.95E-16  7.60E-17  2.70E-17  9.59E-18  2.43E-18  8.60E-19
    46       1.17E-12  8.25E-13  5.13E-13  3.53E-13  2.38E-13  1.32E-13  7.78E-14  4.19E-14  1.58E-14  6.75E-15
             2.69E-15  7.38E-16  2.69E-16  9.66E-17  2.47E-17  8.75E-18  3.10E-18  7.85E-19  2.78E-19
    47       1.41E-12  9.90E-13  6.16E-13  4.24E-13  2.85E-13  1.58E-13  9.34E-14  5.03E-14  1.89E-14  8.10E-15
             3.22E-15  8.85E-16  3.23E-16  1.16E-16  2.96E-17  1.05E-17  3.72E-18  9.42E-19  3.33E-19
    48       4.24E-13  2.98E-13  1.84E-13  1.25E-13  8.19E-14  4.30E-14  2.39E-14  1.20E-14  4.13E-15  1.67E-15
             6.41E-16  1.71E-16  6.16E-17  2.20E-17  5.59E-18  1.98E-18  7.01E-19  1.77E-19  6.27E-20
    49       4.95E-13  3.47E-13  2.14E-13  1.45E-13  9.55E-14  5.01E-14  2.79E-14  1.40E-14  4.82E-15  1.95E-15
             7.48E-16  1.99E-16  7.18E-17  2.56E-17  6.52E-18  2.31E-18  8.18E-19  2.07E-19  7.32E-20
    50       3.65E-13  2.58E-13  1.63E-13  1.15E-13  8.10E-14  5.06E-14  3.52E-14  2.42E-14  1.45E-14  9.56E-15
             6.17E-15  3.27E-15  1.92E-15  1.07E-15  4.46E-16  2.14E-16  9.71E-17  3.16E-17  1.29E-17
    51       3.82E-13  2.70E-13  1.70E-13  1.20E-13  8.46E-14  5.27E-14  3.64E-14  2.47E-14  1.41E-14  8.78E-15
             5.15E-15  2.26E-15  1.11E-15  5.02E-16  1.59E-16  6.28E-17  2.39E-17  6.37E-18  2.30E-18
    52       7.64E-13  5.40E-13  3.41E-13  2.40E-13  1.69E-13  1.05E-13  7.27E-14  4.93E-14  2.82E-14  1.76E-14
             1.03E-14  4.53E-15  2.22E-15  1.00E-15  3.19E-16  1.26E-16  4.77E-17  1.27E-17  4.61E-18
    53       8.02E-13  5.66E-13  3.57E-13  2.51E-13  1.76E-13  1.08E-13  7.33E-14  4.80E-14  2.53E-14  1.43E-14
             7.36E-15  2.67E-15  1.13E-15  4.51E-16  1.25E-16  4.56E-17  1.64E-17  4.21E-18  1.50E-18
    54       1.20E-12  8.49E-13  5.36E-13  3.77E-13  2.64E-13  1.62E-13  1.10E-13  7.21E-14  3.79E-14  2.14E-14
             1.10E-14  4.01E-15  1.70E-15  6.76E-16  1.87E-16  6.84E-17  2.47E-17  6.32E-18  2.24E-18
    55       1.19E-12  8.36E-13  5.26E-13  3.69E-13  2.56E-13  1.54E-13  1.01E-13  6.24E-14  2.94E-14  1.49E-14
             6.86E-15  2.17E-15  8.43E-16  3.15E-16  8.28E-17  2.96E-17  1.06E-17  2.68E-18  9.49E-19
    56       1.58E-12  1.12E-12  7.01E-13  4.91E-13  3.41E-13  2.05E-13  1.34E-13  8.32E-14  3.92E-14  1.99E-14
             9.14E-15  2.89E-15  1.12E-15  4.20E-16  1.10E-16  3.95E-17  1.41E-17  3.58E-18  1.27E-18
    57       1.36E-12  9.62E-13  6.02E-13  4.19E-13  2.87E-13  1.67E-13  1.04E-13  6.02E-14  2.52E-14  1.16E-14
             4.90E-15  1.42E-15  5.29E-16  1.92E-16  4.95E-17  1.76E-17  6.25E-18  1.58E-18  5.60E-19
    58       1.71E-12  1.20E-12  7.53E-13  5.24E-13  3.59E-13  2.08E-13  1.30E-13  7.52E-14  3.15E-14  1.45E-14
             6.13E-15  1.77E-15  6.61E-16  2.40E-16  6.19E-17  2.20E-17  7.81E-18  1.98E-18  7.00E-19
    59       1.19E-12  8.37E-13  5.20E-13  3.58E-13  2.41E-13  1.34E-13  7.89E-14  4.25E-14  1.60E-14  6.83E-15
             2.72E-15  7.47E-16  2.72E-16  9.77E-17  2.50E-17  8.86E-18  3.14E-18  7.94E-19  2.81E-19
    60       1.43E-12  1.00E-12  6.25E-13  4.30E-13  2.89E-13  1.60E-13  9.46E-14  5.09E-14  1.92E-14  8.20E-15
             3.26E-15  8.96E-16  3.27E-16  1.17E-16  3.00E-17  1.06E-17  3.76E-18  9.53E-19  3.37E-19
    61       7.07E-13  4.96E-13  3.06E-13  2.08E-13  1.36E-13  7.16E-14  3.99E-14  2.00E-14  6.88E-15  2.79E-15
             1.07E-15  2.85E-16  1.03E-16  3.66E-17  9.31E-18  3.30E-18  1.17E-18  2.95E-19  1.04E-19
    62       8.25E-13  5.78E-13  3.57E-13  2.42E-13  1.59E-13  8.36E-14  4.65E-14  2.34E-14  8.03E-15  3.25E-15
             1.25E-15  3.32E-16  1.20E-16  4.27E-17  1.09E-17  3.85E-18  1.36E-18  3.45E-19  1.22E-19
    63       2.16E-13  1.51E-13  9.22E-14  6.16E-14  3.93E-14  1.95E-14  1.02E-14  4.82E-15  1.54E-15  6.02E-16
             2.25E-16  5.89E-17  2.11E-17  7.50E-18  1.90E-18  6.74E-19  2.38E-19  6.03E-20  2.13E-20
    64       2.47E-13  1.73E-13  1.05E-13  7.04E-14  4.50E-14  2.22E-14  1.17E-14  5.51E-15  1.76E-15  6.88E-16
             2.57E-16  6.73E-17  2.41E-17  8.57E-18  2.18E-18  7.70E-19  2.72E-19  6.89E-20  2.44E-20

                                                                                     --------------------------
                                                                                     PRTF= 1  LVLPRT= (1S  0.0)
   ILREP
   -----
     1       9.37E-11  6.63E-11  4.19E-11  2.96E-11  2.09E-11  1.32E-11  9.33E-12  6.57E-12  4.11E-12  2.85E-12
             1.94E-12  1.12E-12  6.98E-13  4.10E-13  1.82E-13  9.09E-14  4.25E-14  1.42E-14  5.88E-15
     2       1.37E-11  9.71E-12  6.14E-12  4.34E-12  3.07E-12  1.94E-12  1.37E-12  9.66E-13  6.06E-13  4.22E-13
             2.88E-13  1.65E-13  1.02E-13  5.90E-14  2.56E-14  1.26E-14  5.79E-15  1.91E-15  7.85E-16
     3       3.78E-11  2.67E-11  1.69E-11  1.19E-11  8.40E-12  5.27E-12  3.68E-12  2.54E-12  1.50E-12  9.64E-13
             5.84E-13  2.68E-13  1.35E-13  6.23E-14  2.02E-14  8.03E-15  3.07E-15  8.24E-16  2.98E-16
     4       4.62E-12  3.27E-12  2.07E-12  1.46E-12  1.03E-12  6.53E-13  4.61E-13  3.25E-13  2.03E-13  1.41E-13
             9.52E-14  5.36E-14  3.26E-14  1.86E-14  7.96E-15  3.87E-15  1.77E-15  5.81E-16  2.38E-16
     5       1.43E-11  1.01E-11  6.40E-12  4.52E-12  3.19E-12  2.00E-12  1.40E-12  9.66E-13  5.71E-13  3.67E-13
             2.22E-13  1.01E-13  5.05E-14  2.33E-14  7.48E-15  2.97E-15  1.13E-15  3.04E-16  1.10E-16
     6       1.66E-11  1.17E-11  7.39E-12  5.21E-12  3.65E-12  2.26E-12  1.54E-12  1.02E-12  5.45E-13  3.12E-13
             1.63E-13  6.04E-14  2.58E-14  1.03E-14  2.87E-15  1.05E-15  3.80E-16  9.73E-17  3.46E-17
     7       2.17E-12  1.53E-12  9.69E-13  6.85E-13  4.84E-13  3.06E-13  2.16E-13  1.52E-13  9.41E-14  6.45E-14
             4.32E-14  2.39E-14  1.44E-14  8.12E-15  3.44E-15  1.67E-15  7.59E-16  2.49E-16  1.02E-16
     8       6.87E-12  4.85E-12  3.07E-12  2.17E-12  1.53E-12  9.59E-13  6.69E-13  4.62E-13  2.72E-13  1.74E-13
             1.04E-13  4.72E-14  2.35E-14  1.08E-14  3.44E-15  1.36E-15  5.19E-16  1.39E-16  5.03E-17
     9       1.04E-11  7.33E-12  4.63E-12  3.26E-12  2.29E-12  1.41E-12  9.63E-13  6.37E-13  3.41E-13  1.95E-13
             1.02E-13  3.76E-14  1.60E-14  6.41E-15  1.78E-15  6.52E-16  2.35E-16  6.03E-17  2.14E-17
    10       7.74E-12  5.47E-12  3.44E-12  2.41E-12  1.67E-12  1.01E-12  6.62E-13  4.12E-13  1.95E-13  9.97E-14
             4.62E-14  1.47E-14  5.72E-15  2.14E-15  5.63E-16  2.02E-16  7.18E-17  1.83E-17  6.46E-18
    11       1.21E-12  8.58E-13  5.42E-13  3.83E-13  2.71E-13  1.71E-13  1.20E-13  8.41E-14  5.17E-14  3.51E-14
             2.32E-14  1.27E-14  7.56E-15  4.24E-15  1.79E-15  8.63E-16  3.92E-16  1.28E-16  5.23E-17
    12       3.85E-12  2.72E-12  1.72E-12  1.22E-12  8.57E-13  5.37E-13  3.75E-13  2.58E-13  1.51E-13  9.58E-14
             5.71E-14  2.56E-14  1.27E-14  5.78E-15  1.84E-15  7.29E-16  2.77E-16  7.42E-17  2.68E-17
    13       6.35E-12  4.49E-12  2.83E-12  1.99E-12  1.40E-12  8.65E-13  5.89E-13  3.89E-13  2.08E-13  1.19E-13
             6.18E-14  2.27E-14  9.66E-15  3.85E-15  1.07E-15  3.92E-16  1.41E-16  3.62E-17  1.28E-17
    14       6.81E-12  4.81E-12  3.03E-12  2.12E-12  1.47E-12  8.87E-13  5.83E-13  3.63E-13  1.72E-13  8.77E-14
             4.05E-14  1.29E-14  5.01E-15  1.88E-15  4.93E-16  1.77E-16  6.29E-17  1.60E-17  5.66E-18
    15       3.74E-12  2.63E-12  1.65E-12  1.15E-12  7.86E-13  4.56E-13  2.85E-13  1.65E-13  6.95E-14  3.21E-14
             1.36E-14  3.93E-15  1.47E-15  5.33E-16  1.37E-16  4.89E-17  1.73E-17  4.39E-18  1.55E-18
    16       7.59E-13  5.36E-13  3.39E-13  2.40E-13  1.69E-13  1.06E-13  7.46E-14  5.20E-14  3.16E-14  2.13E-14
             1.39E-14  7.52E-15  4.46E-15  2.49E-15  1.04E-15  5.03E-16  2.29E-16  7.45E-17  3.04E-17
    17       2.40E-12  1.70E-12  1.07E-12  7.58E-13  5.34E-13  3.34E-13  2.32E-13  1.59E-13  9.26E-14  5.83E-14
             3.46E-14  1.54E-14  7.58E-15  3.45E-15  1.10E-15  4.34E-16  1.65E-16  4.40E-17  1.59E-17
    18       4.11E-12  2.90E-12  1.83E-12  1.29E-12  9.04E-13  5.58E-13  3.80E-13  2.50E-13  1.33E-13  7.57E-14
             3.93E-14  1.44E-14  6.11E-15  2.44E-15  6.74E-16  2.47E-16  8.91E-17  2.28E-17  8.10E-18
    19       5.08E-12  3.59E-12  2.26E-12  1.58E-12  1.10E-12  6.61E-13  4.34E-13  2.70E-13  1.28E-13  6.50E-14
             3.00E-14  9.51E-15  3.71E-15  1.39E-15  3.65E-16  1.31E-16  4.65E-17  1.18E-17  4.18E-18
    20       4.26E-12  3.00E-12  1.88E-12  1.31E-12  8.96E-13  5.20E-13  3.25E-13  1.88E-13  7.91E-14  3.65E-14
             1.54E-14  4.47E-15  1.67E-15  6.06E-16  1.56E-16  5.56E-17  1.97E-17  4.99E-18  1.77E-18
    21       1.84E-12  1.29E-12  8.05E-13  5.55E-13  3.73E-13  2.07E-13  1.22E-13  6.57E-14  2.48E-14  1.06E-14
             4.22E-15  1.16E-15  4.22E-16  1.52E-16  3.88E-17  1.38E-17  4.87E-18  1.23E-18  4.36E-19
    22       5.12E-13  3.62E-13  2.29E-13  1.62E-13  1.14E-13  7.15E-14  4.99E-14  3.46E-14  2.08E-14  1.39E-14
             9.01E-15  4.82E-15  2.84E-15  1.58E-15  6.62E-16  3.18E-16  1.45E-16  4.71E-17  1.92E-17
    23       1.62E-12  1.14E-12  7.21E-13  5.09E-13  3.58E-13  2.24E-13  1.55E-13  1.06E-13  6.10E-14  3.82E-14
             2.25E-14  9.95E-15  4.88E-15  2.22E-15  7.04E-16  2.78E-16  1.06E-16  2.82E-17  1.02E-17
    24       2.80E-12  1.98E-12  1.25E-12  8.80E-13  6.17E-13  3.80E-13  2.58E-13  1.70E-13  8.98E-14  5.08E-14
             2.63E-14  9.59E-15  4.07E-15  1.62E-15  4.48E-16  1.64E-16  5.92E-17  1.52E-17  5.38E-18
    25       3.72E-12  2.63E-12  1.65E-12  1.16E-12  8.05E-13  4.84E-13  3.17E-13  1.97E-13  9.31E-14  4.73E-14
             2.18E-14  6.89E-15  2.69E-15  1.00E-15  2.64E-16  9.45E-17  3.36E-17  8.55E-18  3.03E-18
    26       3.74E-12  2.64E-12  1.65E-12  1.15E-12  7.88E-13  4.57E-13  2.86E-13  1.66E-13  6.95E-14  3.20E-14
             1.35E-14  3.92E-15  1.46E-15  5.31E-16  1.37E-16  4.87E-17  1.73E-17  4.37E-18  1.55E-18
    27       2.58E-12  1.81E-12  1.13E-12  7.77E-13  5.23E-13  2.90E-13  1.71E-13  9.22E-14  3.47E-14  1.49E-14
             5.91E-15  1.62E-15  5.92E-16  2.13E-16  5.43E-17  1.93E-17  6.82E-18  1.73E-18  6.11E-19
    28       9.20E-13  6.45E-13  3.98E-13  2.70E-13  1.77E-13  9.31E-14  5.18E-14  2.60E-14  8.95E-15  3.63E-15
             1.39E-15  3.70E-16  1.33E-16  4.76E-17  1.21E-17  4.29E-18  1.52E-18  3.84E-19  1.36E-19
    29       3.65E-13  2.58E-13  1.63E-13  1.15E-13  8.10E-14  5.06E-14  3.52E-14  2.42E-14  1.45E-14  9.56E-15
             6.17E-15  3.27E-15  1.92E-15  1.07E-15  4.46E-16  2.14E-16  9.71E-17  3.16E-17  1.29E-17
    30       1.15E-12  8.10E-13  5.11E-13  3.61E-13  2.54E-13  1.58E-13  1.09E-13  7.40E-14  4.23E-14  2.64E-14
             1.54E-14  6.79E-15  3.33E-15  1.51E-15  4.78E-16  1.88E-16  7.16E-17  1.91E-17  6.91E-18
    31       2.00E-12  1.42E-12  8.93E-13  6.28E-13  4.40E-13  2.71E-13  1.83E-13  1.20E-13  6.32E-14  3.57E-14
             1.84E-14  6.69E-15  2.83E-15  1.13E-15  3.11E-16  1.14E-16  4.11E-17  1.05E-17  3.74E-18
    32       2.77E-12  1.95E-12  1.23E-12  8.60E-13  5.97E-13  3.59E-13  2.35E-13  1.46E-13  6.86E-14  3.48E-14
             1.60E-14  5.05E-15  1.97E-15  7.35E-16  1.93E-16  6.92E-17  2.46E-17  6.26E-18  2.22E-18
    33       3.07E-12  2.16E-12  1.36E-12  9.43E-13  6.46E-13  3.75E-13  2.34E-13  1.35E-13  5.67E-14  2.61E-14
             1.10E-14  3.19E-15  1.19E-15  4.33E-16  1.11E-16  3.96E-17  1.41E-17  3.56E-18  1.26E-18
    34       2.62E-12  1.84E-12  1.14E-12  7.88E-13  5.30E-13  2.94E-13  1.74E-13  9.34E-14  3.52E-14  1.50E-14
             5.98E-15  1.64E-15  5.99E-16  2.15E-16  5.49E-17  1.95E-17  6.90E-18  1.75E-18  6.18E-19
    35       1.53E-12  1.07E-12  6.62E-13  4.50E-13  2.96E-13  1.55E-13  8.64E-14  4.34E-14  1.49E-14  6.04E-15
             2.31E-15  6.17E-16  2.22E-16  7.93E-17  2.02E-17  7.15E-18  2.53E-18  6.40E-19  2.26E-19
    36       4.64E-13  3.24E-13  1.98E-13  1.32E-13  8.43E-14  4.17E-14  2.19E-14  1.03E-14  3.31E-15  1.29E-15
             4.82E-16  1.26E-16  4.51E-17  1.61E-17  4.08E-18  1.44E-18  5.11E-19  1.29E-19  4.57E-20
    37       2.71E-13  1.92E-13  1.21E-13  8.53E-14  6.00E-14  3.74E-14  2.59E-14  1.77E-14  1.05E-14  6.87E-15
             4.40E-15  2.32E-15  1.36E-15  7.54E-16  3.14E-16  1.51E-16  6.84E-17  2.23E-17  9.07E-18
    38       8.48E-13  5.99E-13  3.78E-13  2.67E-13  1.87E-13  1.16E-13  7.99E-14  5.39E-14  3.06E-14  1.90E-14
             1.11E-14  4.84E-15  2.37E-15  1.07E-15  3.39E-16  1.34E-16  5.07E-17  1.35E-17  4.90E-18
    39       1.49E-12  1.05E-12  6.62E-13  4.66E-13  3.26E-13  2.00E-13  1.35E-13  8.81E-14  4.61E-14  2.59E-14
             1.33E-14  4.83E-15  2.04E-15  8.13E-16  2.25E-16  8.22E-17  2.96E-17  7.59E-18  2.69E-18
    40       2.10E-12  1.48E-12  9.31E-13  6.52E-13  4.53E-13  2.72E-13  1.77E-13  1.10E-13  5.15E-14  2.61E-14
             1.20E-14  3.78E-15  1.47E-15  5.49E-16  1.44E-16  5.16E-17  1.84E-17  4.67E-18  1.65E-18
    41       2.47E-12  1.74E-12  1.09E-12  7.59E-13  5.20E-13  3.01E-13  1.88E-13  1.09E-13  4.54E-14  2.09E-14
             8.82E-15  2.55E-15  9.50E-16  3.45E-16  8.89E-17  3.16E-17  1.12E-17  2.84E-18  1.01E-18
    42       2.38E-12  1.67E-12  1.04E-12  7.16E-13  4.82E-13  2.67E-13  1.57E-13  8.47E-14  3.18E-14  1.36E-14
             5.41E-15  1.49E-15  5.42E-16  1.95E-16  4.97E-17  1.76E-17  6.24E-18  1.58E-18  5.59E-19
    43       1.76E-12  1.23E-12  7.61E-13  5.17E-13  3.40E-13  1.78E-13  9.92E-14  4.98E-14  1.71E-14  6.94E-15
             2.65E-15  7.08E-16  2.55E-16  9.10E-17  2.32E-17  8.20E-18  2.90E-18  7.35E-19  2.60E-19
    44       8.96E-13  6.26E-13  3.82E-13  2.55E-13  1.63E-13  8.06E-14  4.23E-14  1.99E-14  6.39E-15  2.49E-15
             9.30E-16  2.44E-16  8.72E-17  3.10E-17  7.88E-18  2.79E-18  9.87E-19  2.50E-19  8.83E-20
    45       2.35E-13  1.64E-13  9.85E-14  6.45E-14  3.99E-14  1.86E-14  9.23E-15  4.13E-15  1.25E-15  4.75E-16
             1.75E-16  4.53E-17  1.61E-17  5.73E-18  1.45E-18  5.14E-19  1.82E-19  4.60E-20  1.63E-20
    46       2.08E-13  1.47E-13  9.27E-14  6.53E-14  4.59E-14  2.85E-14  1.96E-14  1.33E-14  7.81E-15  5.10E-15
             3.25E-15  1.71E-15  9.98E-16  5.52E-16  2.30E-16  1.10E-16  4.99E-17  1.62E-17  6.62E-18
    47       6.49E-13  4.58E-13  2.89E-13  2.04E-13  1.43E-13  8.83E-14  6.05E-14  4.06E-14  2.29E-14  1.41E-14
             8.18E-15  3.57E-15  1.74E-15  7.87E-16  2.49E-16  9.81E-17  3.72E-17  9.94E-18  3.59E-18
    48       1.14E-12  8.03E-13  5.06E-13  3.56E-13  2.49E-13  1.52E-13  1.02E-13  6.65E-14  3.46E-14  1.94E-14
             9.97E-15  3.60E-15  1.52E-15  6.05E-16  1.67E-16  6.11E-17  2.20E-17  5.64E-18  2.00E-18
    49       1.63E-12  1.15E-12  7.22E-13  5.06E-13  3.51E-13  2.10E-13  1.37E-13  8.44E-14  3.95E-14  1.99E-14
             9.15E-15  2.88E-15  1.12E-15  4.18E-16  1.10E-16  3.93E-17  1.40E-17  3.56E-18  1.26E-18
    50       1.99E-12  1.40E-12  8.79E-13  6.11E-13  4.18E-13  2.42E-13  1.51E-13  8.71E-14  3.63E-14  1.67E-14
             7.04E-15  2.03E-15  7.58E-16  2.76E-16  7.09E-17  2.52E-17  8.95E-18  2.27E-18  8.03E-19
    51       2.07E-12  1.45E-12  9.04E-13  6.22E-13  4.18E-13  2.31E-13  1.37E-13  7.34E-14  2.76E-14  1.18E-14
             4.68E-15  1.29E-15  4.68E-16  1.68E-16  4.30E-17  1.52E-17  5.40E-18  1.37E-18  4.83E-19
    52       1.76E-12  1.23E-12  7.59E-13  5.16E-13  3.39E-13  1.78E-13  9.89E-14  4.96E-14  1.71E-14  6.90E-15
             2.64E-15  7.04E-16  2.54E-16  9.05E-17  2.30E-17  8.16E-18  2.89E-18  7.31E-19  2.59E-19
    53       1.15E-12  8.03E-13  4.90E-13  3.28E-13  2.09E-13  1.03E-13  5.43E-14  2.56E-14  8.20E-15  3.20E-15
             1.19E-15  3.13E-16  1.12E-16  3.98E-17  1.01E-17  3.58E-18  1.27E-18  3.20E-19  1.13E-19
    54       5.18E-13  3.60E-13  2.17E-13  1.42E-13  8.78E-14  4.09E-14  2.03E-14  9.07E-15  2.75E-15  1.05E-15
             3.84E-16  9.95E-17  3.55E-17  1.26E-17  3.20E-18  1.13E-18  4.00E-19  1.01E-19  3.58E-20
    55       1.20E-13  8.30E-14  4.92E-14  3.15E-14  1.89E-14  8.25E-15  3.90E-15  1.67E-15  4.85E-16  1.81E-16
             6.58E-17  1.69E-17  6.03E-18  2.14E-18  5.42E-19  1.92E-19  6.78E-20  1.71E-20  6.06E-21

   INREP
   -----
     1       9.37E-11  6.63E-11  4.19E-11  2.96E-11  2.09E-11  1.32E-11  9.33E-12  6.57E-12  4.11E-12  2.85E-12
             1.94E-12  1.12E-12  6.98E-13  4.10E-13  1.82E-13  9.09E-14  4.25E-14  1.42E-14  5.88E-15
     2       5.15E-11  3.64E-11  2.30E-11  1.63E-11  1.15E-11  7.21E-12  5.05E-12  3.50E-12  2.11E-12  1.38E-12
             8.71E-13  4.33E-13  2.37E-13  1.21E-13  4.58E-14  2.06E-14  8.86E-15  2.74E-15  1.08E-15
     3       3.55E-11  2.51E-11  1.59E-11  1.12E-11  7.88E-12  4.91E-12  3.40E-12  2.31E-12  1.32E-12  8.19E-13
             4.80E-13  2.15E-13  1.09E-13  5.22E-14  1.83E-14  7.90E-15  3.28E-15  9.83E-16  3.83E-16
     4       2.72E-11  1.92E-11  1.21E-11  8.52E-12  5.97E-12  3.69E-12  2.51E-12  1.66E-12  9.03E-13  5.33E-13
             2.96E-13  1.23E-13  5.96E-14  2.74E-14  9.22E-15  3.88E-15  1.59E-15  4.66E-16  1.80E-16
     5       2.20E-11  1.55E-11  9.77E-12  6.86E-12  4.79E-12  2.92E-12  1.95E-12  1.26E-12  6.52E-13  3.69E-13
             1.96E-13  7.77E-14  3.64E-14  1.63E-14  5.33E-15  2.21E-15  8.92E-16  2.59E-16  9.93E-17
     6       1.84E-11  1.30E-11  8.18E-12  5.73E-12  3.97E-12  2.39E-12  1.57E-12  9.86E-13  4.89E-13  2.67E-13
             1.37E-13  5.24E-14  2.39E-14  1.05E-14  3.38E-15  1.38E-15  5.54E-16  1.60E-16  6.09E-17
     7       1.59E-11  1.12E-11  7.03E-12  4.91E-12  3.38E-12  2.00E-12  1.29E-12  7.91E-13  3.78E-13  2.01E-13
             1.00E-13  3.72E-14  1.67E-14  7.21E-15  2.28E-15  9.27E-16  3.69E-16  1.06E-16  4.01E-17
     8       1.40E-11  9.84E-12  6.15E-12  4.28E-12  2.93E-12  1.70E-12  1.08E-12  6.46E-13  2.99E-13  1.55E-13
             7.58E-14  2.74E-14  1.21E-14  5.18E-15  1.62E-15  6.54E-16  2.58E-16  7.36E-17  2.79E-17
     9       1.24E-11  8.76E-12  5.47E-12  3.78E-12  2.57E-12  1.47E-12  9.14E-13  5.36E-13  2.41E-13  1.22E-13
             5.87E-14  2.08E-14  9.09E-15  3.85E-15  1.19E-15  4.79E-16  1.89E-16  5.35E-17  2.03E-17
    10       1.12E-11  7.89E-12  4.91E-12  3.38E-12  2.28E-12  1.28E-12  7.84E-13  4.51E-13  1.97E-13  9.83E-14
             4.65E-14  1.62E-14  7.01E-15  2.95E-15  9.06E-16  3.62E-16  1.42E-16  4.02E-17  1.52E-17
    11       1.02E-11  7.18E-12  4.45E-12  3.05E-12  2.04E-12  1.13E-12  6.79E-13  3.83E-13  1.64E-13  8.04E-14
             3.75E-14  1.29E-14  5.53E-15  2.31E-15  7.06E-16  2.81E-16  1.10E-16  3.10E-17  1.17E-17
    12       9.38E-12  6.57E-12  4.06E-12  2.77E-12  1.84E-12  1.00E-12  5.92E-13  3.29E-13  1.38E-13  6.67E-14
             3.08E-14  1.04E-14  4.45E-15  1.85E-15  5.61E-16  2.23E-16  8.69E-17  2.44E-17  9.20E-18
    13       8.66E-12  6.06E-12  3.73E-12  2.53E-12  1.66E-12  8.92E-13  5.20E-13  2.85E-13  1.17E-13  5.60E-14
             2.56E-14  8.59E-15  3.64E-15  1.50E-15  4.54E-16  1.80E-16  6.99E-17  1.96E-17  7.38E-18
    14       8.04E-12  5.62E-12  3.44E-12  2.32E-12  1.51E-12  8.00E-13  4.60E-13  2.49E-13  1.00E-13  4.75E-14
             2.15E-14  7.16E-15  3.01E-15  1.24E-15  3.73E-16  1.47E-16  5.72E-17  1.60E-17  6.02E-18
    15       7.50E-12  5.24E-12  3.20E-12  2.14E-12  1.39E-12  7.21E-13  4.09E-13  2.18E-13  8.67E-14  4.07E-14
             1.83E-14  6.03E-15  2.53E-15  1.04E-15  3.10E-16  1.22E-16  4.74E-17  1.32E-17  4.97E-18
    16       7.03E-12  4.90E-12  2.98E-12  1.98E-12  1.27E-12  6.52E-13  3.66E-13  1.93E-13  7.56E-14  3.51E-14
             1.57E-14  5.13E-15  2.14E-15  8.75E-16  2.61E-16  1.03E-16  3.97E-17  1.11E-17  4.16E-18
    17       6.24E-12  4.33E-12  2.61E-12  1.72E-12  1.08E-12  5.40E-13  2.97E-13  1.53E-13  5.85E-14  2.68E-14
             1.18E-14  3.82E-15  1.58E-15  6.42E-16  1.90E-16  7.45E-17  2.88E-17  8.01E-18  3.00E-18
    18       5.60E-12  3.87E-12  2.31E-12  1.50E-12  9.33E-13  4.54E-13  2.44E-13  1.24E-13  4.63E-14  2.09E-14
             9.13E-15  2.92E-15  1.20E-15  4.86E-16  1.43E-16  5.59E-17  2.15E-17  5.98E-18  2.24E-18
    19       5.08E-12  3.50E-12  2.06E-12  1.33E-12  8.11E-13  3.85E-13  2.04E-13  1.01E-13  3.73E-14  1.67E-14
             7.22E-15  2.29E-15  9.37E-16  3.77E-16  1.11E-16  4.31E-17  1.66E-17  4.59E-18  1.72E-18
    20       4.44E-12  3.04E-12  1.76E-12  1.12E-12  6.67E-13  3.07E-13  1.59E-13  7.74E-14  2.78E-14  1.23E-14
             5.25E-15  1.65E-15  6.69E-16  2.68E-16  7.83E-17  3.04E-17  1.16E-17  3.22E-18  1.20E-18
    21       3.79E-12  2.57E-12  1.46E-12  9.02E-13  5.25E-13  2.33E-13  1.17E-13  5.60E-14  1.97E-14  8.55E-15
             3.61E-15  1.12E-15  4.52E-16  1.80E-16  5.22E-17  2.02E-17  7.72E-18  2.13E-18  7.92E-19
    22       3.08E-12  2.06E-12  1.13E-12  6.79E-13  3.82E-13  1.62E-13  7.90E-14  3.67E-14  1.25E-14  5.36E-15
             2.24E-15  6.83E-16  2.74E-16  1.08E-16  3.12E-17  1.20E-17  4.58E-18  1.26E-18  4.68E-19
    23       2.73E-12  1.80E-12  9.73E-13  5.71E-13  3.15E-13  1.30E-13  6.25E-14  2.86E-14  9.63E-15  4.08E-15
             1.69E-15  5.13E-16  2.05E-16  8.07E-17  2.32E-17  8.91E-18  3.39E-18  9.29E-19  3.45E-19
    24       2.31E-12  1.50E-12  7.87E-13  4.50E-13  2.42E-13  9.66E-14  4.55E-14  2.05E-14  6.77E-15  2.84E-15
             1.17E-15  3.51E-16  1.39E-16  5.46E-17  1.56E-17  5.99E-18  2.27E-18  6.22E-19  2.31E-19
    25       2.09E-12  1.34E-12  6.91E-13  3.89E-13  2.05E-13  8.06E-14  3.75E-14  1.67E-14  5.48E-15  2.28E-15
             9.34E-16  2.80E-16  1.11E-16  4.33E-17  1.23E-17  4.73E-18  1.79E-18  4.89E-19  1.81E-19
    26       1.81E-12  1.15E-12  5.75E-13  3.17E-13  1.64E-13  6.28E-14  2.88E-14  1.27E-14  4.10E-15  1.70E-15
             6.89E-16  2.05E-16  8.08E-17  3.15E-17  8.97E-18  3.43E-18  1.30E-18  3.54E-19  1.31E-19
    27       1.59E-12  9.91E-13  4.84E-13  2.62E-13  1.33E-13  4.99E-14  2.26E-14  9.85E-15  3.15E-15  1.30E-15
             5.24E-16  1.55E-16  6.10E-17  2.37E-17  6.73E-18  2.57E-18  9.70E-19  2.64E-19  9.76E-20
    28       1.33E-12  8.09E-13  3.82E-13  2.01E-13  9.99E-14  3.66E-14  1.63E-14  7.02E-15  2.22E-15  9.05E-16
             3.64E-16  1.07E-16  4.19E-17  1.62E-17  4.59E-18  1.75E-18  6.59E-19  1.79E-19  6.61E-20
    29       1.09E-12  6.45E-13  2.94E-13  1.51E-13  7.32E-14  2.61E-14  1.15E-14  4.88E-15  1.52E-15  6.17E-16
             2.46E-16  7.20E-17  2.81E-17  1.09E-17  3.05E-18  1.16E-18  4.37E-19  1.18E-19  4.37E-20
    30       7.97E-13  4.56E-13  1.97E-13  9.78E-14  4.60E-14  1.59E-14  6.83E-15  2.86E-15  8.78E-16  3.53E-16
             1.40E-16  4.05E-17  1.57E-17  6.05E-18  1.69E-18  6.41E-19  2.41E-19  6.52E-20  2.40E-20
    31       6.42E-13  3.57E-13  1.50E-13  7.25E-14  3.35E-14  1.13E-14  4.82E-15  2.00E-15  6.08E-16  2.43E-16
             9.57E-17  2.76E-17  1.07E-17  4.10E-18  1.14E-18  4.33E-19  1.62E-19  4.39E-20  1.61E-20
    32       4.64E-13  2.49E-13  9.98E-14  4.70E-14  2.12E-14  6.99E-15  2.93E-15  1.20E-15  3.61E-16  1.43E-16
             5.61E-17  1.61E-17  6.18E-18  2.37E-18  6.59E-19  2.48E-19  9.30E-20  2.51E-20  9.22E-21
    33       3.60E-13  1.88E-13  7.31E-14  3.37E-14  1.49E-14  4.85E-15  2.01E-15  8.20E-16  2.44E-16  9.63E-17
             3.76E-17  1.07E-17  4.12E-18  1.57E-18  4.37E-19  1.64E-19  6.15E-20  1.65E-20  6.08E-21
    34       2.45E-13  1.23E-13  4.59E-14  2.06E-14  8.96E-15  2.85E-15  1.17E-15  4.70E-16  1.39E-16  5.43E-17
             2.11E-17  5.98E-18  2.29E-18  8.71E-19  2.41E-19  9.05E-20  3.38E-20  9.07E-21  3.33E-21
    35       1.79E-13  8.79E-14  3.18E-14  1.40E-14  6.01E-15  1.88E-15  7.65E-16  3.06E-16  8.96E-17  3.49E-17
             1.35E-17  3.82E-18  1.46E-18  5.53E-19  1.53E-19  5.72E-20  2.13E-20  5.73E-21  2.10E-21
    36       1.09E-13  5.16E-14  1.79E-14  7.74E-15  3.25E-15  9.99E-16  4.01E-16  1.59E-16  4.61E-17  1.79E-17
             6.88E-18  1.93E-18  7.34E-19  2.78E-19  7.64E-20  2.86E-20  1.06E-20  2.85E-21  1.04E-21
    37       7.72E-14  3.57E-14  1.21E-14  5.16E-15  2.14E-15  6.51E-16  2.60E-16  1.03E-16  2.95E-17  1.14E-17
             4.38E-18  1.22E-18  4.65E-19  1.76E-19  4.81E-20  1.80E-20  6.68E-21  1.79E-21  6.54E-22
    38       4.52E-14  2.03E-14  6.68E-15  2.79E-15  1.14E-15  3.42E-16  1.35E-16  5.30E-17  1.51E-17  5.82E-18
             2.22E-18  6.19E-19  2.34E-19  8.82E-20  2.41E-20  9.00E-21  3.34E-21  8.91E-22  3.26E-22
    39       3.04E-14  1.34E-14  4.33E-15  1.79E-15  7.26E-16  2.15E-16  8.47E-17  3.30E-17  9.38E-18  3.59E-18
             1.37E-18  3.80E-19  1.44E-19  5.40E-20  1.47E-20  5.49E-21  2.03E-21  5.42E-22  1.98E-22
    40       1.60E-14  6.90E-15  2.18E-15  8.86E-16  3.55E-16  1.04E-16  4.06E-17  1.57E-17  4.44E-18  1.69E-18
             6.43E-19  1.78E-19  6.69E-20  2.51E-20  6.83E-21  2.54E-21  9.39E-22  2.50E-22  9.12E-23
    41       1.11E-14  4.74E-15  1.48E-15  5.98E-16  2.39E-16  6.95E-17  2.70E-17  1.04E-17  2.94E-18  1.12E-18
             4.24E-19  1.17E-19  4.39E-20  1.65E-20  4.47E-21  1.66E-21  6.14E-22  1.63E-22  5.95E-23
    42       6.53E-15  2.75E-15  8.45E-16  3.39E-16  1.35E-16  3.89E-17  1.51E-17  5.80E-18  1.63E-18  6.18E-19
             2.34E-19  6.43E-20  2.41E-20  9.03E-21  2.45E-21  9.08E-22  3.35E-22  8.91E-23  3.25E-23



    T(K)     ALFT( 1)  ALFT( 2)  ALFT( 3)  ALFT( 4)  ALFT( 5)  ALFT( 6)  ALFT( 7)  ALFT( 8)  ALFT( 9)  ALFT(10)
    ----     --------  --------  --------  --------  --------  --------  --------  --------  --------  --------
  3.24E+03   6.22E-10
  6.48E+03   4.14E-10
  1.62E+04   2.37E-10
  3.24E+04   1.56E-10
  6.48E+04   1.01E-10
  1.62E+05   5.67E-11
  3.24E+05   3.61E-11
  6.48E+05   2.28E-11
  1.62E+06   1.22E-11
  3.24E+06   7.50E-12
  6.48E+06   4.51E-12
  1.62E+07   2.22E-12
  3.24E+07   1.25E-12
  6.48E+07   6.74E-13
  1.62E+08   2.75E-13
  3.24E+08   1.31E-13
  6.48E+08   5.94E-14
  1.62E+09   1.93E-14
  3.24E+09   7.87E-15
C--------------------------------------------------------------------------------------------------------------
C
C                                                                            
C
C NAME:
C DATE:   /  /  
C
C--------------------------------------------------------------------------------------------------------------
