SEQ='H '     NUCCHG=18                                                  /LS/

   PARENT TERM INDEXING                 BWNP=         0.0   NPRNTI= 1   NPRNTF= 1
   --------------------
   INDP         CODE                 S L   WI        WNP
   ----         ----                 - -   --  ----------
     1                              (1)0( 0.0)        0.0 

   LS RESOLVED TERM INDEXING            BWNR=  35554917.6   NTRM=  36
   -------------------------
   INDX  INDP   CODE                 S L   WJ        WNR
   ----  ----   ----                 - -   --  ----------
     1     1    1S1                 (2)0( 0.5)        0.0 
     2     1    2S1                 (2)0( 0.5) 26666188.2 
     3     1    2P1                 (2)1( 2.5) 26666188.2 
     4     1    3S1                 (2)0( 0.5) 31604371.2 
     5     1    3P1                 (2)1( 2.5) 31604371.2 
     6     1    3D1                 (2)2( 4.5) 31604371.2 
     7     1    4S1                 (2)0( 0.5) 33332735.3 
     8     1    4P1                 (2)1( 2.5) 33332735.3 
     9     1    4D1                 (2)2( 4.5) 33332735.3 
    10     1    4F1                 (2)3( 6.5) 33332735.3 
    11     1    5S1                 (2)0( 0.5) 34132720.9 
    12     1    5P1                 (2)1( 2.5) 34132720.9 
    13     1    5D1                 (2)2( 4.5) 34132720.9 
    14     1    5F1                 (2)3( 6.5) 34132720.9 
    15     1    5G1                 (2)4( 8.5) 34132720.9 
    16     1    6S1                 (2)0( 0.5) 34567281.0 
    17     1    6P1                 (2)1( 2.5) 34567281.0 
    18     1    6D1                 (2)2( 4.5) 34567281.0 
    19     1    6F1                 (2)3( 6.5) 34567281.0 
    20     1    6G1                 (2)4( 8.5) 34567281.0 
    21     1    6H1                 (2)5(10.5) 34567281.0 
    22     1    7S1                 (2)0( 0.5) 34829307.0 
    23     1    7P1                 (2)1( 2.5) 34829307.0 
    24     1    7D1                 (2)2( 4.5) 34829307.0 
    25     1    7F1                 (2)3( 6.5) 34829307.0 
    26     1    7G1                 (2)4( 8.5) 34829307.0 
    27     1    7H1                 (2)5(10.5) 34829307.0 
    28     1    7I1                 (2)6(12.5) 34829307.0 
    29     1    8S1                 (2)0( 0.5) 34999372.0 
    30     1    8P1                 (2)1( 2.5) 34999372.0 
    31     1    8D1                 (2)2( 4.5) 34999372.0 
    32     1    8F1                 (2)3( 6.5) 34999372.0 
    33     1    8G1                 (2)4( 8.5) 34999372.0 
    34     1    8H1                 (2)5(10.5) 34999372.0 
    35     1    8I1                 (2)6(12.5) 34999372.0 
    36     1    8J1                 (2)7(14.5) 34999372.0 

   N-SHELL INDEXING                                     NREP= 42
   ----------------
   IREP    N
   -----   -
     1     1
     2     2
     3     3
     4     4
     5     5
     6     6
     7     7
     8     8
     9     9
    10    10
    11    11
    12    12
    13    13
    14    14
    15    15
    16    16
    17    18
    18    20
    19    22
    20    25
    21    29
    22    35
    23    39
    24    45
    25    49
    26    55
    27    61
    28    70
    29    81
    30   100
    31   115
    32   140
    33   162
    34   200
    35   235
    36   300
    37   353
    38   450
    39   535
    40   700
    41   811
    42   999



 --------------------------------
 PRTI= 1  TRMPRT= (1S)  SPNPRT= 1

   INDX TE=  3.24E+03  6.48E+03  1.62E+04  3.24E+04  6.48E+04  1.62E+05  3.24E+05  6.48E+05  1.62E+06  3.24E+06
   ---- ---  6.48E+06  1.62E+07  3.24E+07  6.48E+07  1.62E+08  3.24E+08  6.48E+08  1.62E+09  3.24E+09
     1       9.37E-11  6.63E-11  4.19E-11  2.96E-11  2.09E-11  1.32E-11  9.33E-12  6.57E-12  4.11E-12  2.85E-12
             1.94E-12  1.12E-12  6.98E-13  4.10E-13  1.82E-13  9.09E-14  4.25E-14  1.42E-14  5.88E-15
     2       1.37E-11  9.71E-12  6.14E-12  4.34E-12  3.07E-12  1.94E-12  1.37E-12  9.66E-13  6.06E-13  4.22E-13
             2.88E-13  1.65E-13  1.02E-13  5.90E-14  2.56E-14  1.26E-14  5.79E-15  1.91E-15  7.85E-16
     3       3.78E-11  2.67E-11  1.69E-11  1.19E-11  8.40E-12  5.27E-12  3.68E-12  2.54E-12  1.50E-12  9.64E-13
             5.84E-13  2.68E-13  1.35E-13  6.23E-14  2.02E-14  8.03E-15  3.07E-15  8.24E-16  2.98E-16
     4       4.62E-12  3.27E-12  2.07E-12  1.46E-12  1.03E-12  6.53E-13  4.61E-13  3.25E-13  2.03E-13  1.41E-13
             9.52E-14  5.36E-14  3.26E-14  1.86E-14  7.96E-15  3.87E-15  1.77E-15  5.81E-16  2.38E-16
     5       1.43E-11  1.01E-11  6.40E-12  4.52E-12  3.19E-12  2.00E-12  1.40E-12  9.66E-13  5.71E-13  3.67E-13
             2.22E-13  1.01E-13  5.05E-14  2.33E-14  7.48E-15  2.97E-15  1.13E-15  3.04E-16  1.10E-16
     6       1.66E-11  1.17E-11  7.39E-12  5.21E-12  3.65E-12  2.26E-12  1.54E-12  1.02E-12  5.45E-13  3.12E-13
             1.63E-13  6.04E-14  2.58E-14  1.03E-14  2.87E-15  1.05E-15  3.80E-16  9.73E-17  3.46E-17
     7       2.17E-12  1.53E-12  9.69E-13  6.85E-13  4.84E-13  3.06E-13  2.16E-13  1.52E-13  9.41E-14  6.45E-14
             4.32E-14  2.39E-14  1.44E-14  8.12E-15  3.44E-15  1.67E-15  7.59E-16  2.49E-16  1.02E-16
     8       6.87E-12  4.85E-12  3.07E-12  2.17E-12  1.53E-12  9.59E-13  6.69E-13  4.62E-13  2.72E-13  1.74E-13
             1.04E-13  4.72E-14  2.35E-14  1.08E-14  3.44E-15  1.36E-15  5.19E-16  1.39E-16  5.03E-17
     9       1.04E-11  7.33E-12  4.63E-12  3.26E-12  2.29E-12  1.41E-12  9.63E-13  6.37E-13  3.41E-13  1.95E-13
             1.02E-13  3.76E-14  1.60E-14  6.41E-15  1.78E-15  6.52E-16  2.35E-16  6.03E-17  2.14E-17
    10       7.74E-12  5.47E-12  3.44E-12  2.41E-12  1.67E-12  1.01E-12  6.62E-13  4.12E-13  1.95E-13  9.97E-14
             4.62E-14  1.47E-14  5.72E-15  2.14E-15  5.63E-16  2.02E-16  7.18E-17  1.83E-17  6.46E-18
    11       1.21E-12  8.58E-13  5.42E-13  3.83E-13  2.71E-13  1.71E-13  1.20E-13  8.41E-14  5.17E-14  3.51E-14
             2.32E-14  1.27E-14  7.56E-15  4.24E-15  1.79E-15  8.63E-16  3.92E-16  1.28E-16  5.23E-17
    12       3.85E-12  2.72E-12  1.72E-12  1.22E-12  8.57E-13  5.37E-13  3.75E-13  2.58E-13  1.51E-13  9.58E-14
             5.71E-14  2.56E-14  1.27E-14  5.78E-15  1.84E-15  7.29E-16  2.77E-16  7.42E-17  2.68E-17
    13       6.35E-12  4.49E-12  2.83E-12  1.99E-12  1.40E-12  8.65E-13  5.89E-13  3.89E-13  2.08E-13  1.19E-13
             6.18E-14  2.27E-14  9.66E-15  3.85E-15  1.07E-15  3.92E-16  1.41E-16  3.62E-17  1.28E-17
    14       6.81E-12  4.81E-12  3.03E-12  2.12E-12  1.47E-12  8.87E-13  5.83E-13  3.63E-13  1.72E-13  8.77E-14
             4.05E-14  1.29E-14  5.01E-15  1.88E-15  4.93E-16  1.77E-16  6.29E-17  1.60E-17  5.66E-18
    15       3.74E-12  2.63E-12  1.65E-12  1.15E-12  7.86E-13  4.56E-13  2.85E-13  1.65E-13  6.95E-14  3.21E-14
             1.36E-14  3.93E-15  1.47E-15  5.33E-16  1.37E-16  4.89E-17  1.73E-17  4.39E-18  1.55E-18
    16       7.59E-13  5.36E-13  3.39E-13  2.40E-13  1.69E-13  1.06E-13  7.46E-14  5.20E-14  3.16E-14  2.13E-14
             1.39E-14  7.52E-15  4.46E-15  2.49E-15  1.04E-15  5.03E-16  2.29E-16  7.45E-17  3.04E-17
    17       2.40E-12  1.70E-12  1.07E-12  7.58E-13  5.34E-13  3.34E-13  2.32E-13  1.59E-13  9.26E-14  5.83E-14
             3.46E-14  1.54E-14  7.58E-15  3.45E-15  1.10E-15  4.34E-16  1.65E-16  4.40E-17  1.59E-17
    18       4.11E-12  2.90E-12  1.83E-12  1.29E-12  9.04E-13  5.58E-13  3.80E-13  2.50E-13  1.33E-13  7.57E-14
             3.93E-14  1.44E-14  6.11E-15  2.44E-15  6.74E-16  2.47E-16  8.91E-17  2.28E-17  8.10E-18
    19       5.08E-12  3.59E-12  2.26E-12  1.58E-12  1.10E-12  6.61E-13  4.34E-13  2.70E-13  1.28E-13  6.50E-14
             3.00E-14  9.51E-15  3.71E-15  1.39E-15  3.65E-16  1.31E-16  4.65E-17  1.18E-17  4.18E-18
    20       4.26E-12  3.00E-12  1.88E-12  1.31E-12  8.96E-13  5.20E-13  3.25E-13  1.88E-13  7.91E-14  3.65E-14
             1.54E-14  4.47E-15  1.67E-15  6.06E-16  1.56E-16  5.56E-17  1.97E-17  4.99E-18  1.77E-18
    21       1.84E-12  1.29E-12  8.05E-13  5.55E-13  3.73E-13  2.07E-13  1.22E-13  6.57E-14  2.48E-14  1.06E-14
             4.22E-15  1.16E-15  4.22E-16  1.52E-16  3.88E-17  1.38E-17  4.87E-18  1.23E-18  4.36E-19
    22       5.12E-13  3.62E-13  2.29E-13  1.62E-13  1.14E-13  7.15E-14  4.99E-14  3.46E-14  2.08E-14  1.39E-14
             9.01E-15  4.82E-15  2.84E-15  1.58E-15  6.62E-16  3.18E-16  1.45E-16  4.71E-17  1.92E-17
    23       1.62E-12  1.14E-12  7.21E-13  5.09E-13  3.58E-13  2.24E-13  1.55E-13  1.06E-13  6.10E-14  3.82E-14
             2.25E-14  9.95E-15  4.88E-15  2.22E-15  7.04E-16  2.78E-16  1.06E-16  2.82E-17  1.02E-17
    24       2.80E-12  1.98E-12  1.25E-12  8.80E-13  6.17E-13  3.80E-13  2.58E-13  1.70E-13  8.98E-14  5.08E-14
             2.63E-14  9.59E-15  4.07E-15  1.62E-15  4.48E-16  1.64E-16  5.92E-17  1.52E-17  5.38E-18
    25       3.72E-12  2.63E-12  1.65E-12  1.16E-12  8.05E-13  4.84E-13  3.17E-13  1.97E-13  9.31E-14  4.73E-14
             2.18E-14  6.89E-15  2.69E-15  1.00E-15  2.64E-16  9.45E-17  3.36E-17  8.55E-18  3.03E-18
    26       3.74E-12  2.64E-12  1.65E-12  1.15E-12  7.88E-13  4.57E-13  2.86E-13  1.66E-13  6.95E-14  3.20E-14
             1.35E-14  3.92E-15  1.46E-15  5.31E-16  1.37E-16  4.87E-17  1.73E-17  4.37E-18  1.55E-18
    27       2.58E-12  1.81E-12  1.13E-12  7.77E-13  5.23E-13  2.90E-13  1.71E-13  9.22E-14  3.47E-14  1.49E-14
             5.91E-15  1.62E-15  5.92E-16  2.13E-16  5.43E-17  1.93E-17  6.82E-18  1.73E-18  6.11E-19
    28       9.20E-13  6.45E-13  3.98E-13  2.70E-13  1.77E-13  9.31E-14  5.18E-14  2.60E-14  8.95E-15  3.63E-15
             1.39E-15  3.70E-16  1.33E-16  4.76E-17  1.21E-17  4.29E-18  1.52E-18  3.84E-19  1.36E-19
    29       3.65E-13  2.58E-13  1.63E-13  1.15E-13  8.10E-14  5.06E-14  3.52E-14  2.42E-14  1.45E-14  9.56E-15
             6.17E-15  3.27E-15  1.92E-15  1.07E-15  4.46E-16  2.14E-16  9.71E-17  3.16E-17  1.29E-17
    30       1.15E-12  8.10E-13  5.11E-13  3.61E-13  2.54E-13  1.58E-13  1.09E-13  7.40E-14  4.23E-14  2.64E-14
             1.54E-14  6.79E-15  3.33E-15  1.51E-15  4.78E-16  1.88E-16  7.16E-17  1.91E-17  6.91E-18
    31       2.00E-12  1.42E-12  8.93E-13  6.28E-13  4.40E-13  2.71E-13  1.83E-13  1.20E-13  6.32E-14  3.57E-14
             1.84E-14  6.69E-15  2.83E-15  1.13E-15  3.11E-16  1.14E-16  4.11E-17  1.05E-17  3.74E-18
    32       2.77E-12  1.95E-12  1.23E-12  8.60E-13  5.97E-13  3.59E-13  2.35E-13  1.46E-13  6.86E-14  3.48E-14
             1.60E-14  5.05E-15  1.97E-15  7.35E-16  1.93E-16  6.92E-17  2.46E-17  6.26E-18  2.22E-18
    33       3.07E-12  2.16E-12  1.36E-12  9.43E-13  6.46E-13  3.75E-13  2.34E-13  1.35E-13  5.67E-14  2.61E-14
             1.10E-14  3.19E-15  1.19E-15  4.33E-16  1.11E-16  3.96E-17  1.41E-17  3.56E-18  1.26E-18
    34       2.62E-12  1.84E-12  1.14E-12  7.88E-13  5.30E-13  2.94E-13  1.74E-13  9.34E-14  3.52E-14  1.50E-14
             5.98E-15  1.64E-15  5.99E-16  2.15E-16  5.49E-17  1.95E-17  6.90E-18  1.75E-18  6.18E-19
    35       1.53E-12  1.07E-12  6.62E-13  4.50E-13  2.96E-13  1.55E-13  8.64E-14  4.34E-14  1.49E-14  6.04E-15
             2.31E-15  6.17E-16  2.22E-16  7.93E-17  2.02E-17  7.15E-18  2.53E-18  6.40E-19  2.26E-19
    36       4.64E-13  3.24E-13  1.98E-13  1.32E-13  8.43E-14  4.17E-14  2.19E-14  1.03E-14  3.31E-15  1.29E-15
             4.82E-16  1.26E-16  4.51E-17  1.61E-17  4.08E-18  1.44E-18  5.11E-19  1.29E-19  4.57E-20


 -----------------------------------------
 PRTF= 1  TRMPRT= (1S)  SPNPRT= 1  NSYS= 1
                                                                                              -----------------
                                                                                              SYS= 1  SPNSYS= 2
   IREP
   ----
     1       9.37E-11  6.63E-11  4.19E-11  2.96E-11  2.09E-11  1.32E-11  9.33E-12  6.57E-12  4.11E-12  2.85E-12
             1.94E-12  1.12E-12  6.98E-13  4.10E-13  1.82E-13  9.09E-14  4.25E-14  1.42E-14  5.88E-15
     2       5.15E-11  3.64E-11  2.30E-11  1.63E-11  1.15E-11  7.21E-12  5.05E-12  3.50E-12  2.11E-12  1.38E-12
             8.71E-13  4.33E-13  2.37E-13  1.21E-13  4.58E-14  2.06E-14  8.86E-15  2.74E-15  1.08E-15
     3       3.55E-11  2.51E-11  1.59E-11  1.12E-11  7.88E-12  4.91E-12  3.40E-12  2.31E-12  1.32E-12  8.19E-13
             4.80E-13  2.15E-13  1.09E-13  5.22E-14  1.83E-14  7.90E-15  3.28E-15  9.83E-16  3.83E-16
     4       2.72E-11  1.92E-11  1.21E-11  8.52E-12  5.97E-12  3.69E-12  2.51E-12  1.66E-12  9.03E-13  5.33E-13
             2.96E-13  1.23E-13  5.96E-14  2.74E-14  9.22E-15  3.88E-15  1.59E-15  4.66E-16  1.80E-16
     5       2.20E-11  1.55E-11  9.77E-12  6.86E-12  4.79E-12  2.92E-12  1.95E-12  1.26E-12  6.52E-13  3.69E-13
             1.96E-13  7.77E-14  3.64E-14  1.63E-14  5.33E-15  2.21E-15  8.92E-16  2.59E-16  9.93E-17
     6       1.84E-11  1.30E-11  8.18E-12  5.73E-12  3.97E-12  2.39E-12  1.57E-12  9.86E-13  4.89E-13  2.67E-13
             1.37E-13  5.24E-14  2.39E-14  1.05E-14  3.38E-15  1.38E-15  5.54E-16  1.60E-16  6.09E-17
     7       1.59E-11  1.12E-11  7.03E-12  4.91E-12  3.38E-12  2.00E-12  1.29E-12  7.91E-13  3.78E-13  2.01E-13
             1.00E-13  3.72E-14  1.67E-14  7.21E-15  2.28E-15  9.27E-16  3.69E-16  1.06E-16  4.01E-17
     8       1.40E-11  9.84E-12  6.15E-12  4.28E-12  2.93E-12  1.70E-12  1.08E-12  6.46E-13  2.99E-13  1.55E-13
             7.58E-14  2.74E-14  1.21E-14  5.18E-15  1.62E-15  6.54E-16  2.58E-16  7.36E-17  2.79E-17
     9       1.24E-11  8.76E-12  5.47E-12  3.78E-12  2.57E-12  1.47E-12  9.14E-13  5.36E-13  2.41E-13  1.22E-13
             5.87E-14  2.08E-14  9.09E-15  3.85E-15  1.19E-15  4.79E-16  1.89E-16  5.35E-17  2.03E-17
    10       1.12E-11  7.89E-12  4.91E-12  3.38E-12  2.28E-12  1.28E-12  7.84E-13  4.51E-13  1.97E-13  9.83E-14
             4.65E-14  1.62E-14  7.01E-15  2.95E-15  9.06E-16  3.62E-16  1.42E-16  4.02E-17  1.52E-17
    11       1.02E-11  7.18E-12  4.45E-12  3.05E-12  2.04E-12  1.13E-12  6.79E-13  3.83E-13  1.64E-13  8.04E-14
             3.75E-14  1.29E-14  5.53E-15  2.31E-15  7.06E-16  2.81E-16  1.10E-16  3.10E-17  1.17E-17
    12       9.38E-12  6.57E-12  4.06E-12  2.77E-12  1.84E-12  1.00E-12  5.92E-13  3.29E-13  1.38E-13  6.67E-14
             3.08E-14  1.04E-14  4.45E-15  1.85E-15  5.61E-16  2.23E-16  8.69E-17  2.44E-17  9.20E-18
    13       8.66E-12  6.06E-12  3.73E-12  2.53E-12  1.66E-12  8.92E-13  5.20E-13  2.85E-13  1.17E-13  5.60E-14
             2.56E-14  8.59E-15  3.64E-15  1.50E-15  4.54E-16  1.80E-16  6.99E-17  1.96E-17  7.38E-18
    14       8.04E-12  5.62E-12  3.44E-12  2.32E-12  1.51E-12  8.00E-13  4.60E-13  2.49E-13  1.00E-13  4.75E-14
             2.15E-14  7.16E-15  3.01E-15  1.24E-15  3.73E-16  1.47E-16  5.72E-17  1.60E-17  6.02E-18
    15       7.50E-12  5.24E-12  3.20E-12  2.14E-12  1.39E-12  7.21E-13  4.09E-13  2.18E-13  8.67E-14  4.07E-14
             1.83E-14  6.03E-15  2.53E-15  1.04E-15  3.10E-16  1.22E-16  4.74E-17  1.32E-17  4.97E-18
    16       7.03E-12  4.90E-12  2.98E-12  1.98E-12  1.27E-12  6.52E-13  3.66E-13  1.93E-13  7.56E-14  3.51E-14
             1.57E-14  5.13E-15  2.14E-15  8.75E-16  2.61E-16  1.03E-16  3.97E-17  1.11E-17  4.16E-18
    17       6.24E-12  4.33E-12  2.61E-12  1.72E-12  1.08E-12  5.40E-13  2.97E-13  1.53E-13  5.85E-14  2.68E-14
             1.18E-14  3.82E-15  1.58E-15  6.42E-16  1.90E-16  7.45E-17  2.88E-17  8.01E-18  3.00E-18
    18       5.60E-12  3.87E-12  2.31E-12  1.50E-12  9.33E-13  4.54E-13  2.44E-13  1.24E-13  4.63E-14  2.09E-14
             9.13E-15  2.92E-15  1.20E-15  4.86E-16  1.43E-16  5.59E-17  2.15E-17  5.98E-18  2.24E-18
    19       5.08E-12  3.50E-12  2.06E-12  1.33E-12  8.11E-13  3.85E-13  2.04E-13  1.01E-13  3.73E-14  1.67E-14
             7.22E-15  2.29E-15  9.37E-16  3.77E-16  1.11E-16  4.31E-17  1.66E-17  4.59E-18  1.72E-18
    20       4.44E-12  3.04E-12  1.76E-12  1.12E-12  6.67E-13  3.07E-13  1.59E-13  7.74E-14  2.78E-14  1.23E-14
             5.25E-15  1.65E-15  6.69E-16  2.68E-16  7.83E-17  3.04E-17  1.16E-17  3.22E-18  1.20E-18
    21       3.79E-12  2.57E-12  1.46E-12  9.02E-13  5.25E-13  2.33E-13  1.17E-13  5.60E-14  1.97E-14  8.55E-15
             3.61E-15  1.12E-15  4.52E-16  1.80E-16  5.22E-17  2.02E-17  7.72E-18  2.13E-18  7.92E-19
    22       3.08E-12  2.06E-12  1.13E-12  6.79E-13  3.82E-13  1.62E-13  7.90E-14  3.67E-14  1.25E-14  5.36E-15
             2.24E-15  6.83E-16  2.74E-16  1.08E-16  3.12E-17  1.20E-17  4.58E-18  1.26E-18  4.68E-19
    23       2.73E-12  1.80E-12  9.73E-13  5.71E-13  3.15E-13  1.30E-13  6.25E-14  2.86E-14  9.63E-15  4.08E-15
             1.69E-15  5.13E-16  2.05E-16  8.07E-17  2.32E-17  8.91E-18  3.39E-18  9.29E-19  3.45E-19
    24       2.31E-12  1.50E-12  7.87E-13  4.50E-13  2.42E-13  9.66E-14  4.55E-14  2.05E-14  6.77E-15  2.84E-15
             1.17E-15  3.51E-16  1.39E-16  5.46E-17  1.56E-17  5.99E-18  2.27E-18  6.22E-19  2.31E-19
    25       2.09E-12  1.34E-12  6.91E-13  3.89E-13  2.05E-13  8.06E-14  3.75E-14  1.67E-14  5.48E-15  2.28E-15
             9.34E-16  2.80E-16  1.11E-16  4.33E-17  1.23E-17  4.73E-18  1.79E-18  4.89E-19  1.81E-19
    26       1.81E-12  1.15E-12  5.75E-13  3.17E-13  1.64E-13  6.28E-14  2.88E-14  1.27E-14  4.10E-15  1.70E-15
             6.89E-16  2.05E-16  8.08E-17  3.15E-17  8.97E-18  3.43E-18  1.30E-18  3.54E-19  1.31E-19
    27       1.59E-12  9.91E-13  4.84E-13  2.62E-13  1.33E-13  4.99E-14  2.26E-14  9.85E-15  3.15E-15  1.30E-15
             5.24E-16  1.55E-16  6.10E-17  2.37E-17  6.73E-18  2.57E-18  9.70E-19  2.64E-19  9.76E-20
    28       1.33E-12  8.09E-13  3.82E-13  2.01E-13  9.99E-14  3.66E-14  1.63E-14  7.02E-15  2.22E-15  9.05E-16
             3.64E-16  1.07E-16  4.19E-17  1.62E-17  4.59E-18  1.75E-18  6.59E-19  1.79E-19  6.61E-20
    29       1.09E-12  6.45E-13  2.94E-13  1.51E-13  7.32E-14  2.61E-14  1.15E-14  4.88E-15  1.52E-15  6.17E-16
             2.46E-16  7.20E-17  2.81E-17  1.09E-17  3.05E-18  1.16E-18  4.37E-19  1.18E-19  4.37E-20
    30       7.97E-13  4.56E-13  1.97E-13  9.78E-14  4.60E-14  1.59E-14  6.83E-15  2.86E-15  8.78E-16  3.53E-16
             1.40E-16  4.05E-17  1.57E-17  6.05E-18  1.69E-18  6.41E-19  2.41E-19  6.52E-20  2.40E-20
    31       6.42E-13  3.57E-13  1.50E-13  7.25E-14  3.35E-14  1.13E-14  4.82E-15  2.00E-15  6.08E-16  2.43E-16
             9.57E-17  2.76E-17  1.07E-17  4.10E-18  1.14E-18  4.33E-19  1.62E-19  4.39E-20  1.61E-20
    32       4.64E-13  2.49E-13  9.98E-14  4.70E-14  2.12E-14  6.99E-15  2.93E-15  1.20E-15  3.61E-16  1.43E-16
             5.61E-17  1.61E-17  6.18E-18  2.37E-18  6.59E-19  2.48E-19  9.30E-20  2.51E-20  9.22E-21
    33       3.60E-13  1.88E-13  7.31E-14  3.37E-14  1.49E-14  4.85E-15  2.01E-15  8.20E-16  2.44E-16  9.63E-17
             3.76E-17  1.07E-17  4.12E-18  1.57E-18  4.37E-19  1.64E-19  6.15E-20  1.65E-20  6.08E-21
    34       2.45E-13  1.23E-13  4.59E-14  2.06E-14  8.96E-15  2.85E-15  1.17E-15  4.70E-16  1.39E-16  5.43E-17
             2.11E-17  5.98E-18  2.29E-18  8.71E-19  2.41E-19  9.05E-20  3.38E-20  9.07E-21  3.33E-21
    35       1.79E-13  8.79E-14  3.18E-14  1.40E-14  6.01E-15  1.88E-15  7.65E-16  3.06E-16  8.96E-17  3.49E-17
             1.35E-17  3.82E-18  1.46E-18  5.53E-19  1.53E-19  5.72E-20  2.13E-20  5.73E-21  2.10E-21
    36       1.09E-13  5.16E-14  1.79E-14  7.74E-15  3.25E-15  9.99E-16  4.01E-16  1.59E-16  4.61E-17  1.79E-17
             6.88E-18  1.93E-18  7.34E-19  2.78E-19  7.64E-20  2.86E-20  1.06E-20  2.85E-21  1.04E-21
    37       7.72E-14  3.57E-14  1.21E-14  5.16E-15  2.14E-15  6.51E-16  2.60E-16  1.03E-16  2.95E-17  1.14E-17
             4.38E-18  1.22E-18  4.65E-19  1.76E-19  4.81E-20  1.80E-20  6.68E-21  1.79E-21  6.54E-22
    38       4.52E-14  2.03E-14  6.68E-15  2.79E-15  1.14E-15  3.42E-16  1.35E-16  5.30E-17  1.51E-17  5.82E-18
             2.22E-18  6.19E-19  2.34E-19  8.82E-20  2.41E-20  9.00E-21  3.34E-21  8.91E-22  3.26E-22
    39       3.04E-14  1.34E-14  4.33E-15  1.79E-15  7.26E-16  2.15E-16  8.47E-17  3.30E-17  9.38E-18  3.59E-18
             1.37E-18  3.80E-19  1.44E-19  5.40E-20  1.47E-20  5.49E-21  2.03E-21  5.42E-22  1.98E-22
    40       1.60E-14  6.90E-15  2.18E-15  8.86E-16  3.55E-16  1.04E-16  4.06E-17  1.57E-17  4.44E-18  1.69E-18
             6.43E-19  1.78E-19  6.69E-20  2.51E-20  6.83E-21  2.54E-21  9.39E-22  2.50E-22  9.12E-23
    41       1.11E-14  4.74E-15  1.48E-15  5.98E-16  2.39E-16  6.95E-17  2.70E-17  1.04E-17  2.94E-18  1.12E-18
             4.24E-19  1.17E-19  4.39E-20  1.65E-20  4.47E-21  1.66E-21  6.14E-22  1.63E-22  5.95E-23
    42       6.53E-15  2.75E-15  8.45E-16  3.39E-16  1.35E-16  3.89E-17  1.51E-17  5.80E-18  1.63E-18  6.18E-19
             2.34E-19  6.43E-20  2.41E-20  9.03E-21  2.45E-21  9.08E-22  3.35E-22  8.91E-23  3.25E-23



    T(K)     ALFT( 1)  ALFT( 2)  ALFT( 3)  ALFT( 4)  ALFT( 5)  ALFT( 6)  ALFT( 7)  ALFT( 8)  ALFT( 9)  ALFT(10)
    ----     --------  --------  --------  --------  --------  --------  --------  --------  --------  --------
  3.24E+03   6.22E-10
  6.48E+03   4.14E-10
  1.62E+04   2.37E-10
  3.24E+04   1.56E-10
  6.48E+04   1.01E-10
  1.62E+05   5.67E-11
  3.24E+05   3.61E-11
  6.48E+05   2.28E-11
  1.62E+06   1.22E-11
  3.24E+06   7.50E-12
  6.48E+06   4.51E-12
  1.62E+07   2.22E-12
  3.24E+07   1.25E-12
  6.48E+07   6.74E-13
  1.62E+08   2.75E-13
  3.24E+08   1.31E-13
  6.48E+08   5.94E-14
  1.62E+09   1.93E-14
  3.24E+09   7.87E-15
C--------------------------------------------------------------------------------------------------------------
C
C                                                                            
C
C NAME:
C DATE:   /  /  
C
C--------------------------------------------------------------------------------------------------------------
