    2    5   50    1    2 F: Be 50. Si3N4 0.055 Si 0.7 A:Si 3. 200. 380.       
================================================================================
  11.00000  12.00000  13.00000  14.00000  15.00000
   0.00000   0.09590   0.19179   0.28769   0.38359   0.47949   0.57538   0.67128
   0.76718   0.86308   0.95897   1.05487   1.15077   1.24667   1.34256   1.43846
   1.53436   1.63025   1.72615   1.82205   1.91795   2.01384   2.10974   2.20564
   2.30154   2.39743   2.49333   2.58923   2.68513   2.78102   2.87692   2.97282
   3.06872   3.16461   3.26051   3.35641   3.45230   3.54820   3.64410   3.74000
   3.83589   3.93179   4.02769   4.12359   4.21948   4.31538   4.41128   4.50718
   4.60307   4.69897
================================================================================
 -65.50893 -65.50893 -65.50893 -65.50893 -65.50893
 -63.71123 -63.71123 -63.71123 -63.71123 -63.71123
 -62.27471 -62.27471 -62.27471 -62.27471 -62.27471
 -61.12790 -61.12790 -61.12790 -61.12790 -61.12790
 -60.21352 -60.21352 -60.21352 -60.21352 -60.21352
 -59.48562 -59.48562 -59.48562 -59.48562 -59.48562
 -58.90736 -58.90736 -58.90736 -58.90736 -58.90736
 -58.44917 -58.44917 -58.44917 -58.44917 -58.44917
 -58.08731 -58.08731 -58.08731 -58.08731 -58.08731
 -57.80275 -57.80275 -57.80275 -57.80275 -57.80275
 -57.58020 -57.58020 -57.58020 -57.58020 -57.58020
 -57.40740 -57.40740 -57.40740 -57.40740 -57.40740
 -57.27451 -57.27451 -57.27451 -57.27451 -57.27451
 -57.17362 -57.17362 -57.17362 -57.17362 -57.17362
 -57.09842 -57.09842 -57.09842 -57.09842 -57.09842
 -57.04380 -57.04380 -57.04380 -57.04380 -57.04380
 -57.00570 -57.00570 -57.00570 -57.00570 -57.00570
 -56.98085 -56.98085 -56.98085 -56.98085 -56.98085
 -56.96661 -56.96661 -56.96661 -56.96661 -56.96661
 -56.96090 -56.96090 -56.96090 -56.96090 -56.96090
 -56.96202 -56.96202 -56.96202 -56.96202 -56.96202
 -56.96861 -56.96861 -56.96861 -56.96861 -56.96861
 -56.97960 -56.97960 -56.97960 -56.97960 -56.97960
 -56.99411 -56.99411 -56.99411 -56.99411 -56.99411
 -57.01145 -57.01145 -57.01145 -57.01145 -57.01145
 -57.03105 -57.03105 -57.03105 -57.03105 -57.03105
 -57.05246 -57.05246 -57.05246 -57.05246 -57.05246
 -57.07534 -57.07534 -57.07534 -57.07534 -57.07534
 -57.09938 -57.09938 -57.09938 -57.09938 -57.09938
 -57.12436 -57.12436 -57.12436 -57.12436 -57.12436
 -57.15009 -57.15009 -57.15009 -57.15009 -57.15009
 -57.17642 -57.17642 -57.17642 -57.17642 -57.17642
 -57.20324 -57.20324 -57.20324 -57.20324 -57.20324
 -57.23044 -57.23044 -57.23044 -57.23044 -57.23044
 -57.25795 -57.25795 -57.25795 -57.25795 -57.25795
 -57.28571 -57.28571 -57.28571 -57.28571 -57.28571
 -57.31367 -57.31367 -57.31367 -57.31367 -57.31367
 -57.34179 -57.34179 -57.34179 -57.34179 -57.34179
 -57.37004 -57.37004 -57.37004 -57.37004 -57.37004
 -57.39840 -57.39840 -57.39840 -57.39840 -57.39840
 -57.42683 -57.42683 -57.42683 -57.42683 -57.42683
 -57.45533 -57.45533 -57.45533 -57.45533 -57.45533
 -57.48389 -57.48389 -57.48389 -57.48389 -57.48389
 -57.51248 -57.51248 -57.51248 -57.51248 -57.51248
 -57.54112 -57.54112 -57.54112 -57.54112 -57.54112
 -57.56977 -57.56977 -57.56977 -57.56977 -57.56977
 -57.59845 -57.59845 -57.59845 -57.59845 -57.59845
 -57.62715 -57.62715 -57.62715 -57.62715 -57.62715
 -57.65586 -57.65586 -57.65586 -57.65586 -57.65586
 -57.68459 -57.68459 -57.68459 -57.68459 -57.68459
================================================================================
 -74.00000 -74.00000 -74.00000 -74.00000 -74.00000
 -71.03540 -71.03540 -71.03540 -71.03540 -71.03540
 -68.24836 -68.24836 -68.24836 -68.24836 -68.24836
 -66.01821 -66.01821 -66.01821 -66.01821 -66.01821
 -64.23397 -64.23397 -64.23397 -64.23397 -64.23397
 -62.80668 -62.80668 -62.80668 -62.80668 -62.80668
 -61.66524 -61.66524 -61.66524 -61.66524 -61.66524
 -60.75293 -60.75293 -60.75293 -60.75293 -60.75293
 -60.02457 -60.02457 -60.02457 -60.02457 -60.02457
 -59.44406 -59.44406 -59.44406 -59.44406 -59.44406
 -58.98256 -58.98256 -58.98256 -58.98256 -58.98256
 -58.61688 -58.61688 -58.61688 -58.61688 -58.61688
 -58.32841 -58.32841 -58.32841 -58.32841 -58.32841
 -58.10211 -58.10211 -58.10211 -58.10211 -58.10211
 -57.92589 -57.92589 -57.92589 -57.92589 -57.92589
 -57.78995 -57.78995 -57.78995 -57.78995 -57.78995
 -57.68644 -57.68644 -57.68644 -57.68644 -57.68644
 -57.60899 -57.60899 -57.60899 -57.60899 -57.60899
 -57.55250 -57.55250 -57.55250 -57.55250 -57.55250
 -57.51283 -57.51283 -57.51283 -57.51283 -57.51283
 -57.48668 -57.48668 -57.48668 -57.48668 -57.48668
 -57.47139 -57.47139 -57.47139 -57.47139 -57.47139
 -57.46481 -57.46481 -57.46481 -57.46481 -57.46481
 -57.46522 -57.46522 -57.46522 -57.46522 -57.46522
 -57.47124 -57.47124 -57.47124 -57.47124 -57.47124
 -57.48177 -57.48177 -57.48177 -57.48177 -57.48177
 -57.49591 -57.49591 -57.49591 -57.49591 -57.49591
 -57.51294 -57.51294 -57.51294 -57.51294 -57.51294
 -57.53230 -57.53230 -57.53230 -57.53230 -57.53230
 -57.55352 -57.55352 -57.55352 -57.55352 -57.55352
 -57.57624 -57.57624 -57.57624 -57.57624 -57.57624
 -57.60015 -57.60015 -57.60015 -57.60015 -57.60015
 -57.62503 -57.62503 -57.62503 -57.62503 -57.62503
 -57.65068 -57.65068 -57.65068 -57.65068 -57.65068
 -57.67695 -57.67695 -57.67695 -57.67695 -57.67695
 -57.70371 -57.70371 -57.70371 -57.70371 -57.70371
 -57.73087 -57.73087 -57.73087 -57.73087 -57.73087
 -57.75835 -57.75835 -57.75835 -57.75835 -57.75835
 -57.78608 -57.78608 -57.78608 -57.78608 -57.78608
 -57.81402 -57.81402 -57.81402 -57.81402 -57.81402
 -57.84212 -57.84212 -57.84212 -57.84212 -57.84212
 -57.87036 -57.87036 -57.87036 -57.87036 -57.87036
 -57.89870 -57.89870 -57.89870 -57.89870 -57.89870
 -57.92713 -57.92713 -57.92713 -57.92713 -57.92713
 -57.95562 -57.95562 -57.95562 -57.95562 -57.95562
 -57.98417 -57.98417 -57.98417 -57.98417 -57.98417
 -58.01276 -58.01276 -58.01276 -58.01276 -58.01276
 -58.04139 -58.04139 -58.04139 -58.04139 -58.04139
 -58.07005 -58.07005 -58.07005 -58.07005 -58.07005
 -58.09872 -58.09872 -58.09872 -58.09872 -58.09872
