    5    5   50    1    5 F: Be 50. Si3N4 0.055 Si 0.7 A:Si 3. 200. 380.       
================================================================================
  11.00000  12.00000  13.00000  14.00000  15.00000
   0.00000   0.09590   0.19179   0.28769   0.38359   0.47949   0.57538   0.67128
   0.76718   0.86308   0.95897   1.05487   1.15077   1.24667   1.34256   1.43846
   1.53436   1.63025   1.72615   1.82205   1.91795   2.01384   2.10974   2.20564
   2.30154   2.39743   2.49333   2.58923   2.68513   2.78102   2.87692   2.97282
   3.06872   3.16461   3.26051   3.35641   3.45230   3.54820   3.64410   3.74000
   3.83589   3.93179   4.02769   4.12359   4.21948   4.31538   4.41128   4.50718
   4.60307   4.69897
================================================================================
 -59.15066 -59.15066 -59.15066 -59.15066 -59.15066
 -58.58044 -58.58044 -58.58044 -58.58044 -58.58044
 -58.11082 -58.11082 -58.11082 -58.11082 -58.11082
 -57.73095 -57.73095 -57.73095 -57.73095 -57.73095
 -57.42754 -57.42754 -57.42754 -57.42754 -57.42754
 -57.18763 -57.18763 -57.18763 -57.18763 -57.18763
 -56.99974 -56.99974 -56.99974 -56.99974 -56.99974
 -56.85410 -56.85410 -56.85410 -56.85410 -56.85410
 -56.74263 -56.74263 -56.74263 -56.74263 -56.74263
 -56.65874 -56.65874 -56.65874 -56.65874 -56.65874
 -56.59703 -56.59703 -56.59703 -56.59703 -56.59703
 -56.55318 -56.55318 -56.55318 -56.55318 -56.55318
 -56.52366 -56.52366 -56.52366 -56.52366 -56.52366
 -56.50567 -56.50567 -56.50567 -56.50567 -56.50567
 -56.49692 -56.49692 -56.49692 -56.49692 -56.49692
 -56.49560 -56.49560 -56.49560 -56.49560 -56.49560
 -56.50023 -56.50023 -56.50023 -56.50023 -56.50023
 -56.50964 -56.50964 -56.50964 -56.50964 -56.50964
 -56.52288 -56.52288 -56.52288 -56.52288 -56.52288
 -56.53920 -56.53920 -56.53920 -56.53920 -56.53920
 -56.55798 -56.55798 -56.55798 -56.55798 -56.55798
 -56.57874 -56.57874 -56.57874 -56.57874 -56.57874
 -56.60109 -56.60109 -56.60109 -56.60109 -56.60109
 -56.62471 -56.62471 -56.62471 -56.62471 -56.62471
 -56.64934 -56.64934 -56.64934 -56.64934 -56.64934
 -56.67480 -56.67480 -56.67480 -56.67480 -56.67480
 -56.70092 -56.70092 -56.70092 -56.70092 -56.70092
 -56.72756 -56.72756 -56.72756 -56.72756 -56.72756
 -56.75462 -56.75462 -56.75462 -56.75462 -56.75462
 -56.78202 -56.78202 -56.78202 -56.78202 -56.78202
 -56.80969 -56.80969 -56.80969 -56.80969 -56.80969
 -56.83758 -56.83758 -56.83758 -56.83758 -56.83758
 -56.86564 -56.86564 -56.86564 -56.86564 -56.86564
 -56.89384 -56.89384 -56.89384 -56.89384 -56.89384
 -56.92216 -56.92216 -56.92216 -56.92216 -56.92216
 -56.95056 -56.95056 -56.95056 -56.95056 -56.95056
 -56.97904 -56.97904 -56.97904 -56.97904 -56.97904
 -57.00758 -57.00758 -57.00758 -57.00758 -57.00758
 -57.03616 -57.03616 -57.03616 -57.03616 -57.03616
 -57.06478 -57.06478 -57.06478 -57.06478 -57.06478
 -57.09342 -57.09342 -57.09342 -57.09342 -57.09342
 -57.12210 -57.12210 -57.12210 -57.12210 -57.12210
 -57.15079 -57.15079 -57.15079 -57.15079 -57.15079
 -57.17950 -57.17950 -57.17950 -57.17950 -57.17950
 -57.20822 -57.20822 -57.20822 -57.20822 -57.20822
 -57.23694 -57.23694 -57.23694 -57.23694 -57.23694
 -57.26568 -57.26568 -57.26568 -57.26568 -57.26568
 -57.29442 -57.29442 -57.29442 -57.29442 -57.29442
 -57.32317 -57.32317 -57.32317 -57.32317 -57.32317
 -57.35193 -57.35193 -57.35193 -57.35193 -57.35193
================================================================================
 -59.92222 -59.92222 -59.92222 -59.92222 -59.92222
 -59.16793 -59.16793 -59.16793 -59.16793 -59.16793
 -58.56872 -58.56872 -58.56872 -58.56872 -58.56872
 -58.09377 -58.09377 -58.09377 -58.09377 -58.09377
 -57.71831 -57.71831 -57.71831 -57.71831 -57.71831
 -57.42245 -57.42245 -57.42245 -57.42245 -57.42245
 -57.19026 -57.19026 -57.19026 -57.19026 -57.19026
 -57.00905 -57.00905 -57.00905 -57.00905 -57.00905
 -56.86871 -56.86871 -56.86871 -56.86871 -56.86871
 -56.76118 -56.76118 -56.76118 -56.76118 -56.76118
 -56.68008 -56.68008 -56.68008 -56.68008 -56.68008
 -56.62027 -56.62027 -56.62027 -56.62027 -56.62027
 -56.57765 -56.57765 -56.57765 -56.57765 -56.57765
 -56.54889 -56.54889 -56.54889 -56.54889 -56.54889
 -56.53134 -56.53134 -56.53134 -56.53134 -56.53134
 -56.52283 -56.52283 -56.52283 -56.52283 -56.52283
 -56.52161 -56.52161 -56.52161 -56.52161 -56.52161
 -56.52627 -56.52627 -56.52627 -56.52627 -56.52627
 -56.53566 -56.53566 -56.53566 -56.53566 -56.53566
 -56.54886 -56.54886 -56.54886 -56.54886 -56.54886
 -56.56513 -56.56513 -56.56513 -56.56513 -56.56513
 -56.58386 -56.58386 -56.58386 -56.58386 -56.58386
 -56.60457 -56.60457 -56.60457 -56.60457 -56.60457
 -56.62687 -56.62687 -56.62687 -56.62687 -56.62687
 -56.65046 -56.65046 -56.65046 -56.65046 -56.65046
 -56.67506 -56.67506 -56.67506 -56.67506 -56.67506
 -56.70049 -56.70049 -56.70049 -56.70049 -56.70049
 -56.72658 -56.72658 -56.72658 -56.72658 -56.72658
 -56.75320 -56.75320 -56.75320 -56.75320 -56.75320
 -56.78025 -56.78025 -56.78025 -56.78025 -56.78025
 -56.80763 -56.80763 -56.80763 -56.80763 -56.80763
 -56.83529 -56.83529 -56.83529 -56.83529 -56.83529
 -56.86317 -56.86317 -56.86317 -56.86317 -56.86317
 -56.89123 -56.89123 -56.89123 -56.89123 -56.89123
 -56.91943 -56.91943 -56.91943 -56.91943 -56.91943
 -56.94774 -56.94774 -56.94774 -56.94774 -56.94774
 -56.97614 -56.97614 -56.97614 -56.97614 -56.97614
 -57.00461 -57.00461 -57.00461 -57.00461 -57.00461
 -57.03315 -57.03315 -57.03315 -57.03315 -57.03315
 -57.06173 -57.06173 -57.06173 -57.06173 -57.06173
 -57.09034 -57.09034 -57.09034 -57.09034 -57.09034
 -57.11899 -57.11899 -57.11899 -57.11899 -57.11899
 -57.14766 -57.14766 -57.14766 -57.14766 -57.14766
 -57.17635 -57.17635 -57.17635 -57.17635 -57.17635
 -57.20506 -57.20506 -57.20506 -57.20506 -57.20506
 -57.23378 -57.23378 -57.23378 -57.23378 -57.23378
 -57.26251 -57.26251 -57.26251 -57.26251 -57.26251
 -57.29124 -57.29124 -57.29124 -57.29124 -57.29124
 -57.31999 -57.31999 -57.31999 -57.31999 -57.31999
 -57.34874 -57.34874 -57.34874 -57.34874 -57.34874
================================================================================
 -58.91601 -58.91601 -58.91601 -58.91601 -58.91601
 -58.42850 -58.42850 -58.42850 -58.42850 -58.42850
 -58.04327 -58.04327 -58.04327 -58.04327 -58.04327
 -57.74007 -57.74007 -57.74007 -57.74007 -57.74007
 -57.50264 -57.50264 -57.50264 -57.50264 -57.50264
 -57.31793 -57.31793 -57.31793 -57.31793 -57.31793
 -57.17546 -57.17546 -57.17546 -57.17546 -57.17546
 -57.06680 -57.06680 -57.06680 -57.06680 -57.06680
 -56.98518 -56.98518 -56.98518 -56.98518 -56.98518
 -56.92518 -56.92518 -56.92518 -56.92518 -56.92518
 -56.88247 -56.88247 -56.88247 -56.88247 -56.88247
 -56.85361 -56.85361 -56.85361 -56.85361 -56.85361
 -56.83587 -56.83587 -56.83587 -56.83587 -56.83587
 -56.82709 -56.82709 -56.82709 -56.82709 -56.82709
 -56.82554 -56.82554 -56.82554 -56.82554 -56.82554
 -56.82983 -56.82983 -56.82983 -56.82983 -56.82983
 -56.83884 -56.83884 -56.83884 -56.83884 -56.83884
 -56.85168 -56.85168 -56.85168 -56.85168 -56.85168
 -56.86761 -56.86761 -56.86761 -56.86761 -56.86761
 -56.88604 -56.88604 -56.88604 -56.88604 -56.88604
 -56.90648 -56.90648 -56.90648 -56.90648 -56.90648
 -56.92855 -56.92855 -56.92855 -56.92855 -56.92855
 -56.95194 -56.95194 -56.95194 -56.95194 -56.95194
 -56.97638 -56.97638 -56.97638 -56.97638 -56.97638
 -57.00168 -57.00168 -57.00168 -57.00168 -57.00168
 -57.02766 -57.02766 -57.02766 -57.02766 -57.02766
 -57.05418 -57.05418 -57.05418 -57.05418 -57.05418
 -57.08116 -57.08116 -57.08116 -57.08116 -57.08116
 -57.10848 -57.10848 -57.10848 -57.10848 -57.10848
 -57.13609 -57.13609 -57.13609 -57.13609 -57.13609
 -57.16393 -57.16393 -57.16393 -57.16393 -57.16393
 -57.19196 -57.19196 -57.19196 -57.19196 -57.19196
 -57.22013 -57.22013 -57.22013 -57.22013 -57.22013
 -57.24842 -57.24842 -57.24842 -57.24842 -57.24842
 -57.27680 -57.27680 -57.27680 -57.27680 -57.27680
 -57.30526 -57.30526 -57.30526 -57.30526 -57.30526
 -57.33379 -57.33379 -57.33379 -57.33379 -57.33379
 -57.36236 -57.36236 -57.36236 -57.36236 -57.36236
 -57.39097 -57.39097 -57.39097 -57.39097 -57.39097
 -57.41961 -57.41961 -57.41961 -57.41961 -57.41961
 -57.44828 -57.44828 -57.44828 -57.44828 -57.44828
 -57.47696 -57.47696 -57.47696 -57.47696 -57.47696
 -57.50567 -57.50567 -57.50567 -57.50567 -57.50567
 -57.53438 -57.53438 -57.53438 -57.53438 -57.53438
 -57.56311 -57.56311 -57.56311 -57.56311 -57.56311
 -57.59185 -57.59185 -57.59185 -57.59185 -57.59185
 -57.62059 -57.62059 -57.62059 -57.62059 -57.62059
 -57.64933 -57.64933 -57.64933 -57.64933 -57.64933
 -57.67809 -57.67809 -57.67809 -57.67809 -57.67809
 -57.70684 -57.70684 -57.70684 -57.70684 -57.70684
================================================================================
 -74.00000 -74.00000 -74.00000 -74.00000 -74.00000
 -74.00000 -74.00000 -74.00000 -74.00000 -74.00000
 -74.00000 -74.00000 -74.00000 -74.00000 -74.00000
 -74.00000 -74.00000 -74.00000 -74.00000 -74.00000
 -74.00000 -74.00000 -74.00000 -74.00000 -74.00000
 -74.00000 -74.00000 -74.00000 -74.00000 -74.00000
 -74.00000 -74.00000 -74.00000 -74.00000 -74.00000
 -74.00000 -74.00000 -74.00000 -74.00000 -74.00000
 -71.98959 -71.98959 -71.98959 -71.98959 -71.98959
 -68.99403 -68.99403 -68.99403 -68.99403 -68.99403
 -66.59735 -66.59735 -66.59735 -66.59735 -66.59735
 -64.68072 -64.68072 -64.68072 -64.68072 -64.68072
 -63.14894 -63.14894 -63.14894 -63.14894 -63.14894
 -61.92570 -61.92570 -61.92570 -61.92570 -61.92570
 -60.94990 -60.94990 -60.94990 -60.94990 -60.94990
 -60.17258 -60.17258 -60.17258 -60.17258 -60.17258
 -59.55450 -59.55450 -59.55450 -59.55450 -59.55450
 -59.06422 -59.06422 -59.06422 -59.06422 -59.06422
 -58.67650 -58.67650 -58.67650 -58.67650 -58.67650
 -58.37109 -58.37109 -58.37109 -58.37109 -58.37109
 -58.13175 -58.13175 -58.13175 -58.13175 -58.13175
 -57.94543 -57.94543 -57.94543 -57.94543 -57.94543
 -57.80166 -57.80166 -57.80166 -57.80166 -57.80166
 -57.69202 -57.69202 -57.69202 -57.69202 -57.69202
 -57.60978 -57.60978 -57.60978 -57.60978 -57.60978
 -57.54951 -57.54951 -57.54951 -57.54951 -57.54951
 -57.50687 -57.50687 -57.50687 -57.50687 -57.50687
 -57.47837 -57.47837 -57.47837 -57.47837 -57.47837
 -57.46120 -57.46120 -57.46120 -57.46120 -57.46120
 -57.45314 -57.45314 -57.45314 -57.45314 -57.45314
 -57.45237 -57.45237 -57.45237 -57.45237 -57.45237
 -57.45745 -57.45745 -57.45745 -57.45745 -57.45745
 -57.46723 -57.46723 -57.46723 -57.46723 -57.46723
 -57.48076 -57.48076 -57.48076 -57.48076 -57.48076
 -57.49732 -57.49732 -57.49732 -57.49732 -57.49732
 -57.51629 -57.51629 -57.51629 -57.51629 -57.51629
 -57.53721 -57.53721 -57.53721 -57.53721 -57.53721
 -57.55968 -57.55968 -57.55968 -57.55968 -57.55968
 -57.58340 -57.58340 -57.58340 -57.58340 -57.58340
 -57.60811 -57.60811 -57.60811 -57.60811 -57.60811
 -57.63364 -57.63364 -57.63364 -57.63364 -57.63364
 -57.65980 -57.65980 -57.65980 -57.65980 -57.65980
 -57.68648 -57.68648 -57.68648 -57.68648 -57.68648
 -57.71358 -57.71358 -57.71358 -57.71358 -57.71358
 -57.74100 -57.74100 -57.74100 -57.74100 -57.74100
 -57.76870 -57.76870 -57.76870 -57.76870 -57.76870
 -57.79660 -57.79660 -57.79660 -57.79660 -57.79660
 -57.82468 -57.82468 -57.82468 -57.82468 -57.82468
 -57.85289 -57.85289 -57.85289 -57.85289 -57.85289
 -57.88122 -57.88122 -57.88122 -57.88122 -57.88122
================================================================================
 -74.00000 -74.00000 -74.00000 -74.00000 -74.00000
 -74.00000 -74.00000 -74.00000 -74.00000 -74.00000
 -74.00000 -74.00000 -74.00000 -74.00000 -74.00000
 -74.00000 -74.00000 -74.00000 -74.00000 -74.00000
 -74.00000 -74.00000 -74.00000 -74.00000 -74.00000
 -74.00000 -74.00000 -74.00000 -74.00000 -74.00000
 -74.00000 -74.00000 -74.00000 -74.00000 -74.00000
 -74.00000 -74.00000 -74.00000 -74.00000 -74.00000
 -74.00000 -74.00000 -74.00000 -74.00000 -74.00000
 -72.40751 -72.40751 -72.40751 -72.40751 -72.40751
 -69.42593 -69.42593 -69.42593 -69.42593 -69.42593
 -67.03995 -67.03995 -67.03995 -67.03995 -67.03995
 -65.13094 -65.13094 -65.13094 -65.13094 -65.13094
 -63.60374 -63.60374 -63.60374 -63.60374 -63.60374
 -62.38227 -62.38227 -62.38227 -62.38227 -62.38227
 -61.40577 -61.40577 -61.40577 -61.40577 -61.40577
 -60.62586 -60.62586 -60.62586 -60.62586 -60.62586
 -60.00391 -60.00391 -60.00391 -60.00391 -60.00391
 -59.50905 -59.50905 -59.50905 -59.50905 -59.50905
 -59.11652 -59.11652 -59.11652 -59.11652 -59.11652
 -58.80643 -58.80643 -58.80643 -58.80643 -58.80643
 -58.56273 -58.56273 -58.56273 -58.56273 -58.56273
 -58.37250 -58.37250 -58.37250 -58.37250 -58.37250
 -58.22530 -58.22530 -58.22530 -58.22530 -58.22530
 -58.11273 -58.11273 -58.11273 -58.11273 -58.11273
 -58.02800 -58.02800 -58.02800 -58.02800 -58.02800
 -57.96565 -57.96565 -57.96565 -57.96565 -57.96565
 -57.92129 -57.92129 -57.92129 -57.92129 -57.92129
 -57.89137 -57.89137 -57.89137 -57.89137 -57.89137
 -57.87305 -57.87305 -57.87305 -57.87305 -57.87305
 -57.86404 -57.86404 -57.86404 -57.86404 -57.86404
 -57.86250 -57.86250 -57.86250 -57.86250 -57.86250
 -57.86696 -57.86696 -57.86696 -57.86696 -57.86696
 -57.87623 -57.87623 -57.87623 -57.87623 -57.87623
 -57.88936 -57.88936 -57.88936 -57.88936 -57.88936
 -57.90559 -57.90559 -57.90559 -57.90559 -57.90559
 -57.92430 -57.92430 -57.92430 -57.92430 -57.92430
 -57.94500 -57.94500 -57.94500 -57.94500 -57.94500
 -57.96730 -57.96730 -57.96730 -57.96730 -57.96730
 -57.99088 -57.99088 -57.99088 -57.99088 -57.99088
 -58.01549 -58.01549 -58.01549 -58.01549 -58.01549
 -58.04093 -58.04093 -58.04093 -58.04093 -58.04093
 -58.06702 -58.06702 -58.06702 -58.06702 -58.06702
 -58.09364 -58.09364 -58.09364 -58.09364 -58.09364
 -58.12069 -58.12069 -58.12069 -58.12069 -58.12069
 -58.14808 -58.14808 -58.14808 -58.14808 -58.14808
 -58.17575 -58.17575 -58.17575 -58.17575 -58.17575
 -58.20363 -58.20363 -58.20363 -58.20363 -58.20363
 -58.23169 -58.23169 -58.23169 -58.23169 -58.23169
 -58.25988 -58.25988 -58.25988 -58.25988 -58.25988
