    4    5   35    1    4F: Be 50. Si3N4 0.055 Si 0.7 A:Si 3. 200. 380.
******************************************
  11.00000  12.00000  13.00000  14.00000  15.00000
   0.00000   0.14613   0.29447   0.44091   0.58771   0.73560   0.88252   1.02938
   1.17609   1.32428   1.47129   1.61805   1.76492   1.91169   2.06070   2.20683
   2.35218   2.49969   2.64738   2.79379   2.94101   3.08991   3.23553   3.38202
   3.52892   3.67669   3.82347   3.97081   4.11727   4.26482   4.41162   4.55871
   4.70586   4.85309   5.00000
**** 0**************************************
 -58.97154 -58.97148 -58.96801 -58.98037 -59.06601
 -58.37082 -58.36879 -58.36632 -58.37763 -58.47420
 -57.95215 -57.95047 -57.94677 -57.95996 -58.09112
 -57.65658 -57.65474 -57.65062 -57.66935 -57.86001
 -57.42887 -57.42671 -57.42454 -57.45347 -57.71956
 -57.26339 -57.26196 -57.26113 -57.30010 -57.63988
 -57.13601 -57.13475 -57.13608 -57.18638 -57.59084
 -57.04601 -57.04547 -57.04757 -57.10842 -57.56196
 -56.97719 -56.97664 -56.97968 -57.05044 -57.54459
 -56.93539 -56.93497 -56.93920 -57.01628 -57.53536
 -56.90936 -56.90898 -56.91416 -56.99497 -57.53126
 -56.87956 -56.87940 -56.88465 -56.97168 -57.52611
 -56.88116 -56.88069 -56.88655 -56.97218 -57.52713
 -56.88015 -56.87935 -56.88553 -56.97104 -57.52707
 -56.89797 -56.89717 -56.90282 -56.98464 -57.52857
 -56.91339 -56.91156 -56.91700 -56.99590 -57.53034
 -56.97117 -56.96818 -56.97342 -57.04175 -57.53848
 -57.04224 -57.03940 -57.04318 -57.10024 -57.55086
 -57.11448 -57.11072 -57.11357 -57.16180 -57.56747
 -57.18759 -57.18292 -57.18525 -57.22529 -57.58647
 -57.26119 -57.25576 -57.25722 -57.28961 -57.61019
 -57.33396 -57.32739 -57.32894 -57.35739 -57.63693
 -57.40854 -57.40066 -57.40226 -57.42446 -57.66802
 -57.48257 -57.47472 -57.47413 -57.49423 -57.70409
 -57.55769 -57.54810 -57.54901 -57.56395 -57.74422
 -57.63263 -57.62312 -57.62168 -57.63393 -57.78792
 -57.70776 -57.69589 -57.69411 -57.70535 -57.83576
 -57.78233 -57.76925 -57.76818 -57.77639 -57.88688
 -57.85683 -57.84305 -57.84139 -57.84819 -57.94106
 -57.93192 -57.91697 -57.91459 -57.92022 -57.99867
 -58.00678 -57.99105 -57.98825 -57.99263 -58.05846
 -58.08171 -58.06522 -58.06206 -58.06517 -58.12016
 -58.15706 -58.13992 -58.13504 -58.13820 -58.18342
 -58.23157 -58.21333 -58.20885 -58.21103 -58.24823
 -58.30614 -58.28822 -58.28212 -58.28393 -58.31486
**** 1**************************************
 -58.29161 -58.29161 -58.29965 -58.36187 -58.73606
 -57.84980 -57.84980 -57.85701 -57.91943 -58.28850
 -57.54470 -57.54540 -57.55240 -57.61522 -57.97625
 -57.33111 -57.33195 -57.33937 -57.40524 -57.74811
 -57.17822 -57.17812 -57.18643 -57.25115 -57.56811
 -57.06711 -57.06688 -57.07506 -57.14208 -57.42856
 -56.99080 -56.99055 -56.99865 -57.05880 -57.32188
 -56.93773 -56.93757 -56.94407 -57.00298 -57.24801
 -56.90049 -56.90191 -56.90893 -56.96342 -57.19393
 -56.88481 -56.88616 -56.89101 -56.94290 -57.15987
 -56.88037 -56.88009 -56.88626 -56.93358 -57.13796
 -56.87495 -56.87455 -56.88063 -56.92410 -57.11816
 -56.89060 -56.89194 -56.89643 -56.93522 -57.11698
 -56.90608 -56.90748 -56.91068 -56.94522 -57.11570
 -56.93786 -56.93751 -56.94125 -56.97161 -57.12731
 -56.96637 -56.96602 -56.96841 -56.99518 -57.13881
 -57.00568 -57.00739 -57.00853 -57.03350 -57.16217
 -57.04831 -57.04806 -57.04976 -57.06966 -57.18696
 -57.08398 -57.08371 -57.08606 -57.10354 -57.20688
 -57.13311 -57.13295 -57.13608 -57.14657 -57.24155
 -57.17715 -57.18001 -57.18103 -57.19168 -57.27235
 -57.24994 -57.24986 -57.25132 -57.26111 -57.33326
 -57.32305 -57.32276 -57.32378 -57.33269 -57.39452
 -57.39597 -57.39579 -57.39662 -57.40421 -57.45877
 -57.46942 -57.46914 -57.46982 -57.47586 -57.52387
 -57.54274 -57.54275 -57.54343 -57.54849 -57.59048
 -57.61582 -57.61652 -57.61643 -57.62013 -57.65755
 -57.68913 -57.68899 -57.68936 -57.69314 -57.72574
 -57.76282 -57.76256 -57.76332 -57.76618 -57.79401
 -57.83519 -57.83517 -57.83617 -57.83963 -57.86282
 -57.90936 -57.90929 -57.91060 -57.91291 -57.93131
 -57.98177 -57.98174 -57.98332 -57.98374 -58.00318
 -58.05630 -58.05630 -58.05596 -58.05770 -58.07311
 -58.13209 -58.13207 -58.13173 -58.13209 -58.14393
 -58.20067 -58.20074 -58.20378 -58.20498 -58.21591
**** 2**************************************
 -74.00000 -74.00000 -74.00000 -74.00000 -74.00000
 -74.00000 -74.00000 -74.00000 -74.00000 -74.00000
 -74.00000 -74.00000 -74.00000 -74.00000 -74.00000
 -73.99594 -73.99600 -73.99639 -73.99347 -73.99470
 -70.35066 -70.35252 -70.36958 -70.45869 -70.55237
 -66.53867 -66.54039 -66.55515 -66.64032 -66.73474
 -63.82989 -63.83095 -63.84661 -63.92458 -64.01585
 -61.90266 -61.90391 -61.91657 -61.98708 -62.07540
 -60.52847 -60.53003 -60.54129 -60.60645 -60.69186
 -59.55262 -59.55340 -59.56336 -59.62241 -59.70345
 -58.86212 -58.86270 -58.87168 -58.92416 -59.00002
 -58.37082 -58.37179 -58.37894 -58.42574 -58.49993
 -58.04392 -58.04458 -58.05092 -58.08941 -58.15631
 -57.82122 -57.82197 -57.82559 -57.85741 -57.91727
 -57.68811 -57.68852 -57.69194 -57.71651 -57.76760
 -57.60553 -57.60615 -57.60785 -57.62610 -57.66762
 -57.56748 -57.56799 -57.56933 -57.58134 -57.61428
 -57.55182 -57.55233 -57.55286 -57.56000 -57.58280
 -57.54900 -57.54929 -57.54935 -57.55048 -57.55994
 -57.56733 -57.56704 -57.56680 -57.56657 -57.56835
 -57.58969 -57.58974 -57.58956 -57.58615 -57.57950
 -57.62150 -57.62130 -57.62062 -57.61709 -57.60736
 -57.65031 -57.65016 -57.64970 -57.64640 -57.63426
 -57.71524 -57.71507 -57.71466 -57.71205 -57.70089
 -57.78313 -57.78307 -57.78277 -57.78054 -57.76939
 -57.85273 -57.85266 -57.85240 -57.85009 -57.83984
 -57.92326 -57.92332 -57.92269 -57.92110 -57.91189
 -57.99439 -57.99428 -57.99396 -57.99278 -57.98435
 -58.06645 -58.06645 -58.06667 -58.06518 -58.05722
 -58.13939 -58.13935 -58.13920 -58.13829 -58.13113
 -58.21185 -58.21182 -58.21146 -58.21133 -58.20367
 -58.28404 -58.28400 -58.28384 -58.28446 -58.27806
 -58.35760 -58.35757 -58.35732 -58.35741 -58.35264
 -58.43188 -58.43185 -58.43168 -58.43015 -58.42542
 -58.50450 -58.50446 -58.50428 -58.50307 -58.49907
**** 3**************************************
 -74.00000 -74.00000 -74.00000 -74.00000 -74.00000
 -74.00000 -74.00000 -74.00000 -74.00000 -74.00000
 -74.00000 -74.00000 -74.00000 -74.00000 -74.00000
 -74.00000 -74.00000 -74.00000 -74.00000 -74.00000
 -74.00000 -74.00000 -74.00000 -73.98865 -73.98865
 -70.36814 -70.36814 -70.36814 -70.36813 -70.36813
 -66.64272 -66.64272 -66.64272 -66.64271 -66.64267
 -64.00164 -64.00164 -64.00163 -64.00163 -64.00151
 -62.13815 -62.13815 -62.13815 -62.13815 -62.13797
 -60.82418 -60.82418 -60.82418 -60.82418 -60.82392
 -59.89921 -59.89921 -59.89921 -59.89913 -59.89894
 -59.25108 -59.25106 -59.25106 -59.25103 -59.25068
 -58.79778 -58.79778 -58.79772 -58.79771 -58.79740
 -58.48204 -58.48204 -58.48204 -58.48205 -58.48450
 -58.26814 -58.26814 -58.26813 -58.26794 -58.26791
 -58.11820 -58.11820 -58.11820 -58.11832 -58.11803
 -58.02250 -58.02250 -58.02250 -58.02250 -58.02225
 -57.95757 -57.95757 -57.95757 -57.95769 -57.95757
 -57.91097 -57.91097 -57.91097 -57.91096 -57.91069
 -57.88722 -57.88722 -57.88724 -57.88723 -57.88706
 -57.86696 -57.86696 -57.86696 -57.86701 -57.86685
 -57.86800 -57.86800 -57.86800 -57.86801 -57.86791
 -57.86400 -57.86400 -57.86400 -57.86461 -57.86452
 -57.88702 -57.88702 -57.88702 -57.88703 -57.88693
 -57.90294 -57.90294 -57.90294 -57.90294 -57.90287
 -57.91925 -57.91925 -57.91925 -57.91925 -57.91932
 -57.95024 -57.95024 -57.95024 -57.95024 -57.95023
 -57.98542 -57.98542 -57.98542 -57.98542 -57.98541
 -58.05693 -58.05693 -58.05693 -58.05693 -58.05680
 -58.12784 -58.12784 -58.12784 -58.12784 -58.12783
 -58.20120 -58.20120 -58.20120 -58.20120 -58.20122
 -58.27348 -58.27348 -58.27348 -58.27348 -58.27347
 -58.34569 -58.34569 -58.34569 -58.34569 -58.34569
 -58.41987 -58.41987 -58.41987 -58.41987 -58.41960
 -58.49228 -58.49228 -58.49228 -58.49228 -58.49228
