   29    5   20    1   29F: Be 50. Si3N4 0.055 Si 0.7 A:Si 3. 200. 380.
******************************************
  11.00000  12.00000  13.00000  14.00000  15.00000
   0.00000   0.26245   0.52634   0.78958   1.05308   1.31597   1.57864   1.84198
   2.10380   2.36922   2.63144   2.89487   3.15836   3.42160   3.68395   3.94743
   4.20952   4.47422   4.73719   5.00000
**** 0**************************************
 -58.04916 -58.04900 -58.05326 -58.09535 -58.42250
 -57.33566 -57.33528 -57.33861 -57.39939 -57.86381
 -56.95099 -56.95184 -56.95753 -57.07049 -57.73958
 -56.75119 -56.75229 -56.76167 -56.93591 -57.73569
 -56.65212 -56.65275 -56.66457 -56.88358 -57.74759
 -56.62964 -56.63093 -56.64327 -56.87280 -57.75716
 -56.64194 -56.64271 -56.65505 -56.87501 -57.76089
 -56.73091 -56.73211 -56.74265 -56.91579 -57.76360
 -56.85301 -56.85501 -56.86063 -56.98730 -57.76377
 -56.97740 -56.98041 -56.98281 -57.07159 -57.76325
 -57.10694 -57.10671 -57.11031 -57.17050 -57.76714
 -57.23740 -57.23724 -57.24100 -57.28166 -57.77521
 -57.36759 -57.36785 -57.36947 -57.39692 -57.79366
 -57.49822 -57.49821 -57.49972 -57.51865 -57.82366
 -57.62892 -57.63041 -57.63030 -57.64300 -57.86962
 -57.76231 -57.76229 -57.76273 -57.77222 -57.93087
 -57.89318 -57.89312 -57.89410 -57.90002 -58.01141
 -58.02590 -58.02590 -58.02561 -58.02927 -58.10428
 -58.15752 -58.15750 -58.15732 -58.15958 -58.21208
 -58.28886 -58.28879 -58.28867 -58.29010 -58.32519
**** 1**************************************
 -58.53283 -58.53294 -58.53646 -58.57403 -58.83178
 -57.53677 -57.53679 -57.54048 -57.56847 -57.78022
 -57.03802 -57.03834 -57.04133 -57.06581 -57.25502
 -56.79689 -56.79692 -56.79908 -56.82340 -57.00922
 -56.69663 -56.69667 -56.69819 -56.72152 -56.90515
 -56.66840 -56.66853 -56.67032 -56.69234 -56.86730
 -56.68241 -56.68245 -56.68551 -56.70452 -56.86475
 -56.72067 -56.72067 -56.72278 -56.73852 -56.88216
 -56.78361 -56.78365 -56.78433 -56.79790 -56.92102
 -56.84642 -56.84647 -56.84720 -56.85852 -56.96387
 -56.92042 -56.92042 -56.92100 -56.93019 -57.01775
 -56.99982 -56.99982 -57.00079 -57.00795 -57.08012
 -57.12999 -57.13000 -57.13047 -57.13569 -57.18972
 -57.26073 -57.26073 -57.26135 -57.26544 -57.30481
 -57.39160 -57.39160 -57.39161 -57.39470 -57.42423
 -57.52381 -57.52381 -57.52392 -57.52561 -57.54805
 -57.65509 -57.65509 -57.65496 -57.65657 -57.67178
 -57.78573 -57.78591 -57.78607 -57.78742 -57.79924
 -57.91790 -57.91790 -57.91790 -57.91873 -57.92734
 -58.04941 -58.04942 -58.04946 -58.05013 -58.05633
**** 2**************************************
 -61.35454 -61.46763 -61.48508 -61.50231 -61.63155
 -58.96313 -58.93627 -58.93429 -58.94360 -59.02778
 -57.85937 -57.84619 -57.84565 -57.85130 -57.89879
 -57.31539 -57.30970 -57.30952 -57.31269 -57.34488
 -57.03612 -57.03227 -57.03246 -57.03554 -57.06523
 -56.90943 -56.90750 -56.90731 -56.91017 -56.94029
 -56.85944 -56.85770 -56.85800 -56.86069 -56.88955
 -56.85813 -56.85648 -56.85663 -56.85925 -56.88546
 -56.88587 -56.88485 -56.88473 -56.88670 -56.91004
 -56.93667 -56.93534 -56.93550 -56.93757 -56.95696
 -56.99135 -56.99001 -56.99027 -56.99146 -57.00772
 -57.05929 -57.05837 -57.05833 -57.05939 -57.07217
 -57.13870 -57.13692 -57.13691 -57.13792 -57.14873
 -57.25270 -57.25077 -57.25080 -57.25137 -57.25965
 -57.38360 -57.38082 -57.38123 -57.38116 -57.38739
 -57.51469 -57.51154 -57.51125 -57.51174 -57.51641
 -57.64691 -57.64292 -57.64241 -57.64325 -57.64591
 -57.77972 -57.77459 -57.77386 -57.77458 -57.77661
 -57.91281 -57.90597 -57.90534 -57.90548 -57.90746
 -58.04633 -58.03796 -58.03659 -58.03681 -58.03801
**** 3**************************************
 -64.53527 -64.94973 -65.47876 -65.65785 -65.74780
 -61.38847 -61.29181 -61.25425 -61.25362 -61.28930
 -59.40735 -59.23549 -59.20086 -59.19832 -59.21293
 -58.26526 -58.17132 -58.15750 -58.15623 -58.16140
 -57.63581 -57.57960 -57.57205 -57.57102 -57.57270
 -57.29045 -57.25230 -57.24725 -57.24693 -57.24848
 -57.09775 -57.07053 -57.06703 -57.06703 -57.06984
 -56.99772 -56.97814 -56.97479 -56.97506 -56.97916
 -56.96731 -56.95055 -56.94849 -56.94863 -56.95319
 -56.97898 -56.96494 -56.96268 -56.96286 -56.96671
 -57.01990 -57.00667 -57.00453 -57.00516 -57.00821
 -57.06637 -57.05434 -57.05258 -57.05293 -57.05579
 -57.12795 -57.11662 -57.11493 -57.11474 -57.11746
 -57.20009 -57.18955 -57.18765 -57.18709 -57.18920
 -57.31655 -57.30535 -57.30274 -57.30232 -57.30416
 -57.44773 -57.43560 -57.43240 -57.43272 -57.43336
 -57.58055 -57.56710 -57.56329 -57.56254 -57.56384
 -57.71299 -57.69954 -57.69453 -57.69395 -57.69432
 -57.84593 -57.83213 -57.82633 -57.82523 -57.82590
 -57.97903 -57.96569 -57.95779 -57.95664 -57.95703
**** 4**************************************
 -68.19328 -68.30635 -68.80869 -69.60472 -70.13205
 -63.44680 -63.49435 -63.66568 -63.76603 -63.79524
 -60.76969 -60.70728 -60.64449 -60.63097 -60.63427
 -59.16193 -59.08292 -59.04160 -59.03548 -59.03586
 -58.19847 -58.14070 -58.11867 -58.11612 -58.11491
 -57.60331 -57.56742 -57.55518 -57.55368 -57.55257
 -57.24123 -57.22053 -57.21317 -57.21225 -57.21223
 -57.05136 -57.03920 -57.03477 -57.03505 -57.03498
 -56.97094 -56.96312 -56.96057 -56.96024 -56.96138
 -56.95430 -56.94935 -56.94687 -56.94733 -56.94786
 -56.97244 -56.96923 -56.96699 -56.96732 -56.96828
 -57.02011 -57.01759 -57.01694 -57.01682 -57.01731
 -57.07202 -57.07070 -57.07005 -57.06928 -57.07113
 -57.13581 -57.13535 -57.13517 -57.13559 -57.13543
 -57.20685 -57.20590 -57.20608 -57.20681 -57.20756
 -57.33531 -57.33513 -57.33557 -57.33575 -57.33597
 -57.46582 -57.46537 -57.46570 -57.46580 -57.46623
 -57.59651 -57.59613 -57.59630 -57.59692 -57.59697
 -57.72814 -57.72701 -57.72771 -57.72803 -57.72829
 -57.85922 -57.85861 -57.85887 -57.85906 -57.85941
**** 5**************************************
 -72.32904 -72.36458 -72.57845 -73.19863 -73.77289
 -65.85098 -65.86646 -65.98848 -66.29558 -66.44440
 -62.19321 -62.16245 -62.12576 -62.10584 -62.10465
 -60.03127 -59.98353 -59.92761 -59.90993 -59.90811
 -58.68172 -58.65647 -58.62472 -58.61799 -58.61688
 -57.82128 -57.80772 -57.79256 -57.78945 -57.78899
 -57.31718 -57.31033 -57.30284 -57.30149 -57.30145
 -57.06193 -57.05868 -57.05476 -57.05355 -57.05365
 -56.95345 -56.95097 -56.94946 -56.94896 -56.94945
 -56.92391 -56.92305 -56.92190 -56.92154 -56.92247
 -56.93674 -56.93631 -56.93589 -56.93587 -56.93643
 -56.97471 -56.97418 -56.97459 -56.97431 -56.97534
 -57.02182 -57.02272 -57.02289 -57.02325 -57.02381
 -57.08573 -57.08577 -57.08716 -57.08719 -57.08771
 -57.15771 -57.15782 -57.15912 -57.15928 -57.15962
 -57.25275 -57.25234 -57.25349 -57.25423 -57.25441
 -57.38229 -57.38215 -57.38355 -57.38437 -57.38455
 -57.51310 -57.51298 -57.51413 -57.51491 -57.51526
 -57.64443 -57.64407 -57.64501 -57.64616 -57.64634
 -57.77568 -57.77502 -57.77587 -57.77728 -57.77763
**** 6**************************************
 -73.99999 -73.99999 -73.99999 -74.00000 -74.00000
 -69.10683 -68.95805 -68.83429 -69.03808 -69.40209
 -63.92244 -63.79278 -63.71514 -63.70356 -63.70507
 -60.94782 -60.88502 -60.83439 -60.80554 -60.80036
 -59.06907 -59.06889 -59.05231 -59.04211 -59.04061
 -57.96200 -57.96132 -57.95349 -57.95011 -57.94938
 -57.35706 -57.35587 -57.35209 -57.35045 -57.35029
 -57.05913 -57.05861 -57.05736 -57.05627 -57.05622
 -56.93343 -56.93305 -56.93226 -56.93188 -56.93178
 -56.89300 -56.89293 -56.89285 -56.89273 -56.89270
 -56.89890 -56.89892 -56.89923 -56.89940 -56.89980
 -56.93359 -56.93368 -56.93383 -56.93434 -56.93435
 -56.98984 -56.98992 -56.99131 -56.99137 -56.99179
 -57.04652 -57.04695 -57.04726 -57.04891 -57.04855
 -57.11576 -57.11555 -57.11687 -57.11778 -57.11801
 -57.19045 -57.19051 -57.19054 -57.19174 -57.19208
 -57.31597 -57.31556 -57.31588 -57.31730 -57.31764
 -57.44678 -57.44642 -57.44675 -57.44789 -57.44850
 -57.57805 -57.57734 -57.57757 -57.57899 -57.57956
 -57.70958 -57.70869 -57.70926 -57.71017 -57.71065
**** 7**************************************
 -74.00000 -74.00000 -74.00000 -74.00000 -74.00000
 -71.85914 -71.75846 -71.68887 -71.79394 -72.20842
 -65.42349 -65.35781 -65.31751 -65.32685 -65.34367
 -61.56639 -61.56777 -61.56259 -61.54858 -61.54275
 -59.28610 -59.30220 -59.30135 -59.29567 -59.29385
 -58.03963 -58.03967 -58.03776 -58.03463 -58.03434
 -57.39056 -57.38945 -57.38771 -57.38662 -57.38654
 -57.08987 -57.08895 -57.08777 -57.08759 -57.08709
 -56.97386 -56.97232 -56.97129 -56.97082 -56.97171
 -56.94644 -56.94536 -56.94456 -56.94482 -56.94463
 -56.96249 -56.96214 -56.96134 -56.96158 -56.96133
 -57.00237 -57.00162 -57.00121 -57.00070 -57.00131
 -57.05690 -57.05747 -57.05624 -57.05628 -57.05697
 -57.11441 -57.11528 -57.11449 -57.11425 -57.11501
 -57.18600 -57.18755 -57.18720 -57.18675 -57.18738
 -57.26279 -57.26606 -57.26587 -57.26550 -57.26595
 -57.36252 -57.36684 -57.36685 -57.36660 -57.36691
 -57.49166 -57.49738 -57.49769 -57.49720 -57.49770
 -57.62088 -57.62821 -57.62898 -57.62849 -57.62870
 -57.75010 -57.75943 -57.76038 -57.75993 -57.75988
**** 8**************************************
 -74.00000 -74.00000 -74.00000 -74.00000 -74.00000
 -73.97128 -73.75955 -73.64786 -73.63570 -73.64307
 -66.19763 -66.19839 -66.19889 -66.20073 -66.20518
 -61.81793 -61.83175 -61.83548 -61.83420 -61.83289
 -59.37356 -59.38278 -59.38433 -59.38311 -59.38246
 -58.05487 -58.05601 -58.05621 -58.05505 -58.05475
 -57.36969 -57.36973 -57.36922 -57.36878 -57.36830
 -57.03755 -57.03822 -57.03699 -57.03747 -57.03723
 -56.89566 -56.89509 -56.89555 -56.89522 -56.89497
 -56.85385 -56.85398 -56.85396 -56.85377 -56.85403
 -56.85856 -56.85864 -56.85843 -56.85836 -56.85855
 -56.89098 -56.88998 -56.89056 -56.89006 -56.89059
 -56.93855 -56.93772 -56.93816 -56.93818 -56.93843
 -57.00611 -57.00607 -57.00570 -57.00611 -57.00623
 -57.07311 -57.07252 -57.07292 -57.07283 -57.07275
 -57.14891 -57.14869 -57.14839 -57.14835 -57.14928
 -57.23110 -57.23166 -57.23121 -57.23211 -57.23152
 -57.36176 -57.36164 -57.36194 -57.36187 -57.36221
 -57.49279 -57.49302 -57.49287 -57.49292 -57.49326
 -57.62421 -57.62399 -57.62424 -57.62416 -57.62452
**** 9**************************************
 -62.49206 -63.37850 -64.36533 -65.36384 -66.36353
 -61.96874 -62.84504 -63.83028 -64.82917 -65.82908
 -61.66846 -62.55406 -63.53909 -64.53091 -65.47114
 -61.34511 -61.78556 -61.89767 -61.91158 -61.91277
 -59.40761 -59.41360 -59.41444 -59.41426 -59.41416
 -58.05856 -58.05916 -58.05968 -58.05985 -58.05945
 -57.34933 -57.34915 -57.34891 -57.34949 -57.34882
 -56.99479 -56.99436 -56.99421 -56.99399 -56.99440
 -56.83288 -56.83267 -56.83270 -56.83292 -56.83289
 -56.77554 -56.77524 -56.77533 -56.77595 -56.77617
 -56.76517 -56.76520 -56.76530 -56.76573 -56.76576
 -56.78942 -56.78886 -56.78874 -56.78918 -56.79025
 -56.83082 -56.83159 -56.83125 -56.83150 -56.83210
 -56.88951 -56.88920 -56.89032 -56.88987 -56.89070
 -56.94645 -56.94646 -56.94639 -56.94680 -56.94671
 -57.01565 -57.01515 -57.01559 -57.01576 -57.01552
 -57.09427 -57.09332 -57.09334 -57.09365 -57.09553
 -57.21050 -57.21007 -57.20958 -57.20950 -57.21069
 -57.34067 -57.34088 -57.34107 -57.34080 -57.34142
 -57.47228 -57.47192 -57.47167 -57.47192 -57.47250
****10**************************************
 -74.00000 -74.00000 -74.00000 -74.00000 -74.00000
 -71.21903 -72.24511 -73.30228 -73.25893 -72.34287
 -66.40391 -66.40285 -66.40290 -66.40290 -66.40292
 -61.95169 -61.95210 -61.95213 -61.95181 -61.95214
 -59.40483 -59.40583 -59.40583 -59.40581 -59.40570
 -58.03712 -58.03706 -58.03754 -58.03745 -58.03833
 -57.33164 -57.33066 -57.33064 -57.33156 -57.33137
 -56.98468 -56.98381 -56.98380 -56.98372 -56.98518
 -56.82909 -56.82911 -56.82909 -56.82899 -56.82933
 -56.77536 -56.77555 -56.77549 -56.77568 -56.77599
 -56.77459 -56.77462 -56.77459 -56.77455 -56.77511
 -56.80147 -56.80118 -56.80150 -56.80171 -56.80148
 -56.84570 -56.84545 -56.84567 -56.84568 -56.84648
 -56.90412 -56.90372 -56.90372 -56.90367 -56.90465
 -56.96555 -56.96517 -56.96559 -56.96522 -56.96588
 -57.03997 -57.03952 -57.03952 -57.03939 -57.04030
 -57.12080 -57.11966 -57.11966 -57.11963 -57.11954
 -57.21962 -57.21960 -57.21961 -57.21958 -57.21951
 -57.35015 -57.35016 -57.34999 -57.34997 -57.35009
 -57.48221 -57.48108 -57.48097 -57.48096 -57.48091
****11**************************************
 -74.00000 -74.00000 -74.00000 -74.00000 -74.00000
 -73.78739 -73.78756 -73.78759 -73.78760 -73.78715
 -66.93444 -66.93498 -66.93505 -66.93507 -66.93508
 -62.17304 -62.17314 -62.17315 -62.17315 -62.17315
 -59.47748 -59.47751 -59.47751 -59.47752 -59.47752
 -58.05551 -58.05195 -58.05145 -58.05090 -58.05146
 -57.37877 -57.36067 -57.35344 -57.35039 -57.35350
 -57.07182 -57.06912 -57.07796 -57.09388 -57.14029
 -56.93361 -56.94342 -56.96672 -57.00996 -57.11279
 -56.87800 -56.89477 -56.92450 -56.98353 -57.11607
 -56.86942 -56.88823 -56.92115 -56.98616 -57.13112
 -56.87849 -56.89797 -56.93100 -56.99643 -57.14710
 -56.90412 -56.92337 -56.95535 -57.01792 -57.16984
 -56.94205 -56.96070 -56.99010 -57.04856 -57.19705
 -56.99820 -57.01493 -57.04245 -57.09545 -57.23597
 -57.05561 -57.07086 -57.09549 -57.14315 -57.27488
 -57.12312 -57.13588 -57.15902 -57.20129 -57.32142
 -57.20061 -57.21214 -57.23341 -57.27045 -57.37793
 -57.33068 -57.34101 -57.35982 -57.39382 -57.48781
 -57.46122 -57.46978 -57.48932 -57.51917 -57.60102
****12**************************************
 -61.19737 -61.72995 -62.63644 -63.62649 -64.62509
 -60.65181 -61.12968 -62.01436 -63.00084 -64.00083
 -60.39619 -60.83623 -61.70068 -62.66396 -63.49413
 -60.18934 -60.52393 -60.90765 -61.00558 -61.01741
 -59.13674 -59.15295 -59.16009 -59.16158 -59.16179
 -57.96660 -57.96555 -57.96476 -57.96466 -57.96468
 -57.31269 -57.31124 -57.31263 -57.31189 -57.31295
 -56.98068 -56.98135 -56.98282 -56.98516 -56.99346
 -56.81865 -56.82085 -56.82360 -56.83090 -56.85062
 -56.75255 -56.75385 -56.75803 -56.76902 -56.79951
 -56.74395 -56.74473 -56.74968 -56.76200 -56.79808
 -56.76021 -56.76153 -56.76638 -56.77902 -56.81615
 -56.80010 -56.80080 -56.80507 -56.81674 -56.85230
 -56.85685 -56.85774 -56.86077 -56.87228 -56.90397
 -56.92778 -56.92835 -56.93141 -56.94180 -56.96926
 -56.99656 -56.99705 -56.99899 -57.00887 -57.03201
 -57.07356 -57.07460 -57.07570 -57.08327 -57.10373
 -57.15692 -57.15745 -57.15905 -57.16543 -57.18216
 -57.28245 -57.28268 -57.28413 -57.28957 -57.30414
 -57.41347 -57.41337 -57.41470 -57.42005 -57.43225
****13**************************************
 -61.13833 -61.63156 -62.51444 -63.49963 -64.49826
 -60.61344 -61.01802 -61.84073 -62.81567 -63.81376
 -60.31901 -60.66185 -61.43109 -62.34970 -63.03698
 -59.99485 -60.21050 -60.48450 -60.56282 -60.57293
 -58.89000 -58.91060 -58.92970 -58.93362 -58.93462
 -57.88078 -57.88340 -57.88588 -57.88615 -57.88643
 -57.30299 -57.30393 -57.30366 -57.30392 -57.30452
 -57.00686 -57.00689 -57.00740 -57.00979 -57.01438
 -56.85899 -56.85954 -56.86076 -56.86651 -56.88104
 -56.79653 -56.79626 -56.79891 -56.80740 -56.83180
 -56.78791 -56.78798 -56.79125 -56.80109 -56.83096
 -56.80885 -56.80890 -56.81179 -56.82223 -56.85207
 -56.85333 -56.85314 -56.85619 -56.86566 -56.89412
 -56.91198 -56.91223 -56.91432 -56.92240 -56.94768
 -56.98317 -56.98318 -56.98451 -56.99169 -57.01393
 -57.05199 -57.05183 -57.05317 -57.05924 -57.07791
 -57.13297 -57.13292 -57.13427 -57.13936 -57.15476
 -57.22143 -57.22126 -57.22213 -57.22620 -57.23947
 -57.33462 -57.33428 -57.33434 -57.33830 -57.34869
 -57.46524 -57.46540 -57.46591 -57.46819 -57.47822
****14**************************************
 -62.51073 -62.70710 -63.31906 -64.25025 -65.24238
 -61.34925 -61.49657 -62.07301 -62.99512 -63.98599
 -60.69929 -60.75627 -61.23368 -62.03995 -62.56755
 -59.91481 -59.93768 -60.09910 -60.20538 -60.22225
 -58.65361 -58.67088 -58.70681 -58.72062 -58.72292
 -57.79459 -57.80001 -57.80506 -57.80603 -57.80632
 -57.33326 -57.32143 -57.31548 -57.31544 -57.31521
 -57.12677 -57.09661 -57.08615 -57.08378 -57.08513
 -57.04191 -56.99860 -56.98414 -56.98324 -56.98541
 -57.01754 -56.96474 -56.94818 -56.94673 -56.95283
 -57.03077 -56.97287 -56.95346 -56.95240 -56.95918
 -57.07225 -57.01048 -56.98860 -56.98700 -56.99361
 -57.12570 -57.06206 -57.03733 -57.03512 -57.04148
 -57.19207 -57.12691 -57.09957 -57.09668 -57.10131
 -57.26870 -57.20241 -57.17114 -57.16760 -57.17107
 -57.34687 -57.28126 -57.24646 -57.24186 -57.24456
 -57.43367 -57.36950 -57.33048 -57.32354 -57.32661
 -57.52415 -57.46362 -57.41999 -57.41154 -57.41312
 -57.62866 -57.57277 -57.52455 -57.51468 -57.51525
 -57.76089 -57.71309 -57.65946 -57.64612 -57.64593
****15**************************************
 -61.43344 -62.24696 -63.16416 -64.15230 -65.15108
 -60.83936 -61.31658 -62.09106 -63.05687 -64.05172
 -60.49431 -60.78609 -61.45919 -62.20268 -62.51554
 -59.88182 -59.96936 -60.08697 -60.12052 -60.12487
 -58.61203 -58.62610 -58.63777 -58.63995 -58.64062
 -57.75954 -57.76356 -57.76473 -57.76512 -57.76564
 -57.29900 -57.29987 -57.29987 -57.30000 -57.30015
 -57.07525 -57.07633 -57.07840 -57.07871 -57.07889
 -56.97369 -56.97833 -56.98324 -56.98356 -56.98501
 -56.93732 -56.94471 -56.95220 -56.95355 -56.95406
 -56.94146 -56.95112 -56.95996 -56.96126 -56.96213
 -56.97889 -56.98880 -56.99850 -57.00022 -57.00074
 -57.02630 -57.03617 -57.04544 -57.04706 -57.04750
 -57.08727 -57.09631 -57.10580 -57.10784 -57.10783
 -57.15742 -57.16499 -57.17403 -57.17642 -57.17665
 -57.23838 -57.24468 -57.25361 -57.25541 -57.25621
 -57.32057 -57.32604 -57.33318 -57.33609 -57.33628
 -57.40831 -57.41191 -57.41942 -57.42196 -57.42224
 -57.50339 -57.50640 -57.51344 -57.51556 -57.51727
 -57.63436 -57.63657 -57.64374 -57.64704 -57.64750
****16**************************************
 -61.02653 -61.45906 -62.32137 -63.30528 -64.30528
 -60.38573 -60.79158 -61.64080 -62.62231 -63.61910
 -60.09748 -60.49478 -61.31467 -62.11032 -62.45512
 -59.72454 -59.88344 -60.00903 -60.03130 -60.03414
 -58.54300 -58.54410 -58.54393 -58.54445 -58.54495
 -57.72702 -57.72341 -57.72231 -57.72199 -57.72256
 -57.30598 -57.30481 -57.30495 -57.30447 -57.30496
 -57.11392 -57.11335 -57.11402 -57.11344 -57.11448
 -57.03577 -57.03586 -57.03587 -57.03623 -57.03663
 -57.01869 -57.01909 -57.01906 -57.01935 -57.01968
 -57.03744 -57.03827 -57.03829 -57.03839 -57.03972
 -57.08350 -57.08451 -57.08433 -57.08456 -57.08472
 -57.13489 -57.13625 -57.13632 -57.13669 -57.13690
 -57.20018 -57.20181 -57.20166 -57.20197 -57.20226
 -57.27531 -57.27598 -57.27637 -57.27619 -57.27639
 -57.36187 -57.36374 -57.36358 -57.36330 -57.36357
 -57.44428 -57.44596 -57.44659 -57.44638 -57.44670
 -57.53301 -57.53493 -57.53556 -57.53524 -57.53547
 -57.62338 -57.62650 -57.62708 -57.62703 -57.62748
 -57.75448 -57.75711 -57.75781 -57.75808 -57.75820
****17**************************************
 -72.88405 -72.88405 -72.88405 -72.88405 -72.88671
 -66.26144 -66.26144 -66.26144 -66.26144 -66.26462
 -62.48818 -62.48818 -62.48818 -62.48818 -62.48925
 -59.93763 -59.93763 -59.93763 -59.93763 -59.93778
 -58.45204 -58.45204 -58.45204 -58.45208 -58.45210
 -57.67588 -57.67587 -57.67586 -57.67585 -57.67693
 -57.28956 -57.29001 -57.28998 -57.28994 -57.29174
 -57.11484 -57.11476 -57.11470 -57.11465 -57.11771
 -57.04173 -57.04446 -57.04440 -57.04436 -57.04685
 -57.02881 -57.03139 -57.03132 -57.03126 -57.03372
 -57.05190 -57.05171 -57.05145 -57.05137 -57.05420
 -57.09631 -57.09910 -57.09910 -57.09903 -57.10193
 -57.15058 -57.15202 -57.15297 -57.15329 -57.15412
 -57.22077 -57.22228 -57.22313 -57.22353 -57.22424
 -57.29953 -57.30107 -57.30235 -57.30286 -57.30315
 -57.38727 -57.38877 -57.39029 -57.39025 -57.39077
 -57.47036 -57.47141 -57.47341 -57.47331 -57.47391
 -57.56092 -57.56225 -57.56461 -57.56461 -57.56440
 -57.65497 -57.65590 -57.65755 -57.65885 -57.65855
 -57.77954 -57.78067 -57.78173 -57.78320 -57.78314
****18**************************************
 -73.92511 -73.92279 -73.92279 -73.92279 -73.92299
 -66.62634 -66.62634 -66.62634 -66.62634 -66.62742
 -62.19319 -62.19319 -62.19319 -62.19319 -62.19352
 -59.79123 -59.79123 -59.79123 -59.79123 -59.79123
 -58.52058 -58.52058 -58.52058 -58.52058 -58.52127
 -57.87157 -57.87157 -57.87157 -57.87157 -57.87325
 -57.55593 -57.55593 -57.55593 -57.55591 -57.55659
 -57.41679 -57.41679 -57.41679 -57.41678 -57.41726
 -57.36664 -57.36665 -57.36664 -57.36664 -57.36706
 -57.36129 -57.36129 -57.36129 -57.36128 -57.36162
 -57.38580 -57.38576 -57.38576 -57.38576 -57.38559
 -57.43324 -57.43324 -57.43324 -57.43324 -57.43308
 -57.49177 -57.49172 -57.49177 -57.49243 -57.49241
 -57.56383 -57.56383 -57.56383 -57.56383 -57.56378
 -57.64210 -57.64210 -57.64210 -57.64210 -57.64307
 -57.72823 -57.72823 -57.72823 -57.72821 -57.72938
 -57.81114 -57.81114 -57.81114 -57.81123 -57.81123
 -57.90342 -57.90342 -57.90342 -57.90341 -57.90336
 -57.99966 -57.99989 -57.99989 -57.99989 -57.99983
 -58.11610 -58.11612 -58.11612 -58.11612 -58.11611
****19**************************************
 -74.00000 -74.00000 -74.00000 -74.00000 -74.00000
 -74.00000 -74.00000 -74.00000 -74.00000 -74.00000
 -74.00000 -74.00000 -74.00000 -74.00000 -74.00000
 -74.00000 -74.00000 -74.00000 -74.00000 -74.00000
 -74.00000 -74.00000 -74.00000 -74.00000 -74.00000
 -74.00000 -74.00000 -74.00000 -74.00000 -74.00000
 -38.82694 -38.83398 -38.82539 -38.83510 -38.83043
 -33.36014 -33.37170 -33.37052 -33.38432 -33.37765
 -30.36059 -30.23897 -30.35835 -30.35438 -30.35405
 -28.64636 -28.64861 -28.66050 -28.65318 -28.65820
 -27.73520 -27.73454 -27.72813 -27.73505 -27.73879
 -27.26902 -27.26827 -27.26515 -27.26753 -27.27075
 -27.04403 -27.04723 -27.04680 -27.04552 -27.04613
 -26.94961 -26.95427 -26.95527 -26.97819 -26.95911
 -26.92242 -26.92513 -26.92274 -26.90274 -26.92405
 -26.93192 -26.93403 -26.93479 -26.90452 -26.93192
 -26.95226 -26.95331 -26.95418 -27.00320 -26.95055
 -26.99559 -26.99357 -26.99296 -27.00507 -26.99221
 -27.05199 -27.05094 -27.04765 -27.08078 -27.04855
 -27.13504 -27.13949 -27.13743 -27.11429 -27.13639
****20**************************************
 -68.73997 -68.74052 -68.74440 -68.78159 -69.04210
 -64.92385 -64.92385 -64.92638 -64.95436 -65.16374
 -62.90010 -62.90090 -62.90250 -62.92385 -63.08996
 -61.85763 -61.85763 -61.85907 -61.87457 -62.00709
 -61.32529 -61.32529 -61.32529 -61.33819 -61.44949
 -60.76650 -60.76650 -60.76709 -60.77172 -60.81101
 -39.28262 -39.18841 -39.18448 -39.18744 -39.17959
 -33.47174 -33.46929 -33.46911 -33.47184 -33.46304
 -30.33634 -30.33805 -30.33737 -30.33315 -30.32990
 -28.60643 -28.60391 -28.60397 -28.59539 -28.59412
 -27.66257 -27.66267 -27.66303 -27.66151 -27.65706
 -27.18032 -27.18053 -27.18132 -27.18112 -27.17526
 -26.95128 -26.94874 -26.94889 -26.94917 -26.94255
 -26.85043 -26.85077 -26.84888 -26.84884 -26.84133
 -26.81895 -26.81985 -26.81890 -26.81569 -26.80950
 -26.82315 -26.82137 -26.82079 -26.81866 -26.81008
 -26.84566 -26.84666 -26.84616 -26.84637 -26.83820
 -26.88658 -26.88623 -26.88678 -26.88609 -26.88067
 -26.94280 -26.94287 -26.93941 -26.94092 -26.93575
 -27.01728 -27.01558 -27.01683 -27.01605 -27.00819
****21**************************************
 -68.07777 -68.07777 -68.07995 -68.10703 -68.31139
 -64.65994 -64.65981 -64.65982 -64.68099 -64.84343
 -62.80455 -62.80368 -62.80484 -62.81987 -62.94810
 -61.76249 -61.76076 -61.76182 -61.77315 -61.87737
 -61.17295 -61.17133 -61.17269 -61.18238 -61.27244
 -60.32146 -60.31924 -60.32050 -60.32217 -60.33933
 -40.17315 -39.70844 -39.62946 -39.62109 -39.60795
 -33.64573 -33.64399 -33.64396 -33.64145 -33.63443
 -30.38309 -30.38417 -30.38342 -30.37717 -30.36959
 -28.59233 -28.59088 -28.58800 -28.59075 -28.58039
 -27.61871 -27.61824 -27.61784 -27.61465 -27.61249
 -27.11919 -27.11717 -27.11566 -27.11196 -27.10833
 -26.87573 -26.87516 -26.87680 -26.86343 -26.86956
 -26.76971 -26.77108 -26.77045 -26.76435 -26.76739
 -26.73451 -26.73273 -26.73197 -26.73450 -26.73368
 -26.73396 -26.72495 -26.72904 -26.73008 -26.72547
 -26.76580 -26.76463 -26.76213 -26.76087 -26.77077
 -26.80177 -26.80154 -26.80173 -26.79678 -26.85195
 -26.85640 -26.85187 -26.85256 -26.85333 -26.84846
 -26.92458 -26.92116 -26.92150 -26.91970 -26.92058
****22**************************************
 -68.85260 -68.85260 -68.85331 -68.86249 -68.94605
 -65.18940 -65.18940 -65.19003 -65.20116 -65.27847
 -63.13550 -63.13568 -63.13752 -63.15774 -63.26340
 -61.96061 -61.96179 -61.96383 -61.98576 -62.10766
 -61.20533 -61.20540 -61.20678 -61.21884 -61.28647
 -59.87731 -59.87736 -59.87826 -59.88277 -59.90328
 -41.26805 -40.59307 -40.18290 -40.15707 -40.13827
 -33.88716 -33.88702 -33.88482 -33.88104 -33.87785
 -30.48361 -30.48264 -30.48244 -30.47406 -30.46696
 -28.62522 -28.62658 -28.62811 -28.62486 -28.62959
 -27.62456 -27.62192 -27.62076 -27.62272 -27.61993
 -27.10410 -27.10506 -27.10409 -27.10354 -27.09894
 -26.85114 -26.85286 -26.85156 -26.85259 -26.84597
 -26.74322 -26.74119 -26.74446 -26.73688 -26.75134
 -26.70325 -26.70072 -26.70299 -26.70533 -26.71072
 -26.70209 -26.70359 -26.70369 -26.70258 -26.70308
 -26.73274 -26.73216 -26.73166 -26.73475 -26.73628
 -26.76933 -26.76882 -26.76732 -26.76855 -26.77523
 -26.82289 -26.82170 -26.82008 -26.82182 -26.82230
 -26.88000 -26.88116 -26.88168 -26.87923 -26.87686
****23**************************************
 -67.46879 -68.04031 -68.96364 -69.95724 -70.95377
 -63.29033 -63.71695 -64.57733 -65.55933 -66.55780
 -62.11467 -62.15681 -62.44096 -63.20018 -64.12740
 -61.74520 -61.74927 -61.79686 -62.06567 -62.54020
 -61.00787 -61.00899 -61.01864 -61.07979 -61.18435
 -59.62319 -59.62499 -59.62948 -59.65290 -59.67533
 -41.65508 -41.55767 -41.00120 -40.73913 -40.69570
 -34.19032 -34.23782 -34.18287 -34.18945 -34.19138
 -30.65547 -30.65500 -30.65665 -30.64227 -30.59857
 -28.73542 -28.73654 -28.73861 -28.74295 -28.73870
 -27.70012 -27.70063 -27.70267 -27.71045 -27.69414
 -27.16001 -27.15919 -27.16582 -27.16484 -27.17102
 -26.89925 -26.89900 -26.90197 -26.90889 -26.90215
 -26.78376 -26.78419 -26.78693 -26.78091 -26.78507
 -26.74170 -26.74171 -26.74588 -26.74476 -26.74310
 -26.74119 -26.74232 -26.74630 -26.74406 -26.74364
 -26.77331 -26.77388 -26.77822 -26.78572 -26.77396
 -26.80842 -26.80858 -26.81065 -26.81152 -26.81161
 -26.85897 -26.85997 -26.87367 -26.87841 -26.86203
 -26.91958 -26.92033 -26.93992 -26.92510 -26.92640
****24**************************************
 -69.81223 -69.81299 -69.81454 -69.83673 -70.00916
 -65.36565 -65.36565 -65.36565 -65.38246 -65.51898
 -62.99947 -62.99947 -63.00066 -63.01268 -63.11692
 -61.74649 -61.74649 -61.74782 -61.75649 -61.83432
 -60.78585 -60.78617 -60.78680 -60.78859 -60.80522
 -59.47466 -59.47463 -59.47434 -59.47289 -59.46489
 -42.28882 -42.22986 -42.22808 -41.59389 -41.52475
 -34.73056 -34.73779 -34.73039 -34.71856 -34.69783
 -31.03201 -31.03421 -31.02892 -31.03089 -31.01010
 -29.03765 -29.03041 -29.03469 -29.03514 -29.05107
 -27.95756 -27.95671 -27.95333 -27.96256 -27.94186
 -27.39494 -27.39070 -27.39650 -27.39025 -27.39456
 -27.12107 -27.12129 -27.12203 -27.11590 -27.12116
 -26.99912 -26.99912 -26.99733 -27.00376 -26.99730
 -26.95548 -26.95581 -26.95488 -26.95781 -26.95944
 -26.95450 -26.95844 -26.95568 -26.96467 -26.95754
 -26.98352 -26.98187 -26.98385 -26.98573 -26.97979
 -27.01941 -27.01872 -27.01767 -27.01905 -27.00589
 -27.06894 -27.06939 -27.06295 -27.07049 -27.05444
 -27.13601 -27.13613 -27.13248 -27.13114 -27.12038
****25**************************************
 -74.00000 -74.00000 -74.00000 -74.00000 -74.00000
 -69.78734 -69.78734 -69.78734 -69.78734 -69.78733
 -64.65266 -64.65266 -64.65266 -64.65258 -64.65312
 -61.90783 -61.90782 -61.90775 -61.90909 -61.90774
 -60.34149 -60.34147 -60.34187 -60.35102 -60.41391
 -59.17320 -59.17395 -59.17804 -59.21714 -59.45585
 -58.49234 -43.38907 -43.30688 -42.73330 -42.04247
 -34.89670 -34.89508 -34.89245 -34.88643 -34.86038
 -30.98430 -30.98443 -30.98642 -30.99006 -31.00379
 -28.85732 -28.85140 -28.85319 -28.85074 -28.86068
 -27.71298 -27.71713 -27.71380 -27.71511 -27.71534
 -27.12555 -27.12563 -27.12739 -27.12893 -27.12761
 -26.84237 -26.84076 -26.84204 -26.84164 -26.84148
 -26.72108 -26.72009 -26.71907 -26.72276 -26.72139
 -26.68705 -26.68790 -26.68614 -26.68787 -26.68644
 -26.69947 -26.69628 -26.69814 -26.69688 -26.69854
 -26.73536 -26.73536 -26.73690 -26.73686 -26.73574
 -26.77897 -26.77701 -26.77879 -26.77633 -26.77780
 -26.84149 -26.84149 -26.84169 -26.84209 -26.84129
 -26.91358 -26.91320 -26.91239 -26.91489 -26.91216
****26**************************************
 -74.00000 -74.00000 -74.00000 -74.00000 -74.00000
 -70.95723 -70.95723 -70.95723 -70.95723 -70.95723
 -66.95762 -65.02983 -65.02983 -65.02983 -65.03290
 -61.83684 -61.83684 -61.83684 -61.83684 -61.83684
 -60.06964 -60.06964 -60.06964 -60.06964 -60.06964
 -59.06562 -59.06562 -59.06562 -59.06562 -59.06595
 -58.52726 -58.52726 -58.52726 -58.52726 -43.45346
 -35.36542 -35.36740 -35.36740 -35.36776 -35.36529
 -31.30577 -31.30361 -31.30609 -31.30331 -31.30331
 -29.13008 -29.12707 -29.12502 -29.12782 -29.12865
 -27.96660 -27.96872 -27.96727 -27.96744 -27.96759
 -27.37004 -27.36912 -27.37001 -27.36768 -27.36859
 -27.07787 -27.07820 -27.07779 -27.07910 -27.07860
 -26.95209 -26.95360 -26.95265 -26.95572 -26.95325
 -26.91619 -26.91619 -26.91531 -26.91531 -26.91531
 -26.92280 -26.92337 -26.92280 -26.92248 -26.92248
 -26.95758 -26.95653 -26.95662 -26.95758 -26.95522
 -26.99933 -26.99898 -26.99939 -26.99782 -26.99901
 -27.05973 -27.05913 -27.05924 -27.05801 -27.05900
 -27.12889 -27.12827 -27.12870 -27.12813 -27.12592
****27**************************************
 -74.00000 -74.00000 -74.00000 -74.00000 -74.00000
 -74.00000 -74.00000 -74.00000 -74.00000 -74.00000
 -74.00000 -74.00000 -74.00000 -74.00000 -74.00000
 -74.00000 -74.00000 -74.00000 -74.00000 -74.00000
 -74.00000 -74.00000 -74.00000 -74.00000 -74.00000
 -74.00000 -74.00000 -74.00000 -74.00000 -74.00000
 -74.00000 -74.00000 -74.00000 -74.00000 -74.00000
 -74.00000 -74.00000 -74.00000 -74.00000 -74.00000
 -74.00000 -74.00000 -74.00000 -74.00000 -74.00000
 -74.00000 -74.00000 -74.00000 -74.00000 -74.00000
 -34.14577 -34.12849 -34.04000 -34.15992 -34.08426
 -30.34378 -30.30009 -30.32459 -30.43183 -30.29196
 -28.28842 -28.37798 -28.35613 -28.44415 -28.26386
 -27.30942 -27.32122 -27.18495 -27.25526 -27.28384
 -26.79726 -26.76302 -26.75010 -26.74076 -26.73176
 -26.56476 -26.61331 -26.45936 -26.56693 -26.41032
 -26.46447 -26.44271 -26.34052 -26.32441 -26.40626
 -26.36909 -26.36129 -26.49167 -26.34470 -26.37181
 -26.44265 -26.40584 -26.46985 -26.37692 -26.40793
 -26.41979 -26.36680 -26.61362 -26.46112 -26.36605
****28**************************************
 -74.00000 -74.00000 -74.00000 -74.00000 -74.00000
 -74.00000 -74.00000 -74.00000 -74.00000 -74.00000
 -74.00000 -74.00000 -74.00000 -74.00000 -74.00000
 -74.00000 -74.00000 -74.00000 -74.00000 -74.00000
 -74.00000 -74.00000 -74.00000 -74.00000 -74.00000
 -74.00000 -74.00000 -74.00000 -74.00000 -74.00000
 -74.00000 -74.00000 -74.00000 -74.00000 -74.00000
 -74.00000 -74.00000 -74.00000 -74.00000 -74.00000
 -74.00000 -74.00000 -74.00000 -74.00000 -74.00000
 -74.00000 -74.00000 -74.00000 -74.00000 -74.00000
 -34.70708 -34.67842 -34.69053 -34.71402 -34.73893
 -30.79661 -30.86533 -30.84114 -30.83255 -30.81302
 -28.75114 -28.78996 -28.69272 -28.77281 -28.77498
 -27.62304 -27.64870 -27.64296 -27.65786 -27.63741
 -27.14699 -27.13670 -27.10102 -27.10408 -27.12716
 -26.81377 -26.86787 -26.83401 -26.84765 -26.79445
 -26.71169 -26.75306 -26.74030 -26.70360 -26.73851
 -26.69751 -26.69986 -26.70862 -26.74109 -26.65617
 -26.68513 -26.70684 -26.67697 -26.67901 -26.69052
 -26.74545 -26.74108 -26.75727 -26.67136 -26.70291
