   13    5   50    1   13 F: Be 50. Si3N4 0.055 Si 0.7 A:Si 3. 200. 380.       
================================================================================
  11.00000  12.00000  13.00000  14.00000  15.00000
   0.00000   0.09590   0.19179   0.28769   0.38359   0.47949   0.57538   0.67128
   0.76718   0.86308   0.95897   1.05487   1.15077   1.24667   1.34256   1.43846
   1.53436   1.63025   1.72615   1.82205   1.91795   2.01384   2.10974   2.20564
   2.30154   2.39743   2.49333   2.58923   2.68513   2.78102   2.87692   2.97282
   3.06872   3.16461   3.26051   3.35641   3.45230   3.54820   3.64410   3.74000
   3.83589   3.93179   4.02769   4.12359   4.21948   4.31538   4.41128   4.50718
   4.60307   4.69897
================================================================================
 -59.96611 -59.96611 -59.96611 -59.96611 -59.96611
 -59.14288 -59.14288 -59.14288 -59.14288 -59.14288
 -58.48830 -58.48830 -58.48830 -58.48830 -58.48830
 -57.96891 -57.96891 -57.96891 -57.96891 -57.96891
 -57.55785 -57.55785 -57.55785 -57.55785 -57.55785
 -57.23366 -57.23366 -57.23366 -57.23366 -57.23366
 -56.97912 -56.97912 -56.97912 -56.97912 -56.97912
 -56.78047 -56.78047 -56.78047 -56.78047 -56.78047
 -56.62667 -56.62667 -56.62667 -56.62667 -56.62667
 -56.50888 -56.50888 -56.50888 -56.50888 -56.50888
 -56.42000 -56.42000 -56.42000 -56.42000 -56.42000
 -56.35433 -56.35433 -56.35433 -56.35433 -56.35433
 -56.30731 -56.30731 -56.30731 -56.30731 -56.30731
 -56.27526 -56.27526 -56.27526 -56.27526 -56.27526
 -56.25523 -56.25523 -56.25523 -56.25523 -56.25523
 -56.24485 -56.24485 -56.24485 -56.24485 -56.24485
 -56.24221 -56.24221 -56.24221 -56.24221 -56.24221
 -56.24578 -56.24578 -56.24578 -56.24578 -56.24578
 -56.25433 -56.25433 -56.25433 -56.25433 -56.25433
 -56.26689 -56.26689 -56.26689 -56.26689 -56.26689
 -56.28266 -56.28266 -56.28266 -56.28266 -56.28266
 -56.30100 -56.30100 -56.30100 -56.30100 -56.30100
 -56.32141 -56.32141 -56.32141 -56.32141 -56.32141
 -56.34347 -56.34347 -56.34347 -56.34347 -56.34347
 -56.36686 -56.36686 -56.36686 -56.36686 -56.36686
 -56.39132 -56.39132 -56.39132 -56.39132 -56.39132
 -56.41663 -56.41663 -56.41663 -56.41663 -56.41663
 -56.44262 -56.44262 -56.44262 -56.44262 -56.44262
 -56.46917 -56.46917 -56.46917 -56.46917 -56.46917
 -56.49615 -56.49615 -56.49615 -56.49615 -56.49615
 -56.52349 -56.52349 -56.52349 -56.52349 -56.52349
 -56.55112 -56.55112 -56.55112 -56.55112 -56.55112
 -56.57897 -56.57897 -56.57897 -56.57897 -56.57897
 -56.60700 -56.60700 -56.60700 -56.60700 -56.60700
 -56.63518 -56.63518 -56.63518 -56.63518 -56.63518
 -56.66347 -56.66347 -56.66347 -56.66347 -56.66347
 -56.69186 -56.69186 -56.69186 -56.69186 -56.69186
 -56.72032 -56.72032 -56.72032 -56.72032 -56.72032
 -56.74885 -56.74885 -56.74885 -56.74885 -56.74885
 -56.77742 -56.77742 -56.77742 -56.77742 -56.77742
 -56.80603 -56.80603 -56.80603 -56.80603 -56.80603
 -56.83468 -56.83468 -56.83468 -56.83468 -56.83468
 -56.86335 -56.86335 -56.86335 -56.86335 -56.86335
 -56.89203 -56.89203 -56.89203 -56.89203 -56.89203
 -56.92074 -56.92074 -56.92074 -56.92074 -56.92074
 -56.94945 -56.94945 -56.94945 -56.94945 -56.94945
 -56.97818 -56.97818 -56.97818 -56.97818 -56.97818
 -57.00692 -57.00692 -57.00692 -57.00692 -57.00692
 -57.03566 -57.03566 -57.03566 -57.03566 -57.03566
 -57.06441 -57.06441 -57.06441 -57.06441 -57.06441
================================================================================
 -60.29311 -60.29311 -60.29311 -60.29311 -60.29311
 -59.43559 -59.43559 -59.43559 -59.43559 -59.43559
 -58.75366 -58.75366 -58.75366 -58.75366 -58.75366
 -58.21255 -58.21255 -58.21255 -58.21255 -58.21255
 -57.78433 -57.78433 -57.78433 -57.78433 -57.78433
 -57.44662 -57.44662 -57.44662 -57.44662 -57.44662
 -57.18148 -57.18148 -57.18148 -57.18148 -57.18148
 -56.97449 -56.97449 -56.97449 -56.97449 -56.97449
 -56.81414 -56.81414 -56.81414 -56.81414 -56.81414
 -56.69117 -56.69117 -56.69117 -56.69117 -56.69117
 -56.59819 -56.59819 -56.59819 -56.59819 -56.59819
 -56.52925 -56.52925 -56.52925 -56.52925 -56.52925
 -56.47962 -56.47962 -56.47962 -56.47962 -56.47962
 -56.44547 -56.44547 -56.44547 -56.44547 -56.44547
 -56.42375 -56.42375 -56.42375 -56.42375 -56.42375
 -56.41201 -56.41201 -56.41201 -56.41201 -56.41201
 -56.40828 -56.40828 -56.40828 -56.40828 -56.40828
 -56.41097 -56.41097 -56.41097 -56.41097 -56.41097
 -56.41882 -56.41882 -56.41882 -56.41882 -56.41882
 -56.43081 -56.43081 -56.43081 -56.43081 -56.43081
 -56.44612 -56.44612 -56.44612 -56.44612 -56.44612
 -56.46410 -56.46410 -56.46410 -56.46410 -56.46410
 -56.48421 -56.48421 -56.48421 -56.48421 -56.48421
 -56.50603 -56.50603 -56.50603 -56.50603 -56.50603
 -56.52923 -56.52923 -56.52923 -56.52923 -56.52923
 -56.55354 -56.55354 -56.55354 -56.55354 -56.55354
 -56.57873 -56.57873 -56.57873 -56.57873 -56.57873
 -56.60462 -56.60462 -56.60462 -56.60462 -56.60462
 -56.63109 -56.63109 -56.63109 -56.63109 -56.63109
 -56.65801 -56.65801 -56.65801 -56.65801 -56.65801
 -56.68530 -56.68530 -56.68530 -56.68530 -56.68530
 -56.71288 -56.71288 -56.71288 -56.71288 -56.71288
 -56.74070 -56.74070 -56.74070 -56.74070 -56.74070
 -56.76870 -56.76870 -56.76870 -56.76870 -56.76870
 -56.79686 -56.79686 -56.79686 -56.79686 -56.79686
 -56.82514 -56.82514 -56.82514 -56.82514 -56.82514
 -56.85351 -56.85351 -56.85351 -56.85351 -56.85351
 -56.88197 -56.88197 -56.88197 -56.88197 -56.88197
 -56.91048 -56.91048 -56.91048 -56.91048 -56.91048
 -56.93905 -56.93905 -56.93905 -56.93905 -56.93905
 -56.96766 -56.96766 -56.96766 -56.96766 -56.96766
 -56.99630 -56.99630 -56.99630 -56.99630 -56.99630
 -57.02496 -57.02496 -57.02496 -57.02496 -57.02496
 -57.05364 -57.05364 -57.05364 -57.05364 -57.05364
 -57.08235 -57.08235 -57.08235 -57.08235 -57.08235
 -57.11106 -57.11106 -57.11106 -57.11106 -57.11106
 -57.13979 -57.13979 -57.13979 -57.13979 -57.13979
 -57.16852 -57.16852 -57.16852 -57.16852 -57.16852
 -57.19726 -57.19726 -57.19726 -57.19726 -57.19726
 -57.22601 -57.22601 -57.22601 -57.22601 -57.22601
================================================================================
 -59.99437 -59.99437 -59.99437 -59.99437 -59.99437
 -59.25731 -59.25731 -59.25731 -59.25731 -59.25731
 -58.67199 -58.67199 -58.67199 -58.67199 -58.67199
 -58.20834 -58.20834 -58.20834 -58.20834 -58.20834
 -57.84225 -57.84225 -57.84225 -57.84225 -57.84225
 -57.55439 -57.55439 -57.55439 -57.55439 -57.55439
 -57.32924 -57.32924 -57.32924 -57.32924 -57.32924
 -57.15435 -57.15435 -57.15435 -57.15435 -57.15435
 -57.01973 -57.01973 -57.01973 -57.01973 -57.01973
 -56.91738 -56.91738 -56.91738 -56.91738 -56.91738
 -56.84088 -56.84088 -56.84088 -56.84088 -56.84088
 -56.78510 -56.78510 -56.78510 -56.78510 -56.78510
 -56.74594 -56.74594 -56.74594 -56.74594 -56.74594
 -56.72013 -56.72013 -56.72013 -56.72013 -56.72013
 -56.70505 -56.70505 -56.70505 -56.70505 -56.70505
 -56.69857 -56.69857 -56.69857 -56.69857 -56.69857
 -56.69903 -56.69903 -56.69903 -56.69903 -56.69903
 -56.70505 -56.70505 -56.70505 -56.70505 -56.70505
 -56.71555 -56.71555 -56.71555 -56.71555 -56.71555
 -56.72965 -56.72965 -56.72965 -56.72965 -56.72965
 -56.74665 -56.74665 -56.74665 -56.74665 -56.74665
 -56.76596 -56.76596 -56.76596 -56.76596 -56.76596
 -56.78715 -56.78715 -56.78715 -56.78715 -56.78715
 -56.80983 -56.80983 -56.80983 -56.80983 -56.80983
 -56.83371 -56.83371 -56.83371 -56.83371 -56.83371
 -56.85857 -56.85857 -56.85857 -56.85857 -56.85857
 -56.88419 -56.88419 -56.88419 -56.88419 -56.88419
 -56.91044 -56.91044 -56.91044 -56.91044 -56.91044
 -56.93719 -56.93719 -56.93719 -56.93719 -56.93719
 -56.96433 -56.96433 -56.96433 -56.96433 -56.96433
 -56.99180 -56.99180 -56.99180 -56.99180 -56.99180
 -57.01953 -57.01953 -57.01953 -57.01953 -57.01953
 -57.04746 -57.04746 -57.04746 -57.04746 -57.04746
 -57.07556 -57.07556 -57.07556 -57.07556 -57.07556
 -57.10379 -57.10379 -57.10379 -57.10379 -57.10379
 -57.13213 -57.13213 -57.13213 -57.13213 -57.13213
 -57.16055 -57.16055 -57.16055 -57.16055 -57.16055
 -57.18904 -57.18904 -57.18904 -57.18904 -57.18904
 -57.21759 -57.21759 -57.21759 -57.21759 -57.21759
 -57.24618 -57.24618 -57.24618 -57.24618 -57.24618
 -57.27481 -57.27481 -57.27481 -57.27481 -57.27481
 -57.30346 -57.30346 -57.30346 -57.30346 -57.30346
 -57.33214 -57.33214 -57.33214 -57.33214 -57.33214
 -57.36084 -57.36084 -57.36084 -57.36084 -57.36084
 -57.38955 -57.38955 -57.38955 -57.38955 -57.38955
 -57.41827 -57.41827 -57.41827 -57.41827 -57.41827
 -57.44700 -57.44700 -57.44700 -57.44700 -57.44700
 -57.47574 -57.47574 -57.47574 -57.47574 -57.47574
 -57.50448 -57.50448 -57.50448 -57.50448 -57.50448
 -57.53323 -57.53323 -57.53323 -57.53323 -57.53323
================================================================================
 -74.00000 -74.00000 -74.00000 -74.00000 -74.00000
 -74.00000 -74.00000 -74.00000 -74.00000 -74.00000
 -74.00000 -74.00000 -74.00000 -74.00000 -74.00000
 -74.00000 -74.00000 -74.00000 -74.00000 -74.00000
 -74.00000 -74.00000 -74.00000 -74.00000 -74.00000
 -72.66748 -72.66748 -72.66748 -72.66748 -72.66748
 -69.69739 -69.69739 -69.69739 -69.69739 -69.69739
 -67.31378 -67.31378 -67.31378 -67.31378 -67.31378
 -65.39290 -65.39290 -65.39290 -65.39290 -65.39290
 -63.83564 -63.83564 -63.83564 -63.83564 -63.83564
 -62.56659 -62.56659 -62.56659 -62.56659 -62.56659
 -61.53082 -61.53082 -61.53082 -61.53082 -61.53082
 -60.68761 -60.68761 -60.68761 -60.68761 -60.68761
 -60.00460 -60.00460 -60.00460 -60.00460 -60.00460
 -59.45463 -59.45463 -59.45463 -59.45463 -59.45463
 -59.01441 -59.01441 -59.01441 -59.01441 -59.01441
 -58.66414 -58.66414 -58.66414 -58.66414 -58.66414
 -58.38718 -58.38718 -58.38718 -58.38718 -58.38718
 -58.16971 -58.16971 -58.16971 -58.16971 -58.16971
 -58.00036 -58.00036 -58.00036 -58.00036 -58.00036
 -57.86986 -57.86986 -57.86986 -57.86986 -57.86986
 -57.77066 -57.77066 -57.77066 -57.77066 -57.77066
 -57.69666 -57.69666 -57.69666 -57.69666 -57.69666
 -57.64293 -57.64293 -57.64293 -57.64293 -57.64293
 -57.60548 -57.60548 -57.60548 -57.60548 -57.60548
 -57.58111 -57.58111 -57.58111 -57.58111 -57.58111
 -57.56724 -57.56724 -57.56724 -57.56724 -57.56724
 -57.56181 -57.56181 -57.56181 -57.56181 -57.56181
 -57.56314 -57.56314 -57.56314 -57.56314 -57.56314
 -57.56990 -57.56990 -57.56990 -57.56990 -57.56990
 -57.58102 -57.58102 -57.58102 -57.58102 -57.58102
 -57.59563 -57.59563 -57.59563 -57.59563 -57.59563
 -57.61305 -57.61305 -57.61305 -57.61305 -57.61305
 -57.63271 -57.63271 -57.63271 -57.63271 -57.63271
 -57.65418 -57.65418 -57.65418 -57.65418 -57.65418
 -57.67709 -57.67709 -57.67709 -57.67709 -57.67709
 -57.70117 -57.70117 -57.70117 -57.70117 -57.70117
 -57.72617 -57.72617 -57.72617 -57.72617 -57.72617
 -57.75192 -57.75192 -57.75192 -57.75192 -57.75192
 -57.77827 -57.77827 -57.77827 -57.77827 -57.77827
 -57.80510 -57.80510 -57.80510 -57.80510 -57.80510
 -57.83231 -57.83231 -57.83231 -57.83231 -57.83231
 -57.85983 -57.85983 -57.85983 -57.85983 -57.85983
 -57.88760 -57.88760 -57.88760 -57.88760 -57.88760
 -57.91557 -57.91557 -57.91557 -57.91557 -57.91557
 -57.94369 -57.94369 -57.94369 -57.94369 -57.94369
 -57.97194 -57.97194 -57.97194 -57.97194 -57.97194
 -58.00030 -58.00030 -58.00030 -58.00030 -58.00030
 -58.02874 -58.02874 -58.02874 -58.02874 -58.02874
 -58.05724 -58.05724 -58.05724 -58.05724 -58.05724
================================================================================
 -74.00000 -74.00000 -74.00000 -74.00000 -74.00000
 -74.00000 -74.00000 -74.00000 -74.00000 -74.00000
 -71.16608 -71.16608 -71.16608 -71.16608 -71.16608
 -68.42845 -68.42845 -68.42845 -68.42845 -68.42845
 -66.23893 -66.23893 -66.23893 -66.23893 -66.23893
 -64.48893 -64.48893 -64.48893 -64.48893 -64.48893
 -63.09136 -63.09136 -63.09136 -63.09136 -63.09136
 -61.97639 -61.97639 -61.97639 -61.97639 -61.97639
 -61.08803 -61.08803 -61.08803 -61.08803 -61.08803
 -60.38139 -60.38139 -60.38139 -60.38139 -60.38139
 -59.82044 -59.82044 -59.82044 -59.82044 -59.82044
 -59.37620 -59.37620 -59.37620 -59.37620 -59.37620
 -59.02506 -59.02506 -59.02506 -59.02506 -59.02506
 -58.74704 -58.74704 -58.74704 -58.74704 -58.74704
 -58.52455 -58.52455 -58.52455 -58.52455 -58.52455
 -58.34212 -58.34212 -58.34212 -58.34212 -58.34212
 -58.18746 -58.18746 -58.18746 -58.18746 -58.18746
 -58.05279 -58.05279 -58.05279 -58.05279 -58.05279
 -57.93470 -57.93470 -57.93470 -57.93470 -57.93470
 -57.83257 -57.83257 -57.83257 -57.83257 -57.83257
 -57.74659 -57.74659 -57.74659 -57.74659 -57.74659
 -57.67657 -57.67657 -57.67657 -57.67657 -57.67657
 -57.62166 -57.62166 -57.62166 -57.62166 -57.62166
 -57.58044 -57.58044 -57.58044 -57.58044 -57.58044
 -57.55127 -57.55127 -57.55127 -57.55127 -57.55127
 -57.53242 -57.53242 -57.53242 -57.53242 -57.53242
 -57.52229 -57.52229 -57.52229 -57.52229 -57.52229
 -57.51940 -57.51940 -57.51940 -57.51940 -57.51940
 -57.52250 -57.52250 -57.52250 -57.52250 -57.52250
 -57.53050 -57.53050 -57.53050 -57.53050 -57.53050
 -57.54250 -57.54250 -57.54250 -57.54250 -57.54250
 -57.55775 -57.55775 -57.55775 -57.55775 -57.55775
 -57.57564 -57.57564 -57.57564 -57.57564 -57.57564
 -57.59565 -57.59565 -57.59565 -57.59565 -57.59565
 -57.61737 -57.61737 -57.61737 -57.61737 -57.61737
 -57.64048 -57.64048 -57.64048 -57.64048 -57.64048
 -57.66470 -57.66470 -57.66470 -57.66470 -57.66470
 -57.68982 -57.68982 -57.68982 -57.68982 -57.68982
 -57.71566 -57.71566 -57.71566 -57.71566 -57.71566
 -57.74208 -57.74208 -57.74208 -57.74208 -57.74208
 -57.76896 -57.76896 -57.76896 -57.76896 -57.76896
 -57.79621 -57.79621 -57.79621 -57.79621 -57.79621
 -57.82377 -57.82377 -57.82377 -57.82377 -57.82377
 -57.85156 -57.85156 -57.85156 -57.85156 -57.85156
 -57.87955 -57.87955 -57.87955 -57.87955 -57.87955
 -57.90769 -57.90769 -57.90769 -57.90769 -57.90769
 -57.93596 -57.93596 -57.93596 -57.93596 -57.93596
 -57.96433 -57.96433 -57.96433 -57.96433 -57.96433
 -57.99277 -57.99277 -57.99277 -57.99277 -57.99277
 -58.02128 -58.02128 -58.02128 -58.02128 -58.02128
================================================================================
 -74.00000 -74.00000 -74.00000 -74.00000 -74.00000
 -72.59952 -72.59952 -72.59952 -72.59952 -72.59952
 -69.52333 -69.52333 -69.52333 -69.52333 -69.52333
 -67.06234 -67.06234 -67.06234 -67.06234 -67.06234
 -65.09465 -65.09465 -65.09465 -65.09465 -65.09465
 -63.52252 -63.52252 -63.52252 -63.52252 -63.52252
 -62.26759 -62.26759 -62.26759 -62.26759 -62.26759
 -61.26699 -61.26699 -61.26699 -61.26699 -61.26699
 -60.47035 -60.47035 -60.47035 -60.47035 -60.47035
 -59.83725 -59.83725 -59.83725 -59.83725 -59.83725
 -59.33528 -59.33528 -59.33528 -59.33528 -59.33528
 -58.93847 -58.93847 -58.93847 -58.93847 -58.93847
 -58.62590 -58.62590 -58.62590 -58.62590 -58.62590
 -58.38062 -58.38062 -58.38062 -58.38062 -58.38062
 -58.18847 -58.18847 -58.18847 -58.18847 -58.18847
 -58.03718 -58.03718 -58.03718 -58.03718 -58.03718
 -57.91607 -57.91607 -57.91607 -57.91607 -57.91607
 -57.81643 -57.81643 -57.81643 -57.81643 -57.81643
 -57.73215 -57.73215 -57.73215 -57.73215 -57.73215
 -57.65983 -57.65983 -57.65983 -57.65983 -57.65983
 -57.59813 -57.59813 -57.59813 -57.59813 -57.59813
 -57.54675 -57.54675 -57.54675 -57.54675 -57.54675
 -57.50557 -57.50557 -57.50557 -57.50557 -57.50557
 -57.47424 -57.47424 -57.47424 -57.47424 -57.47424
 -57.45209 -57.45209 -57.45209 -57.45209 -57.45209
 -57.43821 -57.43821 -57.43821 -57.43821 -57.43821
 -57.43160 -57.43160 -57.43160 -57.43160 -57.43160
 -57.43123 -57.43123 -57.43123 -57.43123 -57.43123
 -57.43613 -57.43613 -57.43613 -57.43613 -57.43613
 -57.44545 -57.44545 -57.44545 -57.44545 -57.44545
 -57.45841 -57.45841 -57.45841 -57.45841 -57.45841
 -57.47438 -57.47438 -57.47438 -57.47438 -57.47438
 -57.49280 -57.49280 -57.49280 -57.49280 -57.49280
 -57.51321 -57.51321 -57.51321 -57.51321 -57.51321
 -57.53525 -57.53525 -57.53525 -57.53525 -57.53525
 -57.55860 -57.55860 -57.55860 -57.55860 -57.55860
 -57.58300 -57.58300 -57.58300 -57.58300 -57.58300
 -57.60826 -57.60826 -57.60826 -57.60826 -57.60826
 -57.63422 -57.63422 -57.63422 -57.63422 -57.63422
 -57.66072 -57.66072 -57.66072 -57.66072 -57.66072
 -57.68767 -57.68767 -57.68767 -57.68767 -57.68767
 -57.71498 -57.71498 -57.71498 -57.71498 -57.71498
 -57.74258 -57.74258 -57.74258 -57.74258 -57.74258
 -57.77041 -57.77041 -57.77041 -57.77041 -57.77041
 -57.79843 -57.79843 -57.79843 -57.79843 -57.79843
 -57.82659 -57.82659 -57.82659 -57.82659 -57.82659
 -57.85488 -57.85488 -57.85488 -57.85488 -57.85488
 -57.88326 -57.88326 -57.88326 -57.88326 -57.88326
 -57.91171 -57.91171 -57.91171 -57.91171 -57.91171
 -57.94023 -57.94023 -57.94023 -57.94023 -57.94023
================================================================================
 -73.76103 -73.76103 -73.76103 -73.76103 -73.76103
 -70.43394 -70.43394 -70.43394 -70.43394 -70.43394
 -67.77175 -67.77175 -67.77175 -67.77175 -67.77175
 -65.64272 -65.64272 -65.64272 -65.64272 -65.64272
 -63.94123 -63.94123 -63.94123 -63.94123 -63.94123
 -62.58255 -62.58255 -62.58255 -62.58255 -62.58255
 -61.49878 -61.49878 -61.49878 -61.49878 -61.49878
 -60.63543 -60.63543 -60.63543 -60.63543 -60.63543
 -59.94884 -59.94884 -59.94884 -59.94884 -59.94884
 -59.40399 -59.40399 -59.40399 -59.40399 -59.40399
 -58.97279 -58.97279 -58.97279 -58.97279 -58.97279
 -58.63273 -58.63273 -58.63273 -58.63273 -58.63273
 -58.36574 -58.36574 -58.36574 -58.36574 -58.36574
 -58.15732 -58.15732 -58.15732 -58.15732 -58.15732
 -57.99576 -57.99576 -57.99576 -57.99576 -57.99576
 -57.87148 -57.87148 -57.87148 -57.87148 -57.87148
 -57.77647 -57.77647 -57.77647 -57.77647 -57.77647
 -57.70404 -57.70404 -57.70404 -57.70404 -57.70404
 -57.64871 -57.64871 -57.64871 -57.64871 -57.64871
 -57.60633 -57.60633 -57.60633 -57.60633 -57.60633
 -57.57401 -57.57401 -57.57401 -57.57401 -57.57401
 -57.54990 -57.54990 -57.54990 -57.54990 -57.54990
 -57.53285 -57.53285 -57.53285 -57.53285 -57.53285
 -57.52212 -57.52212 -57.52212 -57.52212 -57.52212
 -57.51708 -57.51708 -57.51708 -57.51708 -57.51708
 -57.51719 -57.51719 -57.51719 -57.51719 -57.51719
 -57.52188 -57.52188 -57.52188 -57.52188 -57.52188
 -57.53058 -57.53058 -57.53058 -57.53058 -57.53058
 -57.54274 -57.54274 -57.54274 -57.54274 -57.54274
 -57.55784 -57.55784 -57.55784 -57.55784 -57.55784
 -57.57542 -57.57542 -57.57542 -57.57542 -57.57542
 -57.59506 -57.59506 -57.59506 -57.59506 -57.59506
 -57.61642 -57.61642 -57.61642 -57.61642 -57.61642
 -57.63917 -57.63917 -57.63917 -57.63917 -57.63917
 -57.66308 -57.66308 -57.66308 -57.66308 -57.66308
 -57.68792 -57.68792 -57.68792 -57.68792 -57.68792
 -57.71353 -57.71353 -57.71353 -57.71353 -57.71353
 -57.73974 -57.73974 -57.73974 -57.73974 -57.73974
 -57.76646 -57.76646 -57.76646 -57.76646 -57.76646
 -57.79358 -57.79358 -57.79358 -57.79358 -57.79358
 -57.82102 -57.82102 -57.82102 -57.82102 -57.82102
 -57.84873 -57.84873 -57.84873 -57.84873 -57.84873
 -57.87664 -57.87664 -57.87664 -57.87664 -57.87664
 -57.90472 -57.90472 -57.90472 -57.90472 -57.90472
 -57.93294 -57.93294 -57.93294 -57.93294 -57.93294
 -57.96127 -57.96127 -57.96127 -57.96127 -57.96127
 -57.98968 -57.98968 -57.98968 -57.98968 -57.98968
 -58.01816 -58.01816 -58.01816 -58.01816 -58.01816
 -58.04671 -58.04671 -58.04671 -58.04671 -58.04671
 -58.07529 -58.07529 -58.07529 -58.07529 -58.07529
================================================================================
 -74.00000 -74.00000 -74.00000 -74.00000 -74.00000
 -72.08091 -72.08091 -72.08091 -72.08091 -72.08091
 -69.07373 -69.07373 -69.07373 -69.07373 -69.07373
 -66.66806 -66.66806 -66.66806 -66.66806 -66.66806
 -64.74474 -64.74474 -64.74474 -64.74474 -64.74474
 -63.20819 -63.20819 -63.20819 -63.20819 -63.20819
 -61.98178 -61.98178 -61.98178 -61.98178 -61.98178
 -61.00406 -61.00406 -61.00406 -61.00406 -61.00406
 -60.22576 -60.22576 -60.22576 -60.22576 -60.22576
 -59.60737 -59.60737 -59.60737 -59.60737 -59.60737
 -59.11720 -59.11720 -59.11720 -59.11720 -59.11720
 -58.72984 -58.72984 -58.72984 -58.72984 -58.72984
 -58.42494 -58.42494 -58.42494 -58.42494 -58.42494
 -58.18611 -58.18611 -58.18611 -58.18611 -58.18611
 -58.00016 -58.00016 -58.00016 -58.00016 -58.00016
 -57.85625 -57.85625 -57.85625 -57.85625 -57.85625
 -57.74532 -57.74532 -57.74532 -57.74532 -57.74532
 -57.65969 -57.65969 -57.65969 -57.65969 -57.65969
 -57.59308 -57.59308 -57.59308 -57.59308 -57.59308
 -57.54072 -57.54072 -57.54072 -57.54072 -57.54072
 -57.49934 -57.49934 -57.49934 -57.49934 -57.49934
 -57.46694 -57.46694 -57.46694 -57.46694 -57.46694
 -57.44238 -57.44238 -57.44238 -57.44238 -57.44238
 -57.42494 -57.42494 -57.42494 -57.42494 -57.42494
 -57.41403 -57.41403 -57.41403 -57.41403 -57.41403
 -57.40908 -57.40908 -57.40908 -57.40908 -57.40908
 -57.40948 -57.40948 -57.40948 -57.40948 -57.40948
 -57.41459 -57.41459 -57.41459 -57.41459 -57.41459
 -57.42377 -57.42377 -57.42377 -57.42377 -57.42377
 -57.43642 -57.43642 -57.43642 -57.43642 -57.43642
 -57.45199 -57.45199 -57.45199 -57.45199 -57.45199
 -57.47000 -57.47000 -57.47000 -57.47000 -57.47000
 -57.49002 -57.49002 -57.49002 -57.49002 -57.49002
 -57.51170 -57.51170 -57.51170 -57.51170 -57.51170
 -57.53474 -57.53474 -57.53474 -57.53474 -57.53474
 -57.55888 -57.55888 -57.55888 -57.55888 -57.55888
 -57.58392 -57.58392 -57.58392 -57.58392 -57.58392
 -57.60968 -57.60968 -57.60968 -57.60968 -57.60968
 -57.63603 -57.63603 -57.63603 -57.63603 -57.63603
 -57.66286 -57.66286 -57.66286 -57.66286 -57.66286
 -57.69006 -57.69006 -57.69006 -57.69006 -57.69006
 -57.71758 -57.71758 -57.71758 -57.71758 -57.71758
 -57.74534 -57.74534 -57.74534 -57.74534 -57.74534
 -57.77330 -57.77330 -57.77330 -57.77330 -57.77330
 -57.80142 -57.80142 -57.80142 -57.80142 -57.80142
 -57.82967 -57.82967 -57.82967 -57.82967 -57.82967
 -57.85802 -57.85802 -57.85802 -57.85802 -57.85802
 -57.88645 -57.88645 -57.88645 -57.88645 -57.88645
 -57.91495 -57.91495 -57.91495 -57.91495 -57.91495
 -57.94350 -57.94350 -57.94350 -57.94350 -57.94350
================================================================================
 -74.00000 -74.00000 -74.00000 -74.00000 -74.00000
 -73.46622 -73.46622 -73.46622 -73.46622 -73.46622
 -70.18304 -70.18304 -70.18304 -70.18304 -70.18304
 -67.55606 -67.55606 -67.55606 -67.55606 -67.55606
 -65.45527 -65.45527 -65.45527 -65.45527 -65.45527
 -63.77642 -63.77642 -63.77642 -63.77642 -63.77642
 -62.43590 -62.43590 -62.43590 -62.43590 -62.43590
 -61.36669 -61.36669 -61.36669 -61.36669 -61.36669
 -60.51501 -60.51501 -60.51501 -60.51501 -60.51501
 -59.83779 -59.83779 -59.83779 -59.83779 -59.83779
 -59.30044 -59.30044 -59.30044 -59.30044 -59.30044
 -58.87526 -58.87526 -58.87526 -58.87526 -58.87526
 -58.54002 -58.54002 -58.54002 -58.54002 -58.54002
 -58.27690 -58.27690 -58.27690 -58.27690 -58.27690
 -58.07159 -58.07159 -58.07159 -58.07159 -58.07159
 -57.91254 -57.91254 -57.91254 -57.91254 -57.91254
 -57.79027 -57.79027 -57.79027 -57.79027 -57.79027
 -57.69684 -57.69684 -57.69684 -57.69684 -57.69684
 -57.62551 -57.62551 -57.62551 -57.62551 -57.62551
 -57.57074 -57.57074 -57.57074 -57.57074 -57.57074
 -57.52828 -57.52828 -57.52828 -57.52828 -57.52828
 -57.49525 -57.49525 -57.49525 -57.49525 -57.49525
 -57.46988 -57.46988 -57.46988 -57.46988 -57.46988
 -57.45121 -57.45121 -57.45121 -57.45121 -57.45121
 -57.43866 -57.43866 -57.43866 -57.43866 -57.43866
 -57.43178 -57.43178 -57.43178 -57.43178 -57.43178
 -57.43014 -57.43014 -57.43014 -57.43014 -57.43014
 -57.43322 -57.43322 -57.43322 -57.43322 -57.43322
 -57.44050 -57.44050 -57.44050 -57.44050 -57.44050
 -57.45143 -57.45143 -57.45143 -57.45143 -57.45143
 -57.46549 -57.46549 -57.46549 -57.46549 -57.46549
 -57.48220 -57.48220 -57.48220 -57.48220 -57.48220
 -57.50112 -57.50112 -57.50112 -57.50112 -57.50112
 -57.52188 -57.52188 -57.52188 -57.52188 -57.52188
 -57.54415 -57.54415 -57.54415 -57.54415 -57.54415
 -57.56766 -57.56766 -57.56766 -57.56766 -57.56766
 -57.59218 -57.59218 -57.59218 -57.59218 -57.59218
 -57.61752 -57.61752 -57.61752 -57.61752 -57.61752
 -57.64353 -57.64353 -57.64353 -57.64353 -57.64353
 -57.67007 -57.67007 -57.67007 -57.67007 -57.67007
 -57.69705 -57.69705 -57.69705 -57.69705 -57.69705
 -57.72439 -57.72439 -57.72439 -57.72439 -57.72439
 -57.75200 -57.75200 -57.75200 -57.75200 -57.75200
 -57.77984 -57.77984 -57.77984 -57.77984 -57.77984
 -57.80787 -57.80787 -57.80787 -57.80787 -57.80787
 -57.83604 -57.83604 -57.83604 -57.83604 -57.83604
 -57.86433 -57.86433 -57.86433 -57.86433 -57.86433
 -57.89271 -57.89271 -57.89271 -57.89271 -57.89271
 -57.92117 -57.92117 -57.92117 -57.92117 -57.92117
 -57.94969 -57.94969 -57.94969 -57.94969 -57.94969
================================================================================
 -74.00000 -74.00000 -74.00000 -74.00000 -74.00000
 -71.04583 -71.04583 -71.04583 -71.04583 -71.04583
 -68.24564 -68.24564 -68.24564 -68.24564 -68.24564
 -66.00596 -66.00596 -66.00596 -66.00596 -66.00596
 -64.21574 -64.21574 -64.21574 -64.21574 -64.21574
 -62.78591 -62.78591 -62.78591 -62.78591 -62.78591
 -61.64508 -61.64508 -61.64508 -61.64508 -61.64508
 -60.73599 -60.73599 -60.73599 -60.73599 -60.73599
 -60.01272 -60.01272 -60.01272 -60.01272 -60.01272
 -59.43845 -59.43845 -59.43845 -59.43845 -59.43845
 -58.98366 -58.98366 -58.98366 -58.98366 -58.98366
 -58.62468 -58.62468 -58.62468 -58.62468 -58.62468
 -58.34253 -58.34253 -58.34253 -58.34253 -58.34253
 -58.12198 -58.12198 -58.12198 -58.12198 -58.12198
 -57.95082 -57.95082 -57.95082 -57.95082 -57.95082
 -57.81925 -57.81925 -57.81925 -57.81925 -57.81925
 -57.71931 -57.71931 -57.71931 -57.71931 -57.71931
 -57.64440 -57.64440 -57.64440 -57.64440 -57.64440
 -57.58885 -57.58885 -57.58885 -57.58885 -57.58885
 -57.54776 -57.54776 -57.54776 -57.54776 -57.54776
 -57.51703 -57.51703 -57.51703 -57.51703 -57.51703
 -57.49366 -57.49366 -57.49366 -57.49366 -57.49366
 -57.47573 -57.47573 -57.47573 -57.47573 -57.47573
 -57.46234 -57.46234 -57.46234 -57.46234 -57.46234
 -57.45317 -57.45317 -57.45317 -57.45317 -57.45317
 -57.44817 -57.44817 -57.44817 -57.44817 -57.44817
 -57.44732 -57.44732 -57.44732 -57.44732 -57.44732
 -57.45049 -57.45049 -57.45049 -57.45049 -57.45049
 -57.45743 -57.45743 -57.45743 -57.45743 -57.45743
 -57.46779 -57.46779 -57.46779 -57.46779 -57.46779
 -57.48120 -57.48120 -57.48120 -57.48120 -57.48120
 -57.49725 -57.49725 -57.49725 -57.49725 -57.49725
 -57.51555 -57.51555 -57.51555 -57.51555 -57.51555
 -57.53575 -57.53575 -57.53575 -57.53575 -57.53575
 -57.55754 -57.55754 -57.55754 -57.55754 -57.55754
 -57.58063 -57.58063 -57.58063 -57.58063 -57.58063
 -57.60480 -57.60480 -57.60480 -57.60480 -57.60480
 -57.62985 -57.62985 -57.62985 -57.62985 -57.62985
 -57.65562 -57.65562 -57.65562 -57.65562 -57.65562
 -57.68196 -57.68196 -57.68196 -57.68196 -57.68196
 -57.70878 -57.70878 -57.70878 -57.70878 -57.70878
 -57.73598 -57.73598 -57.73598 -57.73598 -57.73598
 -57.76349 -57.76349 -57.76349 -57.76349 -57.76349
 -57.79125 -57.79125 -57.79125 -57.79125 -57.79125
 -57.81920 -57.81920 -57.81920 -57.81920 -57.81920
 -57.84732 -57.84732 -57.84732 -57.84732 -57.84732
 -57.87556 -57.87556 -57.87556 -57.87556 -57.87556
 -57.90391 -57.90391 -57.90391 -57.90391 -57.90391
 -57.93234 -57.93234 -57.93234 -57.93234 -57.93234
 -57.96084 -57.96084 -57.96084 -57.96084 -57.96084
================================================================================
 -67.55808 -67.55808 -67.55808 -67.55808 -67.55808
 -65.47868 -65.47868 -65.47868 -65.47868 -65.47868
 -63.81697 -63.81697 -63.81697 -63.81697 -63.81697
 -62.49021 -62.49021 -62.49021 -62.49021 -62.49021
 -61.43201 -61.43201 -61.43201 -61.43201 -61.43201
 -60.58918 -60.58918 -60.58918 -60.58918 -60.58918
 -59.91905 -59.91905 -59.91905 -59.91905 -59.91905
 -59.38739 -59.38739 -59.38739 -59.38739 -59.38739
 -58.96676 -58.96676 -58.96676 -58.96676 -58.96676
 -58.63518 -58.63518 -58.63518 -58.63518 -58.63518
 -58.37500 -58.37500 -58.37500 -58.37500 -58.37500
 -58.17206 -58.17206 -58.17206 -58.17206 -58.17206
 -58.01503 -58.01503 -58.01503 -58.01503 -58.01503
 -57.89482 -57.89482 -57.89482 -57.89482 -57.89482
 -57.80412 -57.80412 -57.80412 -57.80412 -57.80412
 -57.73710 -57.73710 -57.73710 -57.73710 -57.73710
 -57.68904 -57.68904 -57.68904 -57.68904 -57.68904
 -57.65614 -57.65614 -57.65614 -57.65614 -57.65614
 -57.63530 -57.63530 -57.63530 -57.63530 -57.63530
 -57.62392 -57.62392 -57.62392 -57.62392 -57.62392
 -57.61983 -57.61983 -57.61983 -57.61983 -57.61983
 -57.62130 -57.62130 -57.62130 -57.62130 -57.62130
 -57.62699 -57.62699 -57.62699 -57.62699 -57.62699
 -57.63598 -57.63598 -57.63598 -57.63598 -57.63598
 -57.64765 -57.64765 -57.64765 -57.64765 -57.64765
 -57.66159 -57.66159 -57.66159 -57.66159 -57.66159
 -57.67755 -57.67755 -57.67755 -57.67755 -57.67755
 -57.69532 -57.69532 -57.69532 -57.69532 -57.69532
 -57.71473 -57.71473 -57.71473 -57.71473 -57.71473
 -57.73559 -57.73559 -57.73559 -57.73559 -57.73559
 -57.75773 -57.75773 -57.75773 -57.75773 -57.75773
 -57.78099 -57.78099 -57.78099 -57.78099 -57.78099
 -57.80521 -57.80521 -57.80521 -57.80521 -57.80521
 -57.83024 -57.83024 -57.83024 -57.83024 -57.83024
 -57.85594 -57.85594 -57.85594 -57.85594 -57.85594
 -57.88222 -57.88222 -57.88222 -57.88222 -57.88222
 -57.90896 -57.90896 -57.90896 -57.90896 -57.90896
 -57.93609 -57.93609 -57.93609 -57.93609 -57.93609
 -57.96353 -57.96353 -57.96353 -57.96353 -57.96353
 -57.99122 -57.99122 -57.99122 -57.99122 -57.99122
 -58.01913 -58.01913 -58.01913 -58.01913 -58.01913
 -58.04720 -58.04720 -58.04720 -58.04720 -58.04720
 -58.07541 -58.07541 -58.07541 -58.07541 -58.07541
 -58.10372 -58.10372 -58.10372 -58.10372 -58.10372
 -58.13213 -58.13213 -58.13213 -58.13213 -58.13213
 -58.16061 -58.16061 -58.16061 -58.16061 -58.16061
 -58.18914 -58.18914 -58.18914 -58.18914 -58.18914
 -58.21773 -58.21773 -58.21773 -58.21773 -58.21773
 -58.24634 -58.24634 -58.24634 -58.24634 -58.24634
 -58.27499 -58.27499 -58.27499 -58.27499 -58.27499
================================================================================
 -74.00000 -74.00000 -74.00000 -74.00000 -74.00000
 -74.00000 -74.00000 -74.00000 -74.00000 -74.00000
 -74.00000 -74.00000 -74.00000 -74.00000 -74.00000
 -74.00000 -74.00000 -74.00000 -74.00000 -74.00000
 -74.00000 -74.00000 -74.00000 -74.00000 -74.00000
 -74.00000 -74.00000 -74.00000 -74.00000 -74.00000
 -74.00000 -74.00000 -74.00000 -74.00000 -74.00000
 -74.00000 -74.00000 -74.00000 -74.00000 -74.00000
 -74.00000 -74.00000 -74.00000 -74.00000 -74.00000
 -74.00000 -74.00000 -74.00000 -74.00000 -74.00000
 -74.00000 -74.00000 -74.00000 -74.00000 -74.00000
 -74.00000 -74.00000 -74.00000 -74.00000 -74.00000
 -74.00000 -74.00000 -74.00000 -74.00000 -74.00000
 -74.00000 -74.00000 -74.00000 -74.00000 -74.00000
 -62.26371 -62.26371 -62.26371 -62.26371 -62.26371
 -55.00791 -55.00791 -55.00791 -55.00791 -55.00791
 -49.19509 -49.19509 -49.19509 -49.19509 -49.19509
 -44.53914 -44.53914 -44.53914 -44.53914 -44.53914
 -40.81069 -40.81069 -40.81069 -40.81069 -40.81069
 -37.82584 -37.82584 -37.82584 -37.82584 -37.82584
 -35.43726 -35.43726 -35.43726 -35.43726 -35.43726
 -33.52685 -33.52685 -33.52685 -33.52685 -33.52685
 -31.99999 -31.99999 -31.99999 -31.99999 -31.99999
 -30.78080 -30.78080 -30.78080 -30.78080 -30.78080
 -29.80844 -29.80844 -29.80844 -29.80844 -29.80844
 -29.03413 -29.03413 -29.03413 -29.03413 -29.03413
 -28.41871 -28.41871 -28.41871 -28.41871 -28.41871
 -27.93076 -27.93076 -27.93076 -27.93076 -27.93076
 -27.54507 -27.54507 -27.54507 -27.54507 -27.54507
 -27.24143 -27.24143 -27.24143 -27.24143 -27.24143
 -27.00360 -27.00360 -27.00360 -27.00360 -27.00360
 -26.81856 -26.81856 -26.81856 -26.81856 -26.81856
 -26.67585 -26.67585 -26.67585 -26.67585 -26.67585
 -26.56711 -26.56711 -26.56711 -26.56711 -26.56711
 -26.48560 -26.48560 -26.48560 -26.48560 -26.48560
 -26.42594 -26.42594 -26.42594 -26.42594 -26.42594
 -26.38379 -26.38379 -26.38379 -26.38379 -26.38379
 -26.35569 -26.35569 -26.35569 -26.35569 -26.35569
 -26.33886 -26.33886 -26.33886 -26.33886 -26.33886
 -26.33106 -26.33106 -26.33106 -26.33106 -26.33106
 -26.33051 -26.33051 -26.33051 -26.33051 -26.33051
 -26.33576 -26.33576 -26.33576 -26.33576 -26.33576
 -26.34567 -26.34567 -26.34567 -26.34567 -26.34567
 -26.35932 -26.35932 -26.35932 -26.35932 -26.35932
 -26.37597 -26.37597 -26.37597 -26.37597 -26.37597
 -26.39502 -26.39502 -26.39502 -26.39502 -26.39502
 -26.41599 -26.41599 -26.41599 -26.41599 -26.41599
 -26.43851 -26.43851 -26.43851 -26.43851 -26.43851
 -26.46226 -26.46226 -26.46226 -26.46226 -26.46226
 -26.48701 -26.48701 -26.48701 -26.48701 -26.48701
================================================================================
 -74.00000 -74.00000 -74.00000 -74.00000 -74.00000
 -74.00000 -74.00000 -74.00000 -74.00000 -74.00000
 -74.00000 -74.00000 -74.00000 -74.00000 -74.00000
 -74.00000 -74.00000 -74.00000 -74.00000 -74.00000
 -74.00000 -74.00000 -74.00000 -74.00000 -74.00000
 -74.00000 -74.00000 -74.00000 -74.00000 -74.00000
 -74.00000 -74.00000 -74.00000 -74.00000 -74.00000
 -74.00000 -74.00000 -74.00000 -74.00000 -74.00000
 -74.00000 -74.00000 -74.00000 -74.00000 -74.00000
 -74.00000 -74.00000 -74.00000 -74.00000 -74.00000
 -74.00000 -74.00000 -74.00000 -74.00000 -74.00000
 -74.00000 -74.00000 -74.00000 -74.00000 -74.00000
 -74.00000 -74.00000 -74.00000 -74.00000 -74.00000
 -74.00000 -74.00000 -74.00000 -74.00000 -74.00000
 -65.44125 -65.44125 -65.44125 -65.44125 -65.44125
 -57.63438 -57.63438 -57.63438 -57.63438 -57.63438
 -51.38000 -51.38000 -51.38000 -51.38000 -51.38000
 -46.37049 -46.37049 -46.37049 -46.37049 -46.37049
 -42.35910 -42.35910 -42.35910 -42.35910 -42.35910
 -39.14777 -39.14777 -39.14777 -39.14777 -39.14777
 -36.57740 -36.57740 -36.57740 -36.57740 -36.57740
 -34.52009 -34.52009 -34.52009 -34.52009 -34.52009
 -32.87318 -32.87318 -32.87318 -32.87318 -32.87318
 -31.55459 -31.55459 -31.55459 -31.55459 -31.55459
 -30.49891 -30.49891 -30.49891 -30.49891 -30.49891
 -29.65418 -29.65418 -29.65418 -29.65418 -29.65418
 -28.97908 -28.97908 -28.97908 -28.97908 -28.97908
 -28.44064 -28.44064 -28.44064 -28.44064 -28.44064
 -28.01243 -28.01243 -28.01243 -28.01243 -28.01243
 -27.67319 -27.67319 -27.67319 -27.67319 -27.67319
 -27.40574 -27.40574 -27.40574 -27.40574 -27.40574
 -27.19621 -27.19621 -27.19621 -27.19621 -27.19621
 -27.03337 -27.03337 -27.03337 -27.03337 -27.03337
 -26.90814 -26.90814 -26.90814 -26.90814 -26.90814
 -26.81319 -26.81319 -26.81319 -26.81319 -26.81319
 -26.74259 -26.74259 -26.74259 -26.74259 -26.74259
 -26.69159 -26.69159 -26.69159 -26.69159 -26.69159
 -26.65632 -26.65632 -26.65632 -26.65632 -26.65632
 -26.63370 -26.63370 -26.63370 -26.63370 -26.63370
 -26.62123 -26.62123 -26.62123 -26.62123 -26.62123
 -26.61691 -26.61691 -26.61691 -26.61691 -26.61691
 -26.61914 -26.61914 -26.61914 -26.61914 -26.61914
 -26.62662 -26.62662 -26.62662 -26.62662 -26.62662
 -26.63831 -26.63831 -26.63831 -26.63831 -26.63831
 -26.65338 -26.65338 -26.65338 -26.65338 -26.65338
 -26.67117 -26.67117 -26.67117 -26.67117 -26.67117
 -26.69113 -26.69113 -26.69113 -26.69113 -26.69113
 -26.71283 -26.71283 -26.71283 -26.71283 -26.71283
 -26.73593 -26.73593 -26.73593 -26.73593 -26.73593
 -26.76016 -26.76016 -26.76016 -26.76016 -26.76016
