   10    5   35    1   10F: Be 50. Si3N4 0.055 Si 0.7 A:Si 3. 200. 380.
******************************************
  11.00000  12.00000  13.00000  14.00000  15.00000
   0.00000   0.14613   0.29447   0.44091   0.58771   0.73560   0.88252   1.02938
   1.17609   1.32428   1.47129   1.61805   1.76492   1.91169   2.06070   2.20683
   2.35218   2.49969   2.64738   2.79379   2.94101   3.08991   3.23553   3.38202
   3.52892   3.67669   3.82347   3.97081   4.11727   4.26482   4.41162   4.55871
   4.70586   4.85309   5.00000
**** 0**************************************
 -65.14516 -65.14467 -65.14117 -65.12811 -65.13152
 -63.04177 -63.04169 -63.03588 -63.01452 -63.02125
 -61.52277 -61.52390 -61.51382 -61.48745 -61.49354
 -60.42460 -60.42221 -60.41145 -60.38153 -60.38944
 -59.63110 -59.62816 -59.61552 -59.58287 -59.58871
 -59.06217 -59.05991 -59.04542 -59.01331 -59.01963
 -58.65302 -58.64957 -58.63326 -58.60261 -58.61306
 -58.36389 -58.36243 -58.34640 -58.31514 -58.33291
 -58.16304 -58.16218 -58.14785 -58.11748 -58.14453
 -58.03221 -58.03020 -58.01681 -57.98953 -58.02558
 -57.94088 -57.93892 -57.92853 -57.90080 -57.94576
 -57.86797 -57.86678 -57.85649 -57.83065 -57.88179
 -57.87899 -57.87821 -57.86917 -57.84332 -57.89188
 -57.91437 -57.91333 -57.90578 -57.87971 -57.92339
 -57.96019 -57.95939 -57.95253 -57.92672 -57.96419
 -58.01448 -58.01416 -58.00780 -57.98190 -58.01240
 -58.07447 -58.07325 -58.06873 -58.04402 -58.06550
 -58.13753 -58.13657 -58.13221 -58.10980 -58.12458
 -58.20487 -58.20420 -58.20041 -58.17832 -58.18647
 -58.27211 -58.27144 -58.26837 -58.24799 -58.25046
 -58.34297 -58.34249 -58.34068 -58.32111 -58.31812
 -58.41264 -58.41436 -58.41190 -58.39465 -58.38577
 -58.48598 -58.48546 -58.48416 -58.46886 -58.45468
 -58.55714 -58.55680 -58.55651 -58.54375 -58.52541
 -58.62935 -58.62905 -58.62989 -58.61745 -58.59716
 -58.70346 -58.70322 -58.70211 -58.69167 -58.66908
 -58.77646 -58.77625 -58.77534 -58.76641 -58.74250
 -58.84908 -58.84951 -58.84837 -58.84094 -58.81639
 -58.92287 -58.92272 -58.92199 -58.91505 -58.88996
 -58.99616 -58.99527 -58.99497 -58.98970 -58.96516
 -59.06948 -59.06932 -59.06839 -59.06436 -59.04002
 -59.14270 -59.14253 -59.14156 -59.13783 -59.11587
 -59.21726 -59.21722 -59.21637 -59.21207 -59.19053
 -59.28880 -59.28875 -59.28992 -59.28701 -59.26723
 -59.36268 -59.36267 -59.36415 -59.36107 -59.34317
**** 1**************************************
 -68.82140 -68.82112 -68.81935 -68.81155 -68.83641
 -65.50417 -65.50388 -65.49813 -65.46623 -65.48640
 -63.13522 -63.13382 -63.12009 -63.06816 -63.10353
 -61.43474 -61.43257 -61.41494 -61.35471 -61.40033
 -60.21369 -60.21087 -60.18553 -60.13009 -60.17560
 -59.33816 -59.33493 -59.30649 -59.25848 -59.29797
 -58.71702 -58.71371 -58.68578 -58.64344 -58.67610
 -58.28416 -58.28093 -58.25423 -58.21558 -58.24421
 -57.98495 -57.98190 -57.95647 -57.92266 -57.94739
 -57.78223 -57.77976 -57.75840 -57.72900 -57.75091
 -57.65063 -57.64824 -57.63048 -57.60306 -57.62422
 -57.56903 -57.56703 -57.55237 -57.52721 -57.54612
 -57.52219 -57.52095 -57.50823 -57.48449 -57.50256
 -57.50094 -57.50002 -57.48883 -57.46740 -57.48360
 -57.49799 -57.49679 -57.48864 -57.46659 -57.48282
 -57.50051 -57.49949 -57.49226 -57.47246 -57.48573
 -57.51798 -57.51699 -57.51060 -57.49154 -57.50456
 -57.53746 -57.53674 -57.53116 -57.51302 -57.52459
 -57.58781 -57.58726 -57.58259 -57.56377 -57.57524
 -57.65245 -57.65194 -57.64835 -57.62901 -57.63915
 -57.71985 -57.71933 -57.71638 -57.69758 -57.70536
 -57.78924 -57.78886 -57.78596 -57.76753 -57.77319
 -57.86027 -57.85997 -57.85665 -57.83948 -57.84292
 -57.93010 -57.92984 -57.92961 -57.91316 -57.91379
 -58.00221 -58.00198 -57.99976 -57.98759 -57.98493
 -58.07583 -58.07566 -58.07360 -58.06152 -58.05670
 -58.14796 -58.14781 -58.14623 -58.13600 -58.12690
 -58.22038 -58.22022 -58.21916 -58.20985 -58.19981
 -58.29458 -58.29445 -58.29332 -58.28413 -58.27184
 -58.36739 -58.36720 -58.36623 -58.35936 -58.34415
 -58.44038 -58.44028 -58.43983 -58.43432 -58.41672
 -58.51377 -58.51372 -58.51298 -58.50829 -58.49020
 -58.58746 -58.58736 -58.58688 -58.58299 -58.56426
 -58.66109 -58.66104 -58.66060 -58.65619 -58.63774
 -58.73478 -58.73475 -58.73426 -58.73085 -58.71221
**** 2**************************************
 -63.65529 -64.65477 -65.65045 -66.60946 -67.33333
 -63.15880 -64.01990 -64.44734 -64.52743 -64.54075
 -62.23423 -62.36112 -62.37613 -62.37766 -62.38091
 -60.85688 -60.86630 -60.86726 -60.86831 -60.87120
 -59.80714 -59.80854 -59.80868 -59.80869 -59.81120
 -59.05831 -59.05867 -59.05871 -59.05868 -59.06157
 -58.50888 -58.50942 -58.50941 -58.50941 -58.51080
 -58.09376 -58.09387 -58.09384 -58.09369 -58.09472
 -57.77730 -57.77733 -57.77761 -57.77700 -57.77790
 -57.54422 -57.54426 -57.54432 -57.54442 -57.54448
 -57.37891 -57.37892 -57.37890 -57.37855 -57.37873
 -57.26639 -57.26663 -57.26677 -57.26712 -57.26700
 -57.19475 -57.19491 -57.19516 -57.19494 -57.19556
 -57.14940 -57.14944 -57.14942 -57.14985 -57.15018
 -57.12492 -57.12474 -57.12455 -57.12497 -57.12539
 -57.11575 -57.11551 -57.11585 -57.11553 -57.11664
 -57.12177 -57.12155 -57.12178 -57.12163 -57.12241
 -57.12720 -57.12754 -57.12776 -57.12715 -57.12892
 -57.15231 -57.15194 -57.15224 -57.15223 -57.15333
 -57.21344 -57.21301 -57.21331 -57.21334 -57.21415
 -57.27844 -57.27827 -57.27862 -57.27838 -57.27927
 -57.34536 -57.34570 -57.34575 -57.34514 -57.34581
 -57.41533 -57.41464 -57.41472 -57.41534 -57.41559
 -57.48496 -57.48560 -57.48570 -57.48510 -57.48560
 -57.55571 -57.55647 -57.55615 -57.55630 -57.55666
 -57.62829 -57.62819 -57.62792 -57.62798 -57.62854
 -57.70076 -57.70092 -57.70052 -57.70062 -57.70134
 -57.77357 -57.77337 -57.77329 -57.77313 -57.77380
 -57.84622 -57.84624 -57.84638 -57.84646 -57.84649
 -57.91928 -57.91930 -57.91943 -57.91930 -57.91946
 -57.99244 -57.99237 -57.99291 -57.99237 -57.99282
 -58.06578 -58.06612 -58.06571 -58.06591 -58.06619
 -58.13928 -58.13930 -58.13925 -58.13902 -58.13986
 -58.21273 -58.21270 -58.21272 -58.21264 -58.21263
 -58.28633 -58.28560 -58.28633 -58.28647 -58.28615
**** 3**************************************
 -64.09375 -65.07601 -65.92977 -66.34331 -66.42800
 -63.04737 -63.55362 -63.66257 -63.67564 -63.68314
 -61.70022 -61.76178 -61.76844 -61.76981 -61.77551
 -60.45538 -60.46365 -60.46449 -60.46461 -60.46812
 -59.56392 -59.56578 -59.56597 -59.56642 -59.56919
 -58.93029 -58.93089 -58.93095 -58.93197 -58.93422
 -58.47031 -58.47052 -58.47054 -58.47089 -58.47301
 -58.12556 -58.12566 -58.12568 -58.12565 -58.12729
 -57.85456 -57.85448 -57.85449 -57.85534 -57.85610
 -57.63376 -57.63380 -57.63372 -57.63361 -57.63429
 -57.46153 -57.46167 -57.46150 -57.46126 -57.46281
 -57.33320 -57.33308 -57.33302 -57.33330 -57.33443
 -57.24399 -57.24353 -57.24359 -57.24389 -57.24474
 -57.18546 -57.18538 -57.18551 -57.18584 -57.18685
 -57.15132 -57.15074 -57.15075 -57.15127 -57.15233
 -57.13374 -57.13340 -57.13347 -57.13395 -57.13506
 -57.12875 -57.12862 -57.12863 -57.12870 -57.13001
 -57.13315 -57.13325 -57.13342 -57.13334 -57.13431
 -57.14868 -57.14858 -57.14815 -57.14850 -57.14984
 -57.16056 -57.15939 -57.16007 -57.16030 -57.16086
 -57.18274 -57.18253 -57.18308 -57.18292 -57.18360
 -57.20728 -57.20659 -57.20615 -57.20639 -57.20713
 -57.25781 -57.25771 -57.25673 -57.25783 -57.25815
 -57.32721 -57.32717 -57.32711 -57.32710 -57.32764
 -57.39824 -57.39794 -57.39771 -57.39774 -57.39840
 -57.46915 -57.46860 -57.46953 -57.46919 -57.46954
 -57.54231 -57.54155 -57.54112 -57.54150 -57.54170
 -57.61460 -57.61367 -57.61391 -57.61363 -57.61436
 -57.68761 -57.68691 -57.68662 -57.68650 -57.68694
 -57.76053 -57.75946 -57.75953 -57.75968 -57.75985
 -57.83390 -57.83263 -57.83250 -57.83256 -57.83296
 -57.90690 -57.90581 -57.90589 -57.90629 -57.90606
 -57.98064 -57.97987 -57.97900 -57.97917 -57.97990
 -58.05455 -58.05287 -58.05263 -58.05250 -58.05303
 -58.12823 -58.12626 -58.12579 -58.12626 -58.12662
**** 4**************************************
 -62.66658 -63.10718 -63.97286 -64.93112 -65.73495
 -61.37957 -61.77821 -62.57842 -63.24071 -63.45860
 -60.47096 -60.79969 -61.35409 -61.57950 -61.62234
 -59.77943 -59.98614 -60.23904 -60.30126 -60.31731
 -59.18125 -59.27327 -59.36985 -59.39180 -59.39944
 -58.66400 -58.70320 -58.74246 -58.75152 -58.75632
 -58.25013 -58.27164 -58.29341 -58.29834 -58.30095
 -57.93701 -57.95261 -57.96992 -57.97387 -57.97655
 -57.70017 -57.71419 -57.73087 -57.73507 -57.73699
 -57.52193 -57.53458 -57.55016 -57.55413 -57.55643
 -57.38143 -57.39301 -57.40817 -57.41229 -57.41540
 -57.27397 -57.28338 -57.30019 -57.30501 -57.30742
 -57.19557 -57.20447 -57.22129 -57.22694 -57.22961
 -57.14363 -57.15145 -57.16831 -57.17504 -57.17768
 -57.11182 -57.11807 -57.13560 -57.14349 -57.14614
 -57.09486 -57.09988 -57.11591 -57.12614 -57.12973
 -57.08702 -57.08979 -57.10482 -57.11679 -57.12142
 -57.08776 -57.08977 -57.10124 -57.11623 -57.12149
 -57.09586 -57.09675 -57.10613 -57.12250 -57.12879
 -57.11657 -57.11851 -57.12478 -57.14224 -57.14970
 -57.13419 -57.13433 -57.13912 -57.15644 -57.16547
 -57.16528 -57.16542 -57.16891 -57.18308 -57.19494
 -57.23228 -57.23246 -57.23477 -57.24752 -57.26111
 -57.30076 -57.30076 -57.30278 -57.31589 -57.32945
 -57.37073 -57.37096 -57.37280 -57.38410 -57.39926
 -57.44138 -57.44147 -57.44287 -57.45396 -57.46893
 -57.51312 -57.51311 -57.51477 -57.52465 -57.54015
 -57.58533 -57.58534 -57.58701 -57.59527 -57.61129
 -57.65808 -57.65807 -57.65937 -57.66684 -57.68345
 -57.73094 -57.73117 -57.73196 -57.73905 -57.75518
 -57.80442 -57.80441 -57.80462 -57.81085 -57.82698
 -57.87702 -57.87735 -57.87791 -57.88338 -57.89913
 -57.95055 -57.95059 -57.95073 -57.95593 -57.97165
 -58.02388 -58.02393 -58.02401 -58.02856 -58.04370
 -58.09707 -58.09712 -58.09742 -58.10083 -58.11579
**** 5**************************************
 -62.95214 -63.18322 -63.88981 -64.83160 -65.70894
 -61.46920 -61.66984 -62.32767 -63.11841 -63.51522
 -60.43798 -60.60024 -61.13023 -61.57126 -61.68182
 -59.69886 -59.80723 -60.13392 -60.31561 -60.35324
 -59.09961 -59.16468 -59.32666 -59.39660 -59.41359
 -58.59671 -58.63321 -58.71708 -58.74948 -58.75834
 -58.19068 -58.21675 -58.27506 -58.29757 -58.30264
 -57.88380 -57.90811 -57.96153 -57.98017 -57.98597
 -57.66891 -57.69125 -57.74223 -57.76116 -57.76550
 -57.51280 -57.53413 -57.58383 -57.60179 -57.60665
 -57.39879 -57.41685 -57.45976 -57.47773 -57.48187
 -57.30478 -57.31910 -57.35614 -57.37213 -57.37530
 -57.22749 -57.23789 -57.26799 -57.28258 -57.28514
 -57.16748 -57.17503 -57.19960 -57.21226 -57.21517
 -57.12305 -57.12837 -57.14785 -57.16000 -57.16267
 -57.09239 -57.09547 -57.11027 -57.12150 -57.12401
 -57.08188 -57.08375 -57.09561 -57.10605 -57.10860
 -57.07630 -57.07796 -57.08534 -57.09546 -57.09860
 -57.08881 -57.08938 -57.09607 -57.10489 -57.10703
 -57.10010 -57.10069 -57.10417 -57.11198 -57.11429
 -57.13072 -57.13062 -57.13385 -57.13983 -57.14328
 -57.15699 -57.15779 -57.15941 -57.16444 -57.16718
 -57.18409 -57.18472 -57.18620 -57.18935 -57.19211
 -57.22224 -57.22256 -57.22359 -57.22685 -57.22921
 -57.26412 -57.26454 -57.26415 -57.26757 -57.27025
 -57.33586 -57.33527 -57.33552 -57.33792 -57.33987
 -57.40616 -57.40671 -57.40715 -57.40939 -57.41113
 -57.47840 -57.47835 -57.47915 -57.48092 -57.48382
 -57.55140 -57.55124 -57.55234 -57.55370 -57.55607
 -57.62317 -57.62332 -57.62405 -57.62556 -57.62828
 -57.69654 -57.69712 -57.69703 -57.69913 -57.70129
 -57.77072 -57.77040 -57.77018 -57.77182 -57.77440
 -57.84324 -57.84332 -57.84351 -57.84459 -57.84761
 -57.91632 -57.91635 -57.91629 -57.91783 -57.92059
 -57.99011 -57.99010 -57.99048 -57.99125 -57.99404
**** 6**************************************
 -63.69806 -63.78529 -64.23167 -65.10138 -66.07755
 -62.00822 -62.08597 -62.50636 -63.33810 -64.12619
 -60.79497 -60.86498 -61.24365 -61.87272 -62.16182
 -59.91375 -59.96791 -60.22978 -60.51255 -60.58086
 -59.20214 -59.23396 -59.36490 -59.45758 -59.47628
 -58.61714 -58.63697 -58.70319 -58.73838 -58.74620
 -58.16468 -58.18549 -58.24196 -58.26487 -58.27009
 -57.83803 -57.86520 -57.92644 -57.95240 -57.95737
 -57.61515 -57.64825 -57.71889 -57.74675 -57.75162
 -57.46824 -57.50372 -57.58095 -57.60958 -57.61521
 -57.37543 -57.40599 -57.48538 -57.51279 -57.51881
 -57.30554 -57.33901 -57.40774 -57.43323 -57.43821
 -57.25057 -57.27749 -57.33481 -57.35724 -57.36178
 -57.20335 -57.22274 -57.27220 -57.29216 -57.29600
 -57.16862 -57.18294 -57.22244 -57.23989 -57.24377
 -57.14364 -57.15575 -57.18780 -57.20324 -57.20680
 -57.13247 -57.13942 -57.16527 -57.18105 -57.18432
 -57.13786 -57.14430 -57.16253 -57.17815 -57.18136
 -57.14940 -57.15387 -57.16630 -57.18030 -57.18388
 -57.17531 -57.17791 -57.18651 -57.19925 -57.20282
 -57.20054 -57.20130 -57.20662 -57.21772 -57.22089
 -57.23911 -57.23894 -57.24502 -57.25325 -57.25609
 -57.27407 -57.27444 -57.27772 -57.28445 -57.28641
 -57.31111 -57.31149 -57.31301 -57.31728 -57.31943
 -57.35488 -57.35522 -57.35637 -57.35956 -57.36098
 -57.39837 -57.39819 -57.39904 -57.40082 -57.40225
 -57.44652 -57.44652 -57.44682 -57.44795 -57.44947
 -57.49791 -57.49791 -57.49837 -57.49917 -57.49966
 -57.57022 -57.57049 -57.57108 -57.57143 -57.57225
 -57.64333 -57.64315 -57.64350 -57.64414 -57.64442
 -57.71580 -57.71648 -57.71632 -57.71723 -57.71771
 -57.78925 -57.78913 -57.78893 -57.79032 -57.79114
 -57.86152 -57.86142 -57.86201 -57.86278 -57.86320
 -57.93543 -57.93534 -57.93640 -57.93686 -57.93768
 -58.00780 -58.00780 -58.00939 -58.01000 -58.01070
**** 7**************************************
 -63.56392 -63.56392 -63.56392 -63.56691 -63.59474
 -61.63837 -61.63837 -61.63837 -61.64192 -61.66382
 -60.28580 -60.28580 -60.28580 -60.28894 -60.30998
 -59.34446 -59.34446 -59.34446 -59.34626 -59.36467
 -58.69085 -58.69085 -58.69085 -58.69485 -58.71124
 -58.24683 -58.24683 -58.24683 -58.24971 -58.26438
 -57.95013 -57.95013 -57.95013 -57.95158 -57.96710
 -57.75700 -57.75700 -57.75746 -57.75886 -57.77500
 -57.63826 -57.63826 -57.63826 -57.63826 -57.65627
 -57.56873 -57.56873 -57.56873 -57.57174 -57.58710
 -57.53151 -57.53151 -57.53151 -57.53148 -57.54812
 -57.50795 -57.50795 -57.50795 -57.50790 -57.52320
 -57.48469 -57.48469 -57.48469 -57.48453 -57.49845
 -57.46086 -57.46086 -57.46086 -57.46062 -57.47101
 -57.43676 -57.43676 -57.43674 -57.43875 -57.44587
 -57.42575 -57.42575 -57.42591 -57.42570 -57.43236
 -57.41752 -57.41752 -57.41752 -57.41730 -57.42151
 -57.41829 -57.41829 -57.41829 -57.41805 -57.42266
 -57.42899 -57.42899 -57.42899 -57.42894 -57.43354
 -57.44636 -57.44636 -57.44636 -57.44655 -57.44953
 -57.47181 -57.47181 -57.47178 -57.47207 -57.47420
 -57.50049 -57.50049 -57.50049 -57.50069 -57.50233
 -57.54031 -57.54031 -57.54030 -57.54054 -57.54229
 -57.57593 -57.57593 -57.57593 -57.57593 -57.57695
 -57.61667 -57.61667 -57.61667 -57.61666 -57.61751
 -57.65839 -57.65839 -57.65839 -57.65875 -57.65976
 -57.71514 -57.71514 -57.71514 -57.71481 -57.71539
 -57.78630 -57.78630 -57.78625 -57.78641 -57.78702
 -57.85827 -57.85827 -57.85827 -57.85832 -57.85908
 -57.93128 -57.93128 -57.93128 -57.93128 -57.93136
 -58.00362 -58.00362 -58.00362 -58.00437 -58.00443
 -58.07789 -58.07781 -58.07781 -58.07781 -58.07791
 -58.15057 -58.15057 -58.15057 -58.15048 -58.15086
 -58.22370 -58.22370 -58.22370 -58.22358 -58.22330
 -58.29723 -58.29723 -58.29723 -58.29721 -58.29693
**** 8**************************************
 -74.00000 -74.00000 -74.00000 -74.00000 -74.00000
 -74.00000 -74.00000 -74.00000 -74.00000 -74.00000
 -74.00000 -74.00000 -74.00000 -74.00000 -74.00000
 -74.00000 -74.00000 -74.00000 -74.00000 -74.00000
 -74.00000 -74.00000 -74.00000 -74.00000 -74.00000
 -74.00000 -74.00000 -74.00000 -74.00000 -74.00000
 -74.00000 -74.00000 -74.00000 -74.00000 -74.00000
 -74.00000 -74.00000 -74.00000 -74.00000 -74.00000
 -74.00000 -74.00000 -74.00000 -74.00000 -74.00000
 -74.00000 -74.00000 -47.52790 -47.52790 -47.52790
 -42.19954 -41.90711 -41.90709 -41.90413 -41.90366
 -38.09166 -38.09166 -38.09166 -38.09166 -38.09162
 -35.36056 -35.36056 -35.36056 -35.36056 -35.36036
 -33.38598 -33.38598 -33.38598 -33.38598 -33.38564
 -31.94919 -31.94919 -31.94919 -31.94907 -31.94882
 -30.90684 -30.90684 -30.90684 -30.90684 -30.90639
 -30.15565 -30.15565 -30.15565 -30.15565 -30.15525
 -29.61519 -29.61519 -29.61519 -29.61519 -29.61519
 -29.23148 -29.23148 -29.23148 -29.23148 -29.23100
 -28.95620 -28.95620 -28.95620 -28.95620 -28.95494
 -28.76287 -28.76287 -28.76287 -28.76287 -28.76287
 -28.62327 -28.62327 -28.62327 -28.62327 -28.62327
 -28.53110 -28.53110 -28.53110 -28.53110 -28.53110
 -28.46890 -28.46890 -28.46890 -28.46890 -28.46890
 -28.41624 -28.41624 -28.41624 -28.41624 -28.41632
 -28.39763 -28.39763 -28.39763 -28.39763 -28.39763
 -28.38120 -28.38120 -28.38120 -28.38120 -28.38120
 -28.38805 -28.38805 -28.38805 -28.38805 -28.38805
 -28.39283 -28.39283 -28.39283 -28.39283 -28.39276
 -28.41816 -28.41816 -28.41816 -28.41816 -28.41816
 -28.44269 -28.44269 -28.44269 -28.44269 -28.44269
 -28.46389 -28.46389 -28.46389 -28.46389 -28.46389
 -28.53335 -28.53335 -28.53335 -28.53335 -28.53335
 -28.60459 -28.60459 -28.60459 -28.60459 -28.60459
 -28.67584 -28.67584 -28.67584 -28.67584 -28.67584
**** 9**************************************
 -74.00000 -74.00000 -74.00000 -74.00000 -74.00000
 -74.00000 -74.00000 -74.00000 -74.00000 -74.00000
 -74.00000 -74.00000 -74.00000 -74.00000 -74.00000
 -74.00000 -74.00000 -74.00000 -74.00000 -74.00000
 -74.00000 -74.00000 -74.00000 -74.00000 -74.00000
 -74.00000 -74.00000 -74.00000 -74.00000 -74.00000
 -74.00000 -74.00000 -74.00000 -74.00000 -74.00000
 -74.00000 -74.00000 -74.00000 -74.00000 -74.00000
 -74.00000 -74.00000 -74.00000 -74.00000 -74.00000
 -74.00000 -74.00000 -74.00000 -74.00000 -74.00000
 -74.00000 -74.00000 -42.79492 -42.79492 -42.79492
 -38.54543 -38.54418 -38.54418 -38.54418 -38.54417
 -35.51406 -35.51406 -35.51406 -35.51406 -35.51393
 -33.33581 -33.33581 -33.33581 -33.33581 -33.33569
 -31.75739 -31.75739 -31.75739 -31.75739 -31.75707
 -30.61690 -30.61690 -30.61690 -30.61690 -30.61667
 -29.80100 -29.80100 -29.80100 -29.80100 -29.80100
 -29.22622 -29.22622 -29.22622 -29.22622 -29.22530
 -28.82345 -28.82345 -28.82345 -28.82345 -28.82345
 -28.54558 -28.54558 -28.54558 -28.54558 -28.54558
 -28.35563 -28.35563 -28.35563 -28.35563 -28.35563
 -28.22566 -28.22566 -28.22566 -28.22566 -28.22566
 -28.13911 -28.13911 -28.13911 -28.13911 -28.13911
 -28.08820 -28.08820 -28.08820 -28.08820 -28.08820
 -28.05151 -28.05151 -28.05151 -28.05151 -28.05151
 -28.03930 -28.03930 -28.03930 -28.03930 -28.03930
 -28.08202 -28.08202 -28.08202 -28.08202 -28.08202
 -28.13350 -28.13350 -28.13350 -28.13350 -28.13277
 -28.19026 -28.19026 -28.19026 -28.19026 -28.19026
 -28.25360 -28.25360 -28.25360 -28.25360 -28.25360
 -28.31801 -28.31801 -28.31801 -28.31801 -28.31801
 -28.38564 -28.38564 -28.38564 -28.38564 -28.38564
 -28.45592 -28.45592 -28.45592 -28.45592 -28.45592
 -28.52567 -28.52567 -28.52567 -28.52567 -28.52567
 -28.59802 -28.59802 -28.59802 -28.59802 -28.59802
