    8    5   35    1    8F: Be 50. Si3N4 0.055 Si 0.7 A:Si 3. 200. 380.
******************************************
  11.00000  12.00000  13.00000  14.00000  15.00000
   0.00000   0.14613   0.29447   0.44091   0.58771   0.73560   0.88252   1.02938
   1.17609   1.32428   1.47129   1.61805   1.76492   1.91169   2.06070   2.20683
   2.35218   2.49969   2.64738   2.79379   2.94101   3.08991   3.23553   3.38202
   3.52892   3.67669   3.82347   3.97081   4.11727   4.26482   4.41162   4.55871
   4.70586   4.85309   5.00000
**** 0**************************************
 -62.36479 -62.31419 -62.20290 -62.31335 -62.37225
 -61.04204 -60.96753 -60.89117 -60.99767 -61.04401
 -60.01248 -59.93778 -59.90149 -59.98116 -60.01347
 -59.22432 -59.16274 -59.15161 -59.20392 -59.22569
 -58.61622 -58.56705 -58.56839 -58.60188 -58.62072
 -58.17435 -58.13854 -58.14406 -58.16469 -58.18758
 -57.84564 -57.82096 -57.82718 -57.83949 -57.87353
 -57.61331 -57.59441 -57.59841 -57.60989 -57.65749
 -57.44514 -57.42995 -57.43203 -57.44455 -57.50722
 -57.33432 -57.32229 -57.32278 -57.33595 -57.41011
 -57.26212 -57.25152 -57.25134 -57.26465 -57.34734
 -57.20190 -57.19493 -57.19060 -57.20629 -57.30036
 -57.18051 -57.17583 -57.16956 -57.18578 -57.28031
 -57.16639 -57.16144 -57.15503 -57.17135 -57.26804
 -57.20460 -57.20278 -57.19647 -57.21116 -57.29942
 -57.26195 -57.25952 -57.25234 -57.26439 -57.34404
 -57.32260 -57.32225 -57.31471 -57.32582 -57.39406
 -57.38797 -57.38648 -57.37924 -57.38904 -57.44898
 -57.45522 -57.45386 -57.44670 -57.45512 -57.50725
 -57.52431 -57.52326 -57.51621 -57.52347 -57.56834
 -57.59506 -57.59337 -57.58737 -57.59221 -57.63149
 -57.66611 -57.66474 -57.65924 -57.66203 -57.69693
 -57.73783 -57.73750 -57.73131 -57.73302 -57.76326
 -57.80977 -57.80936 -57.80438 -57.80427 -57.83102
 -57.88300 -57.88220 -57.87790 -57.87635 -57.90033
 -57.95588 -57.95532 -57.95190 -57.94894 -57.96958
 -58.02890 -58.02845 -58.02563 -58.02093 -58.03981
 -58.10234 -58.10179 -58.09881 -58.09324 -58.11102
 -58.17588 -58.17551 -58.17400 -58.16700 -58.18156
 -58.24863 -58.24834 -58.24755 -58.24074 -58.25267
 -58.32233 -58.32190 -58.32161 -58.31295 -58.32484
 -58.39616 -58.39544 -58.39430 -58.38702 -58.39682
 -58.46919 -58.46884 -58.46785 -58.46087 -58.46905
 -58.54302 -58.54245 -58.54159 -58.53520 -58.54102
 -58.61621 -58.61612 -58.61557 -58.60885 -58.61359
**** 1**************************************
 -63.28839 -63.33067 -63.33676 -63.33722 -63.35058
 -61.59428 -61.59725 -61.59754 -61.59758 -61.60981
 -60.39272 -60.39314 -60.39321 -60.39324 -60.40305
 -59.52936 -59.52942 -59.52979 -59.53024 -59.53897
 -58.87003 -58.87012 -58.87139 -58.87276 -58.87994
 -58.35364 -58.35339 -58.35413 -58.35759 -58.36458
 -57.96078 -57.96056 -57.96151 -57.96520 -57.97276
 -57.67534 -57.67547 -57.67616 -57.67998 -57.68823
 -57.47163 -57.47172 -57.47200 -57.47653 -57.48644
 -57.33278 -57.33311 -57.33374 -57.33844 -57.34978
 -57.24009 -57.24024 -57.24126 -57.24544 -57.25813
 -57.18214 -57.18235 -57.18308 -57.18763 -57.20089
 -57.14740 -57.14720 -57.14776 -57.15246 -57.16594
 -57.13136 -57.13170 -57.13196 -57.13659 -57.15022
 -57.13069 -57.13090 -57.13105 -57.13538 -57.14890
 -57.12900 -57.12873 -57.12928 -57.13316 -57.14625
 -57.14387 -57.14392 -57.14424 -57.14772 -57.16052
 -57.15933 -57.15923 -57.15962 -57.16297 -57.17480
 -57.21018 -57.21023 -57.21076 -57.21378 -57.22489
 -57.27774 -57.27784 -57.27795 -57.28074 -57.29038
 -57.34648 -57.34657 -57.34646 -57.34956 -57.35833
 -57.41721 -57.41714 -57.41748 -57.41951 -57.42773
 -57.48778 -57.48800 -57.48808 -57.49040 -57.49838
 -57.56042 -57.56116 -57.56058 -57.56150 -57.56946
 -57.63283 -57.63263 -57.63231 -57.63383 -57.64086
 -57.70536 -57.70541 -57.70560 -57.70642 -57.71200
 -57.77818 -57.77825 -57.77810 -57.77947 -57.78518
 -57.85120 -57.85129 -57.85114 -57.85219 -57.85704
 -57.92434 -57.92445 -57.92443 -57.92523 -57.92983
 -57.99782 -57.99791 -57.99763 -57.99859 -58.00259
 -58.07143 -58.07127 -58.07153 -58.07189 -58.07574
 -58.14435 -58.14445 -58.14456 -58.14535 -58.14806
 -58.21845 -58.21805 -58.21794 -58.21833 -58.22116
 -58.29187 -58.29166 -58.29197 -58.29188 -58.29451
 -58.36491 -58.36503 -58.36523 -58.36536 -58.36761
**** 2**************************************
 -61.57386 -62.05399 -62.71708 -62.99819 -63.09349
 -60.63542 -60.95088 -61.20976 -61.26444 -61.31505
 -59.84170 -59.96051 -60.02528 -60.03834 -60.07508
 -59.15155 -59.17862 -59.18968 -59.19373 -59.22131
 -58.59959 -58.60243 -58.60399 -58.60526 -58.62451
 -58.17842 -58.17998 -58.18045 -58.18091 -58.19476
 -57.86091 -57.86327 -57.86495 -57.86634 -57.87673
 -57.61740 -57.62372 -57.62631 -57.62727 -57.63665
 -57.44099 -57.44901 -57.45223 -57.45347 -57.46186
 -57.31420 -57.32306 -57.32696 -57.32853 -57.33701
 -57.22743 -57.23775 -57.24217 -57.24384 -57.25189
 -57.17176 -57.18170 -57.18677 -57.18874 -57.19659
 -57.13650 -57.14579 -57.15295 -57.15445 -57.16227
 -57.11506 -57.12287 -57.13094 -57.13351 -57.14091
 -57.10773 -57.11429 -57.12346 -57.12631 -57.13334
 -57.10375 -57.10900 -57.11825 -57.12256 -57.12929
 -57.11763 -57.12156 -57.13164 -57.13604 -57.14261
 -57.12697 -57.12969 -57.13938 -57.14518 -57.15177
 -57.14086 -57.14251 -57.15044 -57.15869 -57.16530
 -57.16458 -57.16595 -57.17236 -57.18157 -57.18786
 -57.19940 -57.20061 -57.20519 -57.21478 -57.22138
 -57.26854 -57.26945 -57.27326 -57.28348 -57.29058
 -57.33915 -57.33952 -57.34316 -57.35325 -57.36064
 -57.41089 -57.41102 -57.41413 -57.42397 -57.43045
 -57.48199 -57.48264 -57.48562 -57.49568 -57.50199
 -57.55499 -57.55571 -57.55810 -57.56709 -57.57390
 -57.62766 -57.62752 -57.62961 -57.63909 -57.64672
 -57.70004 -57.70009 -57.70219 -57.71048 -57.71933
 -57.77364 -57.77344 -57.77539 -57.78350 -57.79175
 -57.84679 -57.84672 -57.84942 -57.85637 -57.86476
 -57.92062 -57.92056 -57.92178 -57.92885 -57.93786
 -57.99389 -57.99418 -57.99500 -58.00165 -58.01066
 -58.06689 -58.06701 -58.06787 -58.07380 -58.08315
 -58.14026 -58.14025 -58.14105 -58.14636 -58.15620
 -58.21406 -58.21381 -58.21488 -58.21972 -58.22909
**** 3**************************************
 -61.82274 -62.50398 -63.15437 -63.36768 -63.44049
 -60.69317 -61.18553 -61.44276 -61.48762 -61.53107
 -59.81186 -60.06993 -60.15388 -60.16810 -60.20047
 -59.09608 -59.21290 -59.24190 -59.24784 -59.27136
 -58.54182 -58.59899 -58.61223 -58.61507 -58.63205
 -58.12669 -58.16589 -58.17473 -58.17707 -58.18923
 -57.82368 -57.85945 -57.86662 -57.86914 -57.87823
 -57.59544 -57.63143 -57.63910 -57.64047 -57.64854
 -57.42473 -57.45850 -57.46599 -57.46750 -57.47397
 -57.28818 -57.32049 -57.32780 -57.32912 -57.33476
 -57.18309 -57.21250 -57.22013 -57.22173 -57.22659
 -57.10530 -57.13310 -57.14121 -57.14238 -57.14723
 -57.05116 -57.07446 -57.08383 -57.08534 -57.08964
 -57.01586 -57.03701 -57.04694 -57.04820 -57.05310
 -56.99650 -57.01529 -57.02679 -57.02774 -57.03175
 -56.98987 -57.00681 -57.01677 -57.02022 -57.02290
 -56.99650 -57.00857 -57.02012 -57.02227 -57.02711
 -57.00987 -57.02035 -57.03043 -57.03356 -57.03749
 -57.03609 -57.04350 -57.05451 -57.05706 -57.06062
 -57.05631 -57.06216 -57.07136 -57.07464 -57.07748
 -57.08789 -57.09151 -57.09978 -57.10326 -57.10611
 -57.12154 -57.12401 -57.13058 -57.13333 -57.13624
 -57.17622 -57.17841 -57.18461 -57.18753 -57.19025
 -57.24727 -57.24881 -57.25434 -57.25829 -57.25996
 -57.31836 -57.31994 -57.32564 -57.32910 -57.33137
 -57.39044 -57.39141 -57.39777 -57.40165 -57.40331
 -57.46324 -57.46394 -57.46946 -57.47324 -57.47555
 -57.53643 -57.53665 -57.54186 -57.54695 -57.54841
 -57.60905 -57.60999 -57.61464 -57.61823 -57.62050
 -57.68168 -57.68258 -57.68682 -57.69180 -57.69363
 -57.75448 -57.75552 -57.75877 -57.76488 -57.76771
 -57.82886 -57.82923 -57.83294 -57.83837 -57.84073
 -57.90152 -57.90245 -57.90589 -57.91143 -57.91311
 -57.97503 -57.97610 -57.97837 -57.98474 -57.98640
 -58.04831 -58.04918 -58.05156 -58.05727 -58.05960
**** 4**************************************
 -61.89139 -62.56199 -63.48315 -64.27468 -64.61390
 -60.65797 -61.26300 -61.95774 -62.22613 -62.27909
 -59.76601 -60.21384 -60.52484 -60.58074 -60.60006
 -59.08053 -59.32050 -59.42178 -59.43723 -59.44890
 -58.53006 -58.64277 -58.67753 -58.68314 -58.69126
 -58.09948 -58.17139 -58.18879 -58.19167 -58.19891
 -57.78806 -57.85052 -57.86540 -57.86795 -57.87458
 -57.56200 -57.62852 -57.64427 -57.64637 -57.65330
 -57.38644 -57.46048 -57.47728 -57.48028 -57.48665
 -57.23491 -57.32306 -57.34242 -57.34543 -57.35176
 -57.10987 -57.21393 -57.23573 -57.23904 -57.24585
 -57.01361 -57.13497 -57.15837 -57.16217 -57.16725
 -56.95148 -57.08287 -57.10682 -57.11025 -57.11480
 -56.91159 -57.05279 -57.07804 -57.08162 -57.08688
 -56.89188 -57.04169 -57.06785 -57.07165 -57.07656
 -56.88719 -57.04604 -57.07332 -57.07679 -57.08259
 -56.89109 -57.05941 -57.08873 -57.09236 -57.09679
 -56.90606 -57.08353 -57.11478 -57.11893 -57.12333
 -56.92232 -57.11095 -57.14573 -57.15011 -57.15417
 -56.94855 -57.14696 -57.18600 -57.18987 -57.19298
 -56.97285 -57.18186 -57.22375 -57.22891 -57.23175
 -56.99776 -57.21677 -57.26320 -57.26890 -57.27153
 -57.02807 -57.25714 -57.30827 -57.31424 -57.31632
 -57.06181 -57.30151 -57.35819 -57.36442 -57.36654
 -57.11145 -57.36271 -57.42643 -57.43417 -57.43647
 -57.16212 -57.42244 -57.49669 -57.50635 -57.50865
 -57.21373 -57.48221 -57.56746 -57.57744 -57.57986
 -57.26754 -57.54115 -57.63742 -57.64984 -57.65188
 -57.32189 -57.59831 -57.70802 -57.72269 -57.72473
 -57.37828 -57.65544 -57.77782 -57.79437 -57.79707
 -57.43582 -57.71049 -57.84794 -57.86758 -57.87024
 -57.49453 -57.76464 -57.91705 -57.94062 -57.94353
 -57.55536 -57.81755 -57.98575 -58.01279 -58.01625
 -57.61719 -57.86977 -58.05376 -58.08691 -58.09012
 -57.68152 -57.92152 -58.12104 -58.15896 -58.16316
**** 5**************************************
 -61.77497 -61.77497 -61.77497 -61.78227 -61.83712
 -60.35309 -60.35309 -60.35309 -60.35861 -60.40545
 -59.35447 -59.35447 -59.35584 -59.36000 -59.40084
 -58.65825 -58.65825 -58.65825 -58.66382 -58.69882
 -58.18391 -58.18391 -58.18484 -58.18764 -58.22271
 -57.86649 -57.86649 -57.86693 -57.87053 -57.90476
 -57.65822 -57.65822 -57.65822 -57.66099 -57.69877
 -57.52530 -57.52530 -57.52529 -57.52938 -57.56796
 -57.44288 -57.44288 -57.44456 -57.44791 -57.48662
 -57.39543 -57.39543 -57.39542 -57.39981 -57.43653
 -57.36089 -57.36089 -57.36079 -57.36473 -57.39675
 -57.33595 -57.33595 -57.33586 -57.33942 -57.36628
 -57.31508 -57.31501 -57.31498 -57.31694 -57.33942
 -57.30251 -57.30374 -57.30365 -57.30545 -57.32246
 -57.29685 -57.29685 -57.29799 -57.29837 -57.31213
 -57.29581 -57.29581 -57.29573 -57.29744 -57.30857
 -57.30788 -57.30788 -57.30781 -57.30821 -57.31743
 -57.31913 -57.31912 -57.31904 -57.32081 -57.32790
 -57.34523 -57.34523 -57.34514 -57.34593 -57.35140
 -57.36624 -57.36624 -57.36757 -57.36697 -57.37175
 -57.40644 -57.40644 -57.40643 -57.40722 -57.41046
 -57.44136 -57.44136 -57.44113 -57.44219 -57.44499
 -57.47726 -57.47727 -57.47726 -57.47680 -57.47866
 -57.52012 -57.52012 -57.51998 -57.52152 -57.52247
 -57.56746 -57.56746 -57.56746 -57.56753 -57.56853
 -57.63884 -57.63884 -57.63882 -57.63899 -57.63981
 -57.71109 -57.71109 -57.71091 -57.71097 -57.71159
 -57.78357 -57.78357 -57.78332 -57.78344 -57.78399
 -57.85615 -57.85615 -57.85658 -57.85631 -57.85660
 -57.92917 -57.92917 -57.92917 -57.92913 -57.92944
 -58.00268 -58.00268 -58.00268 -58.00231 -58.00260
 -58.07566 -58.07566 -58.07567 -58.07576 -58.07584
 -58.14884 -58.14884 -58.14884 -58.14889 -58.14883
 -58.22265 -58.22265 -58.22259 -58.22253 -58.22296
 -58.29609 -58.29609 -58.29609 -58.29603 -58.29614
**** 6**************************************
 -74.00000 -74.00000 -74.00000 -74.00000 -74.00000
 -74.00000 -74.00000 -74.00000 -74.00000 -74.00000
 -74.00000 -74.00000 -74.00000 -74.00000 -74.00000
 -74.00000 -74.00000 -74.00000 -74.00000 -74.00000
 -74.00000 -74.00000 -74.00000 -74.00000 -74.00000
 -74.00000 -74.00000 -74.00000 -74.00000 -74.00000
 -74.00000 -74.00000 -74.00000 -74.00000 -74.00000
 -62.13293 -62.98046 -63.96246 -64.95498 -65.90700
 -54.99513 -54.99378 -54.99513 -54.82177 -54.81336
 -48.38130 -47.92479 -47.92479 -47.92479 -47.91024
 -43.89776 -43.89743 -43.89743 -43.89488 -43.88050
 -41.02443 -41.02428 -41.02414 -41.02102 -41.01107
 -38.98130 -38.97834 -38.97834 -38.97834 -38.96681
 -37.52689 -37.52590 -37.52590 -37.52490 -37.51703
 -36.49685 -36.49685 -36.49685 -36.49499 -36.48904
 -35.76482 -35.76482 -35.76474 -35.76301 -35.75781
 -35.24053 -35.24053 -35.24053 -35.23950 -35.23540
 -34.87247 -34.87247 -34.87247 -34.87247 -34.86807
 -34.60378 -34.60378 -34.60378 -34.60378 -34.60023
 -34.42004 -34.42004 -34.42004 -34.41926 -34.41771
 -34.28178 -34.28178 -34.28178 -34.28121 -34.28008
 -34.19957 -34.19957 -34.19957 -34.19957 -34.19817
 -34.13307 -34.13326 -34.13326 -34.13326 -34.13246
 -34.08821 -34.08821 -34.08821 -34.08821 -34.08821
 -34.06879 -34.06879 -34.06879 -34.06879 -34.06879
 -34.05754 -34.05754 -34.05754 -34.05754 -34.05754
 -34.06158 -34.06158 -34.06158 -34.06158 -34.06158
 -34.07293 -34.07293 -34.07293 -34.07293 -34.07293
 -34.09692 -34.09692 -34.09692 -34.09692 -34.09692
 -34.11767 -34.11767 -34.11767 -34.11767 -34.11767
 -34.16433 -34.16476 -34.16476 -34.16476 -34.16433
 -34.23469 -34.23469 -34.23469 -34.23469 -34.23469
 -34.30541 -34.30541 -34.30541 -34.30541 -34.30541
 -34.37744 -34.37744 -34.37744 -34.37744 -34.37744
 -34.45036 -34.45039 -34.45039 -34.45039 -34.45039
**** 7**************************************
 -74.00000 -74.00000 -74.00000 -74.00000 -74.00000
 -74.00000 -74.00000 -74.00000 -74.00000 -74.00000
 -74.00000 -74.00000 -74.00000 -74.00000 -74.00000
 -74.00000 -74.00000 -74.00000 -74.00000 -74.00000
 -74.00000 -74.00000 -74.00000 -74.00000 -74.00000
 -74.00000 -74.00000 -74.00000 -74.00000 -74.00000
 -74.00000 -74.00000 -74.00000 -74.00000 -74.00000
 -74.00000 -74.00000 -74.00000 -74.00000 -74.00000
 -74.00000 -74.00000 -74.00000 -74.00000 -74.00000
 -47.72569 -47.72569 -47.27819 -47.16469 -47.14281
 -42.62219 -42.62219 -42.62219 -42.62147 -42.61790
 -39.32922 -39.32885 -39.32885 -39.32849 -39.32342
 -36.97892 -36.97892 -36.97892 -36.97892 -36.97552
 -35.31602 -35.31602 -35.31602 -35.31567 -35.31146
 -34.14714 -34.14714 -34.14714 -34.14714 -34.14002
 -33.32731 -33.32731 -33.32731 -33.32695 -33.32371
 -32.75936 -32.75936 -32.75936 -32.75936 -32.75643
 -32.36744 -32.36744 -32.36744 -32.36744 -32.36467
 -32.09889 -32.09889 -32.09889 -32.09889 -32.09675
 -31.91758 -31.91758 -31.91617 -31.91617 -31.91476
 -31.79336 -31.79336 -31.79336 -31.79336 -31.79230
 -31.71322 -31.71322 -31.71322 -31.71322 -31.71155
 -31.66387 -31.66387 -31.66387 -31.66309 -31.66230
 -31.62685 -31.62685 -31.62685 -31.62685 -31.62613
 -31.63418 -31.63418 -31.63418 -31.63418 -31.63418
 -31.67773 -31.67773 -31.67773 -31.67773 -31.67773
 -31.73045 -31.73045 -31.73045 -31.73045 -31.72954
 -31.78815 -31.78815 -31.78815 -31.78815 -31.78815
 -31.85007 -31.85007 -31.85007 -31.85007 -31.85007
 -31.91658 -31.91658 -31.91658 -31.91658 -31.91658
 -31.98363 -31.98363 -31.98363 -31.98363 -31.98363
 -32.05296 -32.05296 -32.05296 -32.05296 -32.05296
 -32.12643 -32.12643 -32.12643 -32.12643 -32.12643
 -32.19623 -32.19623 -32.19623 -32.19623 -32.19623
 -32.26719 -32.26719 -32.26719 -32.26719 -32.26719
