   28    5   20    1   28F: Be 50. Si3N4 0.055 Si 0.7 A:Si 3. 200. 380.
******************************************
  11.00000  12.00000  13.00000  14.00000  15.00000
   0.00000   0.26245   0.52634   0.78958   1.05308   1.31597   1.57864   1.84198
   2.10380   2.36922   2.63144   2.89487   3.15836   3.42160   3.68395   3.94743
   4.20952   4.47422   4.73719   5.00000
**** 0**************************************
 -74.00000 -74.00000 -74.00000 -74.00000 -74.00000
 -74.00000 -74.00000 -74.00000 -74.00000 -74.00000
 -74.00000 -74.00000 -74.00000 -74.00000 -74.00000
 -74.00000 -74.00000 -74.00000 -74.00000 -74.00000
 -74.00000 -74.00000 -74.00000 -74.00000 -74.00000
 -74.00000 -74.00000 -74.00000 -74.00000 -74.00000
 -74.00000 -74.00000 -74.00000 -74.00000 -74.00000
 -74.00000 -74.00000 -74.00000 -74.00000 -74.00000
 -74.00000 -74.00000 -74.00000 -74.00000 -74.00000
 -74.00000 -74.00000 -74.00000 -74.00000 -74.00000
 -74.00000 -74.00000 -74.00000 -74.00000 -74.00000
 -74.00000 -74.00000 -74.00000 -74.00000 -74.00000
 -74.00000 -74.00000 -74.00000 -74.00000 -74.00000
 -74.00000 -74.00000 -74.00000 -74.00000 -74.00000
 -74.00000 -74.00000 -74.00000 -74.00000 -74.00000
 -74.00000 -74.00000 -74.00000 -74.00000 -74.00000
 -74.00000 -74.00000 -74.00000 -74.00000 -74.00000
 -74.00000 -74.00000 -74.00000 -74.00000 -74.00000
 -74.00000 -74.00000 -74.00000 -74.00000 -74.00000
 -74.00000 -74.00000 -74.00000 -74.00000 -74.00000
**** 1**************************************
 -59.18372 -59.18414 -59.18828 -59.22885 -59.49270
 -58.15791 -58.15795 -58.16398 -58.21179 -58.51087
 -57.78418 -57.78661 -57.79394 -57.85603 -58.20793
 -57.89231 -57.89556 -57.90008 -57.94591 -58.22982
 -58.10087 -58.10538 -58.10868 -58.13868 -58.34530
 -58.25315 -58.25976 -58.26253 -58.28344 -58.43950
 -58.33681 -58.34609 -58.34827 -58.36263 -58.48449
 -58.38315 -58.39541 -58.39751 -58.40985 -58.50663
 -58.48271 -58.49917 -58.50178 -58.50957 -58.58071
 -58.58855 -58.60911 -58.61208 -58.61822 -58.67024
 -58.69786 -58.72636 -58.72986 -58.73432 -58.77329
 -58.81128 -58.84909 -58.85312 -58.85696 -58.88581
 -58.92453 -58.97444 -58.98052 -58.98297 -59.00492
 -59.03584 -59.10144 -59.10910 -59.11128 -59.12776
 -59.14356 -59.22897 -59.23866 -59.24129 -59.25273
 -59.24655 -59.35523 -59.36915 -59.37187 -59.38042
 -59.34240 -59.48191 -59.49919 -59.50182 -59.50928
 -59.43061 -59.60593 -59.63097 -59.63270 -59.63811
 -59.51303 -59.72918 -59.76073 -59.76449 -59.76858
 -59.58513 -59.84879 -59.89100 -59.89594 -59.89947
**** 2**************************************
 -62.65006 -62.65006 -62.65006 -62.65251 -62.67303
 -60.04370 -60.04370 -60.04378 -60.04526 -60.06014
 -58.63975 -58.63975 -58.63976 -58.64116 -58.65401
 -57.93904 -57.93918 -57.93923 -57.94114 -57.95966
 -57.72248 -57.72425 -57.72480 -57.72660 -57.74747
 -57.73265 -57.73725 -57.73800 -57.73953 -57.75611
 -57.74724 -57.75433 -57.75546 -57.75674 -57.76913
 -57.75360 -57.76423 -57.76543 -57.76594 -57.77608
 -57.77006 -57.78498 -57.78677 -57.78733 -57.79520
 -57.84052 -57.86029 -57.86308 -57.86377 -57.86905
 -57.94555 -57.97262 -57.97562 -57.97612 -57.98057
 -58.05654 -58.09253 -58.09585 -58.09705 -58.10017
 -58.16948 -58.21618 -58.22151 -58.22238 -58.22460
 -58.28197 -58.34293 -58.35022 -58.35077 -58.35301
 -58.39122 -58.46971 -58.47910 -58.48060 -58.48178
 -58.49733 -58.59653 -58.60966 -58.61088 -58.61201
 -58.59882 -58.72245 -58.74004 -58.74182 -58.74276
 -58.69547 -58.84761 -58.87043 -58.87304 -58.87371
 -58.78699 -58.97055 -59.00083 -59.00396 -59.00535
 -58.87343 -59.09107 -59.13129 -59.13570 -59.13618
**** 3**************************************
 -66.69128 -66.69128 -66.69128 -66.69189 -66.69564
 -62.30582 -62.30582 -62.30582 -62.30625 -62.30887
 -59.91250 -59.91250 -59.91250 -59.91380 -59.91471
 -58.63331 -58.63331 -58.63331 -58.63388 -58.63519
 -57.94884 -57.94912 -57.94915 -57.94929 -57.95154
 -57.55626 -57.55851 -57.55851 -57.55856 -57.56150
 -57.33254 -57.33496 -57.33515 -57.33562 -57.33898
 -57.22529 -57.23022 -57.23058 -57.23067 -57.23370
 -57.19112 -57.19958 -57.19991 -57.20020 -57.20326
 -57.19529 -57.20698 -57.20857 -57.20868 -57.21093
 -57.26807 -57.28403 -57.28567 -57.28668 -57.28810
 -57.37687 -57.39837 -57.40051 -57.40099 -57.40252
 -57.49100 -57.51952 -57.52276 -57.52325 -57.52422
 -57.60747 -57.64465 -57.64911 -57.64952 -57.65059
 -57.72448 -57.77189 -57.77815 -57.77860 -57.77900
 -57.83917 -57.89970 -57.90758 -57.90834 -57.90887
 -57.95270 -58.02752 -58.03818 -58.03901 -58.03966
 -58.06442 -58.15434 -58.16876 -58.17039 -58.17074
 -58.17403 -58.28048 -58.29964 -58.30156 -58.30199
 -58.28309 -58.40566 -58.43005 -58.43300 -58.43336
**** 4**************************************
 -70.77467 -70.77538 -70.77536 -70.77536 -70.77726
 -64.75139 -64.75139 -64.75139 -64.75141 -64.75259
 -61.33640 -61.33640 -61.33640 -61.33640 -61.33640
 -59.45987 -59.45987 -59.45987 -59.45987 -59.46140
 -58.39477 -58.39477 -58.39477 -58.39477 -58.39491
 -57.70854 -57.70888 -57.70888 -57.70888 -57.70956
 -57.31398 -57.31539 -57.31540 -57.31548 -57.31676
 -57.13617 -57.13925 -57.13947 -57.13949 -57.14009
 -57.07254 -57.07849 -57.07922 -57.07934 -57.07959
 -57.06254 -57.07137 -57.07241 -57.07288 -57.07332
 -57.07689 -57.08928 -57.09074 -57.09083 -57.09216
 -57.18193 -57.19844 -57.20090 -57.20095 -57.20122
 -57.29573 -57.31812 -57.32053 -57.32146 -57.32165
 -57.41382 -57.44258 -57.44637 -57.44659 -57.44678
 -57.53287 -57.56936 -57.57451 -57.57502 -57.57503
 -57.65203 -57.69731 -57.70387 -57.70444 -57.70487
 -57.77047 -57.82572 -57.83394 -57.83473 -57.83539
 -57.88810 -57.95366 -57.96484 -57.96636 -57.96638
 -58.00481 -58.08088 -58.09571 -58.09761 -58.09774
 -58.12164 -58.20683 -58.22658 -58.22927 -58.22938
**** 5**************************************
 -74.00000 -74.00000 -74.00000 -73.99982 -73.99976
 -67.86915 -67.86915 -67.86914 -67.86914 -67.86931
 -62.90379 -62.90379 -62.90379 -62.90379 -62.90379
 -60.27446 -60.27446 -60.27446 -60.27446 -60.27446
 -58.74874 -58.74874 -58.74874 -58.74886 -58.74888
 -57.80539 -57.80539 -57.80539 -57.80539 -57.80578
 -57.29104 -57.29132 -57.29139 -57.29139 -57.29160
 -57.05469 -57.05523 -57.05568 -57.05575 -57.05583
 -56.96530 -56.96818 -56.96866 -56.96870 -56.96880
 -56.94597 -56.95032 -56.95089 -56.95090 -56.95131
 -56.95841 -56.96527 -56.96585 -56.96659 -56.96743
 -57.01133 -57.02166 -57.02285 -57.02285 -57.02292
 -57.12617 -57.13871 -57.14090 -57.14094 -57.14098
 -57.24538 -57.26260 -57.26539 -57.26554 -57.26562
 -57.36675 -57.38968 -57.39295 -57.39315 -57.39324
 -57.48963 -57.51815 -57.52189 -57.52228 -57.52229
 -57.61200 -57.64697 -57.65191 -57.65284 -57.65285
 -57.73409 -57.77623 -57.78300 -57.78342 -57.78369
 -57.85589 -57.90485 -57.91418 -57.91474 -57.91480
 -57.97737 -58.03276 -58.04486 -58.04609 -58.04653
**** 6**************************************
 -74.00000 -74.00000 -74.00000 -74.00000 -74.00000
 -70.43490 -70.43340 -70.43330 -70.43336 -70.43337
 -64.43961 -64.43961 -64.43961 -64.43961 -64.43962
 -61.06158 -61.06158 -61.06158 -61.06158 -61.06193
 -59.06118 -59.06118 -59.06118 -59.06118 -59.06118
 -57.90567 -57.90567 -57.90567 -57.90567 -57.90591
 -57.29546 -57.29546 -57.29547 -57.29554 -57.29555
 -57.00611 -57.00629 -57.00629 -57.00629 -57.00633
 -56.88951 -56.89030 -56.89035 -56.89037 -56.89037
 -56.85280 -56.85417 -56.85422 -56.85422 -56.85425
 -56.85498 -56.85654 -56.85656 -56.85656 -56.85658
 -56.88152 -56.88386 -56.88389 -56.88389 -56.88419
 -56.98366 -56.98713 -56.98774 -56.98778 -56.98779
 -57.10488 -57.10947 -57.11048 -57.11048 -57.11057
 -57.22955 -57.23580 -57.23685 -57.23692 -57.23705
 -57.35606 -57.36437 -57.36556 -57.36565 -57.36574
 -57.48333 -57.49402 -57.49572 -57.49575 -57.49575
 -57.61068 -57.62457 -57.62617 -57.62621 -57.62639
 -57.73781 -57.75512 -57.75751 -57.75751 -57.75751
 -57.86464 -57.88521 -57.88830 -57.88900 -57.88901
**** 7**************************************
 -74.00000 -74.00000 -74.00000 -74.00000 -74.00000
 -71.62274 -71.62362 -71.62418 -71.62416 -71.62430
 -65.19015 -65.19015 -65.19015 -65.19015 -65.19016
 -61.38406 -61.38406 -61.38406 -61.38406 -61.38406
 -59.16499 -59.16499 -59.16499 -59.16499 -59.16506
 -57.93628 -57.93628 -57.93628 -57.93632 -57.93632
 -57.28927 -57.28927 -57.28927 -57.28927 -57.28927
 -56.96946 -56.96946 -56.96946 -56.96946 -56.96959
 -56.82797 -56.82797 -56.82797 -56.82797 -56.82797
 -56.77625 -56.77625 -56.77625 -56.77625 -56.77657
 -56.77252 -56.77252 -56.77252 -56.77252 -56.77255
 -56.79478 -56.79478 -56.79478 -56.79478 -56.79478
 -56.85912 -56.85912 -56.85912 -56.85914 -56.85915
 -56.97853 -56.97853 -56.97853 -56.97853 -56.97908
 -57.10438 -57.10438 -57.10438 -57.10438 -57.10438
 -57.23222 -57.23222 -57.23222 -57.23222 -57.23222
 -57.36184 -57.36184 -57.36184 -57.36184 -57.36198
 -57.49235 -57.49235 -57.49235 -57.49235 -57.49235
 -57.62376 -57.62376 -57.62376 -57.62376 -57.62376
 -57.75448 -57.75448 -57.75448 -57.75448 -57.75448
**** 8**************************************
 -74.00000 -74.00000 -74.00000 -74.00000 -74.00000
 -72.63548 -72.60847 -72.60625 -72.60572 -72.60571
 -65.63176 -65.63174 -65.63173 -65.63179 -65.63207
 -61.56053 -61.56044 -61.56052 -61.56070 -61.56084
 -59.22653 -59.22722 -59.22686 -59.22702 -59.22721
 -57.95233 -57.95186 -57.95202 -57.95260 -57.95262
 -57.28627 -57.28584 -57.28645 -57.28598 -57.28602
 -56.95754 -56.95772 -56.95713 -56.95744 -56.95754
 -56.81076 -56.81066 -56.81065 -56.81086 -56.81121
 -56.76143 -56.76135 -56.76136 -56.76136 -56.76188
 -56.75607 -56.75626 -56.75652 -56.75659 -56.75689
 -56.77828 -56.77847 -56.77861 -56.77864 -56.77921
 -56.81899 -56.81914 -56.81914 -56.81911 -56.81947
 -56.93788 -56.93833 -56.93906 -56.93867 -56.93911
 -57.06314 -57.06317 -57.06379 -57.06415 -57.06424
 -57.19146 -57.19174 -57.19169 -57.19146 -57.19165
 -57.32037 -57.32038 -57.32106 -57.32159 -57.32183
 -57.45115 -57.45120 -57.45131 -57.45163 -57.45173
 -57.58218 -57.58235 -57.58206 -57.58272 -57.58237
 -57.71343 -57.71374 -57.71392 -57.71412 -57.71417
**** 9**************************************
 -74.00000 -74.00000 -74.00000 -74.00000 -74.00000
 -72.56104 -72.56104 -72.56104 -72.56104 -72.56233
 -65.39066 -65.39066 -65.39066 -65.39066 -65.39066
 -61.36028 -61.36028 -61.36028 -61.36027 -61.36027
 -59.11756 -59.11756 -59.11760 -59.11759 -59.11758
 -57.92776 -57.92844 -57.92843 -57.92842 -57.92840
 -57.40008 -57.40101 -57.40100 -57.40100 -57.40226
 -57.26145 -57.26562 -57.26649 -57.26716 -57.26716
 -57.30374 -57.31257 -57.31296 -57.31301 -57.31398
 -57.39359 -57.40507 -57.40769 -57.40767 -57.40783
 -57.46910 -57.48693 -57.48876 -57.49008 -57.49007
 -57.53851 -57.56269 -57.56522 -57.56533 -57.56545
 -57.59804 -57.63162 -57.63512 -57.63526 -57.63541
 -57.69645 -57.74045 -57.74495 -57.74520 -57.74539
 -57.81422 -57.87225 -57.87842 -57.87919 -57.87916
 -57.92689 -58.00234 -58.01072 -58.01207 -58.01207
 -58.03381 -58.13141 -58.14247 -58.14399 -58.14448
 -58.13453 -58.25855 -58.27495 -58.27557 -58.27569
 -58.22827 -58.38450 -58.40552 -58.40760 -58.40786
 -58.31515 -58.50789 -58.53618 -58.53893 -58.53902
****10**************************************
 -74.00000 -74.00000 -74.00000 -74.00000 -74.00000
 -73.80654 -73.80654 -73.80654 -73.80546 -73.80546
 -66.88077 -66.88077 -66.88077 -66.88077 -66.88077
 -62.13317 -62.13317 -62.13317 -62.13317 -62.13317
 -59.48984 -59.48984 -59.48984 -59.48984 -59.48983
 -58.10386 -58.10385 -58.10385 -58.10385 -58.10380
 -57.52322 -57.52324 -57.52323 -57.52322 -57.52309
 -57.49613 -57.49898 -57.49897 -57.49895 -57.49871
 -57.61923 -57.62497 -57.62504 -57.62502 -57.62470
 -57.73842 -57.74620 -57.74625 -57.74622 -57.74587
 -57.82977 -57.83965 -57.84277 -57.84274 -57.84242
 -57.90118 -57.91710 -57.91718 -57.91714 -57.91685
 -57.96208 -57.98364 -57.98595 -57.98601 -57.98564
 -58.04100 -58.06964 -58.07256 -58.07253 -58.07219
 -58.16341 -58.20123 -58.20536 -58.20604 -58.20577
 -58.28205 -58.33269 -58.33828 -58.33826 -58.33806
 -58.39588 -58.46285 -58.47034 -58.47038 -58.47024
 -58.50457 -58.59069 -58.60249 -58.60260 -58.60254
 -58.60662 -58.71889 -58.73238 -58.73497 -58.73494
 -58.70282 -58.84478 -58.86293 -58.86635 -58.86629
****11**************************************
 -74.00000 -73.99411 -73.99411 -73.99411 -73.99414
 -67.57116 -67.57116 -67.57116 -67.57116 -67.57196
 -63.10600 -63.10600 -63.10600 -63.10600 -63.10600
 -60.67204 -60.67204 -60.67204 -60.67204 -60.67308
 -59.01272 -59.01272 -59.01272 -59.01272 -59.01294
 -57.92317 -57.92352 -57.92352 -57.92352 -57.92352
 -57.44214 -57.44374 -57.44374 -57.44374 -57.44374
 -57.31310 -57.31636 -57.31648 -57.31648 -57.31734
 -57.33841 -57.34507 -57.34606 -57.34606 -57.34609
 -57.41554 -57.42513 -57.42748 -57.42748 -57.42748
 -57.50025 -57.51503 -57.51539 -57.51540 -57.51540
 -57.56781 -57.58773 -57.58969 -57.58984 -57.58986
 -57.63088 -57.65526 -57.65938 -57.65965 -57.65966
 -57.69230 -57.72630 -57.73160 -57.73160 -57.73174
 -57.81155 -57.85958 -57.86381 -57.86389 -57.86418
 -57.92703 -57.99005 -57.99702 -57.99754 -57.99754
 -58.03781 -58.11929 -58.12872 -58.12966 -58.12966
 -58.14291 -58.24708 -58.26056 -58.26167 -58.26171
 -58.24200 -58.37390 -58.39104 -58.39348 -58.39363
 -58.33408 -58.49894 -58.52191 -58.52521 -58.52522
****12**************************************
 -72.68531 -72.68531 -72.68531 -72.68532 -72.68742
 -67.08568 -67.08568 -67.08568 -67.08568 -67.08570
 -62.70059 -62.70059 -62.70059 -62.70059 -62.70168
 -60.33507 -60.33507 -60.33507 -60.33507 -60.33557
 -58.83308 -58.83308 -58.83308 -58.83308 -58.83326
 -57.82042 -57.82042 -57.82042 -57.82042 -57.82042
 -57.25811 -57.25811 -57.25811 -57.25811 -57.25887
 -56.98336 -56.98336 -56.98336 -56.98336 -56.98337
 -56.86624 -56.86624 -56.86624 -56.86624 -56.86624
 -56.83237 -56.83237 -56.83237 -56.83236 -56.83237
 -56.84292 -56.84292 -56.84292 -56.84292 -56.84292
 -56.86811 -56.86811 -56.86811 -56.86810 -56.86819
 -56.91092 -56.91092 -56.91092 -56.91094 -56.91097
 -56.96778 -56.96778 -56.96778 -56.96778 -56.96815
 -57.07946 -57.07946 -57.07946 -57.07946 -57.07988
 -57.20712 -57.20712 -57.20712 -57.20713 -57.20711
 -57.33586 -57.33586 -57.33586 -57.33586 -57.33586
 -57.46686 -57.46686 -57.46687 -57.46687 -57.46687
 -57.59804 -57.59804 -57.59804 -57.59804 -57.59803
 -57.72934 -57.72934 -57.72934 -57.72934 -57.72942
****13**************************************
 -71.74774 -71.74774 -71.74774 -71.74890 -71.75130
 -66.56254 -66.56254 -66.56254 -66.56255 -66.56338
 -62.33121 -62.33121 -62.33125 -62.33125 -62.33215
 -60.06899 -60.06899 -60.06899 -60.06904 -60.07145
 -58.68293 -58.68293 -58.68293 -58.68393 -58.68402
 -57.77229 -57.77229 -57.77229 -57.77229 -57.77241
 -57.26506 -57.26506 -57.26507 -57.26513 -57.26521
 -57.02085 -57.02085 -57.02085 -57.02085 -57.02128
 -56.92038 -56.92038 -56.92038 -56.92038 -56.92104
 -56.89523 -56.89523 -56.89523 -56.89524 -56.89614
 -56.91086 -56.91086 -56.91086 -56.91086 -56.91088
 -56.94191 -56.94191 -56.94191 -56.94192 -56.94227
 -56.99105 -56.99105 -56.99105 -56.99105 -56.99144
 -57.04916 -57.04916 -57.04916 -57.04916 -57.04921
 -57.14405 -57.14404 -57.14404 -57.14404 -57.14411
 -57.27185 -57.27185 -57.27185 -57.27185 -57.27184
 -57.40124 -57.40124 -57.40124 -57.40124 -57.40129
 -57.53185 -57.53185 -57.53185 -57.53185 -57.53185
 -57.66302 -57.66302 -57.66302 -57.66302 -57.66302
 -57.79404 -57.79404 -57.79404 -57.79404 -57.79404
****14**************************************
 -71.34203 -71.34203 -71.34203 -71.34206 -71.34854
 -65.79907 -65.79907 -65.79907 -65.79907 -65.80292
 -62.30735 -62.30735 -62.30735 -62.30776 -62.30911
 -60.03318 -60.03318 -60.03318 -60.03318 -60.03405
 -58.60389 -58.60389 -58.60389 -58.60389 -58.60420
 -57.74627 -57.74627 -57.74640 -57.74642 -57.74677
 -57.28624 -57.28624 -57.28624 -57.28634 -57.28718
 -57.07022 -57.07022 -57.07022 -57.07021 -57.07063
 -56.98561 -56.98561 -56.98561 -56.98558 -56.98630
 -56.96950 -56.96950 -56.96950 -56.96950 -56.97008
 -56.98960 -56.98960 -56.98960 -56.98960 -56.98989
 -57.03102 -57.03102 -57.03102 -57.03103 -57.03174
 -57.08210 -57.08210 -57.08209 -57.08212 -57.08214
 -57.14209 -57.14209 -57.14209 -57.14213 -57.14269
 -57.22567 -57.22567 -57.22567 -57.22567 -57.22572
 -57.35427 -57.35427 -57.35436 -57.35435 -57.35439
 -57.48347 -57.48347 -57.48347 -57.48356 -57.48355
 -57.61406 -57.61406 -57.61406 -57.61406 -57.61406
 -57.74539 -57.74539 -57.74539 -57.74539 -57.74539
 -57.87627 -57.87627 -57.87627 -57.87627 -57.87627
****15**************************************
 -72.21808 -72.21808 -72.21808 -72.21808 -72.22074
 -66.02001 -66.02001 -66.02001 -66.02001 -66.02169
 -62.30031 -62.30031 -62.30031 -62.30063 -62.30174
 -59.92302 -59.92302 -59.92302 -59.92302 -59.92338
 -58.50254 -58.50254 -58.50254 -58.50253 -58.50325
 -57.71431 -57.71431 -57.71431 -57.71430 -57.71430
 -57.29960 -57.29960 -57.29960 -57.29957 -57.29998
 -57.10374 -57.10374 -57.10374 -57.10413 -57.10490
 -57.03254 -57.03254 -57.03254 -57.03251 -57.03313
 -57.03004 -57.03004 -57.03004 -57.03001 -57.03057
 -57.06413 -57.06413 -57.06413 -57.06450 -57.06487
 -57.12625 -57.12625 -57.12625 -57.12579 -57.12622
 -57.19281 -57.19281 -57.19281 -57.19280 -57.19309
 -57.26919 -57.26919 -57.26919 -57.26919 -57.26909
 -57.35747 -57.35747 -57.35747 -57.35746 -57.35720
 -57.48603 -57.48603 -57.48603 -57.48602 -57.48602
 -57.61608 -57.61608 -57.61608 -57.61608 -57.61609
 -57.74720 -57.74720 -57.74720 -57.74702 -57.74716
 -57.87857 -57.87857 -57.87857 -57.87857 -57.87852
 -58.00956 -58.00956 -58.00956 -58.00956 -58.00947
****16**************************************
 -73.17249 -73.17249 -73.17249 -73.17247 -73.17247
 -66.47251 -66.47251 -66.47251 -66.47251 -66.47312
 -62.48161 -62.48161 -62.48161 -62.48161 -62.48215
 -59.87332 -59.87332 -59.87332 -59.87331 -59.87331
 -58.42588 -58.42588 -58.42588 -58.42654 -58.42645
 -57.68060 -57.68060 -57.68060 -57.68057 -57.68148
 -57.30873 -57.30873 -57.30924 -57.30918 -57.30959
 -57.13668 -57.13668 -57.13668 -57.13657 -57.13578
 -57.06503 -57.06503 -57.06503 -57.06492 -57.06704
 -57.05122 -57.05122 -57.05121 -57.05114 -57.05035
 -57.07024 -57.07024 -57.07024 -57.07016 -57.07262
 -57.12071 -57.12071 -57.12070 -57.12063 -57.12007
 -57.17648 -57.17648 -57.17647 -57.17640 -57.17704
 -57.24574 -57.24574 -57.24574 -57.24572 -57.24578
 -57.32285 -57.32285 -57.32284 -57.32279 -57.32304
 -57.44707 -57.44707 -57.44706 -57.44703 -57.44687
 -57.57634 -57.57634 -57.57633 -57.57632 -57.57622
 -57.70571 -57.70571 -57.70571 -57.70569 -57.70692
 -57.83804 -57.83804 -57.83803 -57.83803 -57.83790
 -57.96930 -57.96930 -57.96930 -57.96930 -57.96921
****17**************************************
 -73.80425 -73.80425 -73.80425 -73.80425 -73.80559
 -66.21262 -66.21262 -66.21262 -66.21262 -66.21262
 -61.88991 -61.88991 -61.88991 -61.88991 -61.88991
 -59.59132 -59.59132 -59.59132 -59.59132 -59.59213
 -58.39637 -58.39637 -58.39637 -58.39637 -58.39688
 -57.79792 -57.79792 -57.79792 -57.79790 -57.79919
 -57.51139 -57.51139 -57.51139 -57.51139 -57.51198
 -57.38294 -57.38294 -57.38294 -57.38294 -57.38331
 -57.33068 -57.33068 -57.33068 -57.33068 -57.33098
 -57.31355 -57.31355 -57.31355 -57.31349 -57.31378
 -57.32001 -57.32001 -57.32001 -57.32001 -57.32037
 -57.34897 -57.34897 -57.34897 -57.34897 -57.34938
 -57.38535 -57.38535 -57.38535 -57.38535 -57.38535
 -57.43536 -57.43536 -57.43536 -57.43536 -57.43537
 -57.49385 -57.49385 -57.49385 -57.49385 -57.49459
 -57.60036 -57.60036 -57.60036 -57.60036 -57.60036
 -57.72724 -57.72724 -57.72724 -57.72724 -57.72738
 -57.85599 -57.85599 -57.85599 -57.85599 -57.85597
 -57.98753 -57.98753 -57.98753 -57.98753 -57.98753
 -58.11791 -58.11791 -58.11791 -58.11791 -58.11791
****18**************************************
 -74.00000 -74.00000 -74.00000 -74.00000 -74.00000
 -74.00000 -74.00000 -74.00000 -74.00000 -74.00000
 -74.00000 -74.00000 -74.00000 -74.00000 -74.00000
 -74.00000 -74.00000 -74.00000 -74.00000 -74.00000
 -74.00000 -74.00000 -74.00000 -74.00000 -74.00000
 -74.00000 -74.00000 -74.00000 -74.00000 -74.00000
 -38.50061 -38.50061 -38.50061 -38.50061 -38.50061
 -33.47223 -33.47223 -33.47223 -33.47223 -33.47223
 -30.76475 -30.76475 -30.76475 -30.76475 -30.76475
 -29.33532 -29.33532 -29.33532 -29.33532 -29.33532
 -28.59962 -28.59962 -28.59962 -28.59962 -28.59962
 -28.23600 -28.23600 -28.23600 -28.23600 -28.23600
 -28.05890 -28.05890 -28.05890 -28.05890 -28.05890
 -27.97911 -27.97911 -27.97911 -27.97911 -27.97911
 -27.94627 -27.94627 -27.94627 -27.94627 -27.94627
 -27.99123 -27.99123 -27.99123 -27.99123 -27.99123
 -28.10016 -28.10016 -28.10016 -28.10016 -28.10016
 -28.21978 -28.21978 -28.21978 -28.21978 -28.21978
 -28.34624 -28.34624 -28.34624 -28.34624 -28.34624
 -28.47309 -28.47309 -28.47309 -28.47309 -28.47309
****19**************************************
 -74.00000 -74.00000 -74.00000 -74.00000 -74.00000
 -74.00000 -74.00000 -74.00000 -74.00000 -74.00000
 -74.00000 -74.00000 -74.00000 -73.99672 -73.99672
 -67.70975 -67.70975 -67.70975 -67.70975 -67.70975
 -63.18050 -63.18050 -63.18050 -63.18050 -63.18050
 -60.77045 -60.77045 -60.77045 -60.77045 -49.51662
 -38.71930 -38.71930 -38.71930 -38.71930 -38.71930
 -33.46373 -33.46373 -33.46373 -33.46373 -33.46373
 -30.64528 -30.64528 -30.64528 -30.64528 -30.64528
 -29.15970 -29.15970 -29.15970 -29.15970 -29.15970
 -28.39715 -28.39715 -28.39715 -28.39715 -28.39715
 -28.02203 -28.02203 -28.02203 -28.02203 -28.02203
 -27.84505 -27.84505 -27.84505 -27.84505 -27.84505
 -27.76893 -27.76893 -27.76893 -27.76893 -27.76893
 -27.74550 -27.74550 -27.74550 -27.74550 -27.74550
 -27.77765 -27.77765 -27.77765 -27.77765 -27.77765
 -27.88598 -27.88598 -27.88598 -27.88598 -27.88598
 -28.00691 -28.00691 -28.00691 -28.00691 -28.00691
 -28.13023 -28.13023 -28.13023 -28.13023 -28.13023
 -28.25760 -28.25760 -28.25760 -28.25760 -28.25760
****20**************************************
 -74.00000 -74.00000 -74.00000 -74.00000 -74.00000
 -74.00000 -74.00000 -74.00000 -74.00000 -74.00000
 -71.08654 -71.08654 -71.08654 -71.08654 -71.08654
 -66.37456 -66.37456 -66.37456 -66.37456 -66.37456
 -62.36032 -62.36032 -62.36032 -62.36032 -62.36032
 -60.23083 -60.23083 -60.23083 -60.23083 -60.23083
 -39.13388 -39.05517 -39.05519 -39.05519 -39.05519
 -33.53422 -33.53422 -33.53422 -33.53422 -33.53422
 -30.57169 -30.57169 -30.57169 -30.57169 -30.57169
 -29.00756 -29.00756 -29.00756 -29.00756 -29.00756
 -28.20310 -28.20310 -28.20310 -28.20310 -28.20310
 -27.80456 -27.80456 -27.80456 -27.80456 -27.80456
 -27.62022 -27.62022 -27.62022 -27.62022 -27.62022
 -27.53837 -27.53837 -27.53837 -27.53837 -27.53837
 -27.51004 -27.50742 -27.51003 -27.51003 -27.51003
 -27.52891 -27.52891 -27.52891 -27.52891 -27.52891
 -27.63357 -27.63356 -27.63356 -27.63356 -27.63356
 -27.75373 -27.75374 -27.75373 -27.75373 -27.75373
 -27.87732 -27.87732 -27.87732 -27.87732 -27.87732
 -28.00553 -28.00553 -28.00553 -28.00553 -28.00553
****21**************************************
 -74.00000 -74.00000 -74.00000 -74.00000 -74.00000
 -74.00000 -74.00000 -74.00000 -74.00000 -74.00000
 -68.89642 -68.89642 -68.89642 -68.89642 -68.89642
 -65.07289 -65.07289 -65.07289 -65.07294 -65.07294
 -61.62991 -61.62991 -61.62991 -61.62991 -61.62991
 -59.81555 -59.81555 -59.81555 -59.81555 -59.81555
 -39.83624 -39.52224 -39.51803 -39.51802 -39.51802
 -33.72984 -33.72984 -33.72984 -33.72984 -33.72984
 -30.62482 -30.62482 -30.62482 -30.62482 -30.62482
 -28.98528 -28.98528 -28.98528 -28.98528 -28.98528
 -28.14061 -28.14061 -28.14061 -28.14061 -28.14061
 -27.72219 -27.72219 -27.72219 -27.72219 -27.72219
 -27.52492 -27.52492 -27.52492 -27.52492 -27.52492
 -27.43795 -27.43795 -27.43795 -27.43795 -27.43795
 -27.40662 -27.40662 -27.40662 -27.40662 -27.40662
 -27.41191 -27.41191 -27.41191 -27.41191 -27.41191
 -27.51839 -27.51839 -27.51839 -27.51839 -27.51839
 -27.63565 -27.63565 -27.63565 -27.63565 -27.63565
 -27.75923 -27.75923 -27.75923 -27.75923 -27.75923
 -27.88718 -27.88718 -27.88718 -27.88718 -27.88718
****22**************************************
 -74.00000 -74.00000 -74.00000 -74.00000 -74.00000
 -73.51073 -73.51073 -73.51073 -73.51073 -73.51176
 -67.09637 -67.09637 -67.09637 -67.09637 -67.09637
 -63.50991 -63.50991 -63.50991 -63.50991 -63.50991
 -61.18163 -61.18163 -61.18163 -61.18163 -61.18164
 -59.59397 -59.59397 -59.59397 -59.59397 -59.59396
 -58.69479 -40.16280 -40.01773 -40.01064 -40.01032
 -33.92672 -33.92672 -33.92672 -33.92698 -33.92697
 -30.65533 -30.65533 -30.65533 -30.65533 -30.65533
 -28.92151 -28.92151 -28.92151 -28.92151 -28.92151
 -28.02534 -28.02534 -28.02534 -28.02534 -28.02534
 -27.57517 -27.57517 -27.57517 -27.57517 -27.57517
 -27.35680 -27.35680 -27.35680 -27.35680 -27.35680
 -27.25416 -27.25416 -27.25416 -27.25416 -27.25416
 -27.20751 -27.20751 -27.20751 -27.20751 -27.20751
 -27.19495 -27.19495 -27.19495 -27.19495 -27.19495
 -27.29395 -27.29357 -27.29395 -27.29395 -27.29395
 -27.41109 -27.41109 -27.41109 -27.41109 -27.41109
 -27.53419 -27.53419 -27.53419 -27.53419 -27.53419
 -27.66172 -27.66172 -27.66172 -27.66172 -27.66172
****23**************************************
 -74.00000 -74.00000 -74.00000 -74.00000 -74.00000
 -72.08481 -72.08481 -72.08481 -72.08481 -72.08481
 -66.07253 -66.07253 -66.07253 -66.07253 -66.07253
 -62.82825 -62.82825 -62.82825 -62.82825 -62.83024
 -60.86301 -60.86301 -60.86301 -60.86301 -60.86300
 -59.45672 -59.45672 -59.45672 -59.45672 -59.45671
 -41.56861 -41.34352 -40.66576 -40.66576 -40.66576
 -34.36826 -34.36826 -34.36826 -34.36826 -34.36826
 -30.96603 -30.96603 -30.96603 -30.96603 -30.96605
 -29.11046 -29.11046 -29.11046 -29.11046 -29.11046
 -28.10121 -28.10121 -28.10121 -28.10121 -28.10121
 -27.57602 -27.57602 -27.57602 -27.57602 -27.57602
 -27.32187 -27.32187 -27.32187 -27.32187 -27.32187
 -27.20929 -27.20929 -27.20929 -27.20929 -27.20929
 -27.16914 -27.16914 -27.16914 -27.16914 -27.16914
 -27.17229 -27.17229 -27.17229 -27.17229 -27.17230
 -27.25491 -27.25491 -27.25491 -27.25491 -27.25491
 -27.36924 -27.36924 -27.36924 -27.36924 -27.36924
 -27.49232 -27.49232 -27.49232 -27.49232 -27.49232
 -27.61884 -27.61884 -27.61884 -27.61884 -27.61992
****24**************************************
 -74.00000 -74.00000 -74.00000 -74.00000 -74.00000
 -72.61220 -72.61220 -72.61220 -72.61220 -72.61220
 -66.28896 -66.28896 -66.28896 -66.28896 -66.28896
 -62.87317 -62.87317 -62.87317 -62.87317 -62.87317
 -60.79627 -60.79627 -60.79627 -60.79627 -60.79626
 -59.34068 -59.34068 -59.34068 -59.34068 -59.34066
 -58.51763 -42.03871 -42.03871 -41.39800 -41.39800
 -34.58585 -34.58584 -34.58584 -34.58584 -34.58584
 -30.90513 -30.90513 -30.90513 -30.90513 -30.90513
 -28.90719 -28.90719 -28.90719 -28.90719 -28.90719
 -27.82344 -27.82344 -27.82344 -27.82344 -27.82319
 -27.25772 -27.25772 -27.25765 -27.25765 -27.25779
 -26.98463 -26.98463 -26.98463 -26.98463 -26.98463
 -26.86592 -26.86592 -26.86592 -26.86592 -26.86565
 -26.83057 -26.83057 -26.83057 -26.83086 -26.83086
 -26.83802 -26.83802 -26.83802 -26.83802 -26.83802
 -26.90997 -26.90997 -26.90997 -26.90997 -26.90999
 -27.02405 -27.02405 -27.02405 -27.02405 -27.02405
 -27.14372 -27.14372 -27.14372 -27.14372 -27.14372
 -27.27017 -27.27017 -27.27017 -27.27017 -27.27017
****25**************************************
 -74.00000 -74.00000 -74.00000 -74.00000 -74.00000
 -73.06894 -73.06894 -73.06894 -73.06894 -73.06934
 -65.93645 -65.93645 -65.93645 -65.93645 -65.93645
 -62.07549 -62.07549 -62.07549 -62.07549 -62.07549
 -60.02892 -60.02892 -60.02892 -60.02892 -60.02892
 -58.97369 -58.97369 -58.97369 -58.97369 -58.97369
 -58.45636 -58.45636 -42.44656 -42.14131 -41.91869
 -34.93363 -34.93362 -34.93362 -34.93362 -34.93362
 -31.16731 -31.16731 -31.16731 -31.16730 -31.16730
 -29.12468 -29.12468 -29.12468 -29.12468 -29.12468
 -28.00760 -28.00760 -28.00760 -28.00760 -28.00760
 -27.41757 -27.41757 -27.41757 -27.41757 -27.41757
 -27.12695 -27.12695 -27.12695 -27.12695 -27.12700
 -27.00200 -27.00200 -27.00200 -27.00200 -27.00200
 -26.96353 -26.96353 -26.96353 -26.96353 -26.96353
 -26.97100 -26.97100 -26.97100 -26.97100 -26.97100
 -27.03534 -27.03534 -27.03534 -27.03534 -27.03534
 -27.14564 -27.14564 -27.14564 -27.14564 -27.14569
 -27.26711 -27.26711 -27.26711 -27.26711 -27.26711
 -27.39356 -27.39356 -27.39356 -27.39356 -27.39356
****26**************************************
 -74.00000 -74.00000 -74.00000 -74.00000 -74.00000
 -74.00000 -74.00000 -74.00000 -74.00000 -74.00000
 -74.00000 -74.00000 -74.00000 -74.00000 -74.00000
 -74.00000 -74.00000 -74.00000 -74.00000 -74.00000
 -74.00000 -74.00000 -74.00000 -74.00000 -74.00000
 -74.00000 -74.00000 -74.00000 -74.00000 -74.00000
 -74.00000 -74.00000 -74.00000 -74.00000 -74.00000
 -74.00000 -74.00000 -74.00000 -74.00000 -74.00000
 -74.00000 -74.00000 -74.00000 -74.00000 -74.00000
 -74.00000 -74.00000 -74.00000 -74.00000 -39.95461
 -33.48685 -33.48685 -33.48685 -33.48685 -33.48685
 -30.00381 -30.00381 -30.00381 -30.00381 -30.00381
 -28.14211 -28.14268 -28.14211 -28.14211 -28.14211
 -27.16873 -27.16873 -27.16873 -27.16873 -27.16873
 -26.68156 -26.68156 -26.68156 -26.68156 -26.68156
 -26.45173 -26.45173 -26.45173 -26.45173 -26.45173
 -26.37717 -26.37717 -26.37717 -26.37717 -26.37717
 -26.40972 -26.40972 -26.40972 -26.40972 -26.40972
 -26.48889 -26.48889 -26.48889 -26.48889 -26.48889
 -26.59134 -26.59134 -26.59134 -26.59134 -26.59134
****27**************************************
 -74.00000 -74.00000 -74.00000 -74.00000 -74.00000
 -74.00000 -74.00000 -74.00000 -74.00000 -74.00000
 -74.00000 -74.00000 -74.00000 -74.00000 -74.00000
 -74.00000 -74.00000 -74.00000 -74.00000 -74.00000
 -74.00000 -74.00000 -74.00000 -74.00000 -74.00000
 -74.00000 -74.00000 -74.00000 -74.00000 -74.00000
 -74.00000 -74.00000 -74.00000 -74.00000 -74.00000
 -74.00000 -74.00000 -74.00000 -74.00000 -74.00000
 -74.00000 -74.00000 -74.00000 -74.00000 -74.00000
 -74.00000 -74.00000 -74.00000 -74.00000 -74.00000
 -34.08080 -34.08052 -34.08052 -34.08052 -34.08052
 -30.46448 -30.46448 -30.46448 -30.46448 -30.46448
 -28.53119 -28.53117 -28.53117 -28.53117 -28.53117
 -27.51626 -27.51626 -27.51626 -27.51626 -27.51626
 -27.00346 -27.00346 -27.00346 -27.00346 -27.00346
 -26.76091 -26.76091 -26.76091 -26.76091 -26.76091
 -26.67496 -26.67496 -26.67496 -26.67496 -26.67496
 -26.70360 -26.70360 -26.70360 -26.70360 -26.70360
 -26.77985 -26.77985 -26.77985 -26.77985 -26.77985
 -26.87852 -26.87852 -26.87852 -26.87852 -26.87852
