   14    5   35    1   14F: Be 50. Si3N4 0.055 Si 0.7 A:Si 3. 200. 380.
******************************************
  11.00000  12.00000  13.00000  14.00000  15.00000
   0.00000   0.14613   0.29447   0.44091   0.58771   0.73560   0.88252   1.02938
   1.17609   1.32428   1.47129   1.61805   1.76492   1.91169   2.06070   2.20683
   2.35218   2.49969   2.64738   2.79379   2.94101   3.08991   3.23553   3.38202
   3.52892   3.67669   3.82347   3.97081   4.11727   4.26482   4.41162   4.55871
   4.70586   4.85309   5.00000
**** 0**************************************
 -59.52998 -59.53545 -59.53269 -59.52065 -59.54711
 -58.70808 -58.71210 -58.71021 -58.70147 -58.73254
 -58.09029 -58.09191 -58.09106 -58.08841 -58.13856
 -57.63309 -57.63448 -57.63404 -57.63824 -57.72440
 -57.28176 -57.28404 -57.28385 -57.29671 -57.43287
 -57.03171 -57.03324 -57.03485 -57.05849 -57.24477
 -56.84746 -56.84818 -56.85141 -56.88519 -57.11876
 -56.71933 -56.72092 -56.72408 -56.76767 -57.03818
 -56.62647 -56.62795 -56.63258 -56.68308 -56.98328
 -56.56985 -56.57145 -56.57637 -56.63187 -56.95099
 -56.53508 -56.53672 -56.54229 -56.60081 -56.93111
 -56.50146 -56.50263 -56.50888 -56.57069 -56.91311
 -56.49913 -56.50014 -56.50623 -56.56763 -56.91108
 -56.49597 -56.49681 -56.50291 -56.56417 -56.90878
 -56.54691 -56.54801 -56.55326 -56.60754 -56.93085
 -56.61210 -56.61267 -56.61739 -56.66411 -56.96050
 -56.67945 -56.68015 -56.68459 -56.72373 -56.99557
 -56.74819 -56.74930 -56.75300 -56.78686 -57.03187
 -56.81895 -56.81990 -56.82298 -56.85091 -57.07104
 -56.89049 -56.89059 -56.89349 -56.91733 -57.11370
 -56.96219 -56.96299 -56.96583 -56.98531 -57.15950
 -57.03459 -57.03498 -57.03773 -57.05414 -57.20744
 -57.10741 -57.10743 -57.11020 -57.12341 -57.25839
 -57.18049 -57.18108 -57.18204 -57.19411 -57.31085
 -57.25342 -57.25355 -57.25544 -57.26498 -57.36637
 -57.32679 -57.32749 -57.32822 -57.33625 -57.42354
 -57.39993 -57.40010 -57.40133 -57.40846 -57.48281
 -57.47347 -57.47338 -57.47475 -57.48094 -57.54413
 -57.54684 -57.54713 -57.54773 -57.55304 -57.60684
 -57.62016 -57.62038 -57.62118 -57.62590 -57.67084
 -57.69395 -57.69354 -57.69460 -57.69873 -57.73618
 -57.76707 -57.76734 -57.76825 -57.77151 -57.80366
 -57.84101 -57.84089 -57.84175 -57.84447 -57.87093
 -57.91432 -57.91414 -57.91510 -57.91780 -57.93888
 -57.98757 -57.98779 -57.98811 -57.99076 -58.00894
**** 1**************************************
 -59.95003 -59.95054 -59.95192 -59.96844 -60.07843
 -58.87127 -58.87127 -58.87216 -58.88287 -58.95766
 -58.09050 -58.09095 -58.09267 -58.09994 -58.15806
 -57.54295 -57.54294 -57.54335 -57.55053 -57.60245
 -57.16508 -57.16581 -57.16585 -57.17421 -57.22431
 -56.91053 -56.91093 -56.91205 -56.92077 -56.97275
 -56.74333 -56.74354 -56.74403 -56.75307 -56.80822
 -56.63655 -56.63651 -56.63759 -56.64656 -56.70251
 -56.56995 -56.57008 -56.57146 -56.57978 -56.63602
 -56.53383 -56.53376 -56.53503 -56.54202 -56.59789
 -56.51489 -56.51653 -56.51415 -56.52385 -56.57629
 -56.51260 -56.51254 -56.51036 -56.51786 -56.56885
 -56.51772 -56.51767 -56.51886 -56.52496 -56.57034
 -56.53210 -56.53205 -56.53305 -56.53631 -56.57989
 -56.55266 -56.55244 -56.55372 -56.55741 -56.59729
 -56.56828 -56.56994 -56.57153 -56.57535 -56.60997
 -56.59772 -56.59790 -56.59943 -56.60167 -56.63553
 -56.62734 -56.62754 -56.62685 -56.63129 -56.65977
 -56.68513 -56.68536 -56.68563 -56.68814 -56.71318
 -56.75574 -56.75597 -56.75651 -56.75878 -56.78026
 -56.82726 -56.82723 -56.82797 -56.82965 -56.84778
 -56.89948 -56.89948 -56.90004 -56.90130 -56.91660
 -56.97240 -56.97186 -56.97211 -56.97350 -56.98670
 -57.04437 -57.04549 -57.04476 -57.04579 -57.05786
 -57.11727 -57.11725 -57.11778 -57.11838 -57.12824
 -57.19176 -57.19097 -57.19072 -57.19192 -57.20034
 -57.26409 -57.26408 -57.26490 -57.26485 -57.27156
 -57.33858 -57.33744 -57.33737 -57.33750 -57.34399
 -57.41106 -57.41105 -57.40975 -57.41151 -57.41650
 -57.48435 -57.48434 -57.48583 -57.48356 -57.48865
 -57.55810 -57.55810 -57.55789 -57.55925 -57.56265
 -57.62961 -57.62961 -57.62981 -57.63149 -57.63475
 -57.70471 -57.70472 -57.70468 -57.70506 -57.70779
 -57.77826 -57.77826 -57.77820 -57.77852 -57.78091
 -57.85191 -57.85190 -57.85188 -57.85197 -57.85371
**** 2**************************************
 -60.36128 -60.36128 -60.36125 -60.36717 -60.41814
 -59.12875 -59.12873 -59.12932 -59.13362 -59.17778
 -58.27042 -58.27038 -58.27093 -58.27431 -58.31679
 -57.67619 -57.67602 -57.67680 -57.68090 -57.73041
 -57.27130 -57.27148 -57.27212 -57.28372 -57.32988
 -56.99720 -56.99788 -57.00236 -57.01621 -57.06537
 -56.81867 -56.81814 -56.82806 -56.84342 -56.89194
 -56.69980 -56.70214 -56.71675 -56.73360 -56.78120
 -56.62839 -56.63341 -56.64974 -56.66603 -56.71283
 -56.59213 -56.59641 -56.61541 -56.63150 -56.67672
 -56.57369 -56.57969 -56.59860 -56.61406 -56.65798
 -56.56893 -56.57517 -56.59413 -56.60806 -56.65001
 -56.57928 -56.58446 -56.60282 -56.61639 -56.65576
 -56.59059 -56.59583 -56.61197 -56.62653 -56.66445
 -56.61571 -56.62021 -56.63608 -56.64948 -56.68463
 -56.63781 -56.64370 -56.65633 -56.66950 -56.70251
 -56.67623 -56.67687 -56.69212 -56.70494 -56.73556
 -56.70708 -56.70883 -56.72259 -56.73435 -56.76248
 -56.74006 -56.74269 -56.75414 -56.76558 -56.79026
 -56.77880 -56.78211 -56.79250 -56.80388 -56.82738
 -56.82835 -56.82855 -56.83824 -56.85022 -56.87110
 -56.89898 -56.90113 -56.90931 -56.92044 -56.93984
 -56.97220 -56.97271 -56.98078 -56.99334 -57.00890
 -57.04469 -57.04578 -57.05278 -57.06568 -57.08010
 -57.11773 -57.11846 -57.12527 -57.13717 -57.15082
 -57.19075 -57.19165 -57.19722 -57.21024 -57.22119
 -57.26412 -57.26444 -57.26997 -57.28263 -57.29405
 -57.33658 -57.33766 -57.34275 -57.35494 -57.36615
 -57.41059 -57.41211 -57.41420 -57.42670 -57.43741
 -57.48455 -57.48439 -57.48877 -57.50066 -57.51046
 -57.55745 -57.55649 -57.56083 -57.57218 -57.58283
 -57.63077 -57.63062 -57.63443 -57.64533 -57.65539
 -57.70213 -57.70277 -57.70601 -57.71781 -57.72812
 -57.77745 -57.77892 -57.77907 -57.78970 -57.80083
 -57.85270 -57.85121 -57.85665 -57.86178 -57.87385
**** 3**************************************
 -59.95500 -59.95500 -59.95500 -59.96735 -60.06165
 -58.91993 -58.91993 -58.91992 -58.93130 -59.01210
 -58.20119 -58.20119 -58.20190 -58.20979 -58.28125
 -57.70790 -57.70790 -57.70787 -57.71453 -57.77991
 -57.37360 -57.37359 -57.37458 -57.38132 -57.44062
 -57.15204 -57.15266 -57.15314 -57.15935 -57.21463
 -57.00956 -57.00954 -57.01022 -57.01618 -57.06695
 -56.92132 -56.92128 -56.92096 -56.92532 -56.97337
 -56.87008 -56.87004 -56.86966 -56.87591 -56.91785
 -56.84583 -56.84579 -56.84535 -56.85067 -56.88792
 -56.83844 -56.83839 -56.83792 -56.84283 -56.87650
 -56.84715 -56.84711 -56.84665 -56.85171 -56.87916
 -56.85976 -56.85972 -56.85927 -56.86130 -56.89007
 -56.87988 -56.87983 -56.87939 -56.88185 -56.90711
 -56.90478 -56.90476 -56.90796 -56.90739 -56.93052
 -56.93522 -56.93518 -56.93867 -56.93858 -56.95855
 -56.97221 -56.97217 -56.97178 -56.97435 -56.99116
 -57.00942 -57.00939 -57.00948 -57.01103 -57.02616
 -57.05317 -57.05313 -57.05331 -57.05468 -57.06818
 -57.09044 -57.09041 -57.09065 -57.09152 -57.10325
 -57.13491 -57.13488 -57.13459 -57.13554 -57.14610
 -57.17888 -57.17885 -57.17861 -57.17950 -57.18905
 -57.23970 -57.23968 -57.23945 -57.24040 -57.24820
 -57.31237 -57.31235 -57.31216 -57.31308 -57.31971
 -57.38609 -57.38608 -57.38591 -57.38653 -57.39126
 -57.45883 -57.45882 -57.45869 -57.45995 -57.46409
 -57.53199 -57.53197 -57.53187 -57.53226 -57.53680
 -57.60496 -57.60496 -57.60485 -57.60571 -57.60924
 -57.67934 -57.67933 -57.67925 -57.67844 -57.68138
 -57.75328 -57.75327 -57.75320 -57.75252 -57.75608
 -57.82677 -57.82676 -57.82670 -57.82613 -57.82656
 -57.90044 -57.90043 -57.90039 -57.89990 -57.90227
 -57.97170 -57.97170 -57.97165 -57.97126 -57.97439
 -58.04608 -58.04608 -58.04603 -58.04620 -58.04779
 -58.11988 -58.11987 -58.11984 -58.11954 -58.12082
**** 4**************************************
 -74.00000 -74.00000 -74.00000 -74.00000 -74.00000
 -74.00000 -74.00000 -74.00000 -74.00000 -74.00000
 -74.00000 -74.00000 -74.00000 -74.00000 -74.00000
 -73.53834 -73.53834 -73.53834 -73.53834 -73.53795
 -69.06856 -69.06856 -69.06856 -69.06855 -69.06852
 -65.74710 -65.74710 -65.74710 -65.74709 -65.74703
 -63.33577 -63.33577 -63.33577 -63.33576 -63.33583
 -61.56678 -61.56678 -61.56678 -61.56678 -61.56670
 -60.27691 -60.27691 -60.27691 -60.27691 -60.27685
 -59.34890 -59.34890 -59.34890 -59.34890 -59.34885
 -58.69495 -58.69495 -58.69495 -58.69495 -58.69517
 -58.23927 -58.23927 -58.23927 -58.23927 -58.23923
 -57.92703 -57.92703 -57.92703 -57.92703 -57.92700
 -57.71888 -57.71888 -57.71888 -57.71888 -57.71885
 -57.57566 -57.57566 -57.57566 -57.57566 -57.57563
 -57.48175 -57.48175 -57.48175 -57.48175 -57.48173
 -57.41956 -57.41956 -57.41956 -57.41956 -57.41954
 -57.38126 -57.38126 -57.38126 -57.38126 -57.38124
 -57.35244 -57.35244 -57.35244 -57.35243 -57.35242
 -57.34549 -57.34549 -57.34549 -57.34549 -57.34547
 -57.33808 -57.33808 -57.33808 -57.33807 -57.33806
 -57.33599 -57.33599 -57.33599 -57.33599 -57.33597
 -57.34587 -57.34587 -57.34587 -57.34587 -57.34586
 -57.37034 -57.37034 -57.37034 -57.37034 -57.37033
 -57.43685 -57.43685 -57.43685 -57.43684 -57.43683
 -57.50740 -57.50740 -57.50740 -57.50740 -57.50756
 -57.57523 -57.57523 -57.57523 -57.57523 -57.57523
 -57.65012 -57.65012 -57.65012 -57.65012 -57.65012
 -57.72132 -57.72132 -57.72132 -57.72132 -57.72132
 -57.79193 -57.79193 -57.79193 -57.79193 -57.79193
 -57.86405 -57.86405 -57.86405 -57.86405 -57.86405
 -57.93783 -57.93783 -57.93783 -57.93783 -57.93783
 -58.01119 -58.01119 -58.01119 -58.01119 -58.01119
 -58.08350 -58.08350 -58.08350 -58.08350 -58.08350
 -58.15684 -58.15684 -58.15684 -58.15684 -58.15684
**** 5**************************************
 -74.00000 -74.00000 -74.00000 -74.00000 -74.00000
 -73.10477 -73.10477 -73.10477 -73.10477 -73.10477
 -68.56965 -68.56965 -68.56965 -68.56965 -68.57064
 -65.31769 -65.31769 -65.31769 -65.31769 -65.31824
 -63.01998 -63.01998 -63.01998 -63.01998 -63.01998
 -61.40288 -61.40288 -61.40288 -61.40288 -61.40288
 -60.27059 -60.27059 -60.27059 -60.27059 -60.27108
 -59.48354 -59.48354 -59.48354 -59.48354 -59.48435
 -58.93927 -58.93927 -58.93927 -58.93927 -58.93926
 -58.55196 -58.55196 -58.55196 -58.55196 -58.55196
 -58.24993 -58.24993 -58.24993 -58.24993 -58.24992
 -57.99082 -57.99082 -57.99082 -57.99081 -57.99080
 -57.77197 -57.77197 -57.77197 -57.77197 -57.77200
 -57.60091 -57.60091 -57.60091 -57.60117 -57.60116
 -57.47761 -57.47761 -57.47761 -57.47761 -57.47761
 -57.39079 -57.39079 -57.39079 -57.39079 -57.39094
 -57.33546 -57.33546 -57.33545 -57.33546 -57.33545
 -57.29958 -57.29958 -57.29958 -57.29958 -57.29957
 -57.28084 -57.28084 -57.28084 -57.28084 -57.28082
 -57.26849 -57.26849 -57.26849 -57.26849 -57.26847
 -57.27482 -57.27482 -57.27482 -57.27482 -57.27482
 -57.27903 -57.27903 -57.27903 -57.27903 -57.27902
 -57.28487 -57.28487 -57.28487 -57.28487 -57.28470
 -57.30459 -57.30459 -57.30459 -57.30459 -57.30458
 -57.33092 -57.33092 -57.33092 -57.33092 -57.33090
 -57.40006 -57.40006 -57.40006 -57.40006 -57.40006
 -57.46959 -57.46959 -57.46959 -57.46959 -57.46978
 -57.54075 -57.54075 -57.54075 -57.54075 -57.54075
 -57.61287 -57.61287 -57.61287 -57.61287 -57.61287
 -57.68376 -57.68376 -57.68376 -57.68376 -57.68376
 -57.75610 -57.75610 -57.75610 -57.75610 -57.75610
 -57.82948 -57.82948 -57.82948 -57.82948 -57.82949
 -57.90260 -57.90260 -57.90260 -57.90260 -57.90260
 -57.97599 -57.97599 -57.97599 -57.97599 -57.97599
 -58.04902 -58.04902 -58.04902 -58.04902 -58.04901
**** 6**************************************
 -74.00000 -74.00000 -73.99910 -73.99910 -73.99910
 -70.99325 -70.99325 -70.99325 -70.99325 -70.99325
 -66.96249 -66.96460 -66.96460 -66.96460 -66.96460
 -64.11250 -64.12432 -64.12121 -64.12121 -64.12432
 -62.12805 -62.12805 -62.12805 -62.12805 -62.12806
 -60.72807 -60.72807 -60.72807 -60.72807 -60.72807
 -59.74611 -59.74611 -59.74611 -59.74611 -59.74742
 -59.05826 -59.05826 -59.05826 -59.05826 -59.05827
 -58.58050 -58.58050 -58.58050 -58.58050 -58.58140
 -58.24942 -58.24942 -58.24942 -58.24942 -58.24984
 -58.01530 -58.01530 -58.01530 -58.01530 -58.01530
 -57.83031 -57.83031 -57.83031 -57.83031 -57.83031
 -57.67198 -57.67198 -57.67198 -57.67198 -57.67198
 -57.53658 -57.53658 -57.53658 -57.53659 -57.53659
 -57.43098 -57.43098 -57.43098 -57.43098 -57.43108
 -57.35397 -57.35397 -57.35397 -57.35397 -57.35419
 -57.30240 -57.30240 -57.30240 -57.30240 -57.30240
 -57.27093 -57.27093 -57.27093 -57.27093 -57.27096
 -57.25158 -57.25158 -57.25158 -57.25158 -57.25160
 -57.24790 -57.24790 -57.24790 -57.24791 -57.24792
 -57.24617 -57.24617 -57.24617 -57.24617 -57.24617
 -57.26131 -57.26131 -57.26131 -57.26131 -57.26158
 -57.27084 -57.27084 -57.27084 -57.27085 -57.27085
 -57.28600 -57.28600 -57.28600 -57.28600 -57.28600
 -57.30916 -57.30916 -57.30916 -57.30918 -57.30919
 -57.34396 -57.34396 -57.34396 -57.34396 -57.34398
 -57.41343 -57.41343 -57.41343 -57.41343 -57.41343
 -57.48445 -57.48445 -57.48445 -57.48445 -57.48445
 -57.55595 -57.55595 -57.55595 -57.55595 -57.55627
 -57.62769 -57.62769 -57.62769 -57.62769 -57.62769
 -57.70046 -57.70046 -57.70046 -57.70046 -57.70046
 -57.77383 -57.77383 -57.77383 -57.77383 -57.77383
 -57.84617 -57.84617 -57.84617 -57.84617 -57.84617
 -57.91914 -57.91914 -57.91914 -57.91914 -57.91914
 -57.99285 -57.99285 -57.99285 -57.99285 -57.99285
**** 7**************************************
 -73.57105 -73.57105 -73.57105 -73.57105 -73.57257
 -68.88478 -68.88478 -68.88478 -68.88478 -68.88635
 -65.42093 -65.42403 -65.42348 -65.42403 -65.42511
 -62.98566 -62.98753 -62.98753 -62.98753 -62.98951
 -61.28767 -61.28767 -61.28767 -61.28767 -61.28767
 -60.10606 -60.10606 -60.10606 -60.10606 -60.10863
 -59.28643 -59.28682 -59.28682 -59.28682 -59.28750
 -58.71330 -58.71330 -58.71330 -58.71330 -58.71328
 -58.31045 -58.31045 -58.31045 -58.31045 -58.31087
 -58.02893 -58.02893 -58.02893 -58.02892 -58.02892
 -57.83663 -57.83663 -57.83663 -57.83663 -57.83663
 -57.69905 -57.69905 -57.69905 -57.69905 -57.69916
 -57.58708 -57.58708 -57.58708 -57.58708 -57.58741
 -57.49131 -57.49131 -57.49131 -57.49131 -57.49156
 -57.41099 -57.41099 -57.41099 -57.41099 -57.41132
 -57.35232 -57.35232 -57.35232 -57.35232 -57.35232
 -57.30936 -57.30936 -57.30936 -57.30936 -57.31000
 -57.28460 -57.28460 -57.28460 -57.28460 -57.28465
 -57.27278 -57.27278 -57.27278 -57.27278 -57.27282
 -57.27034 -57.27034 -57.27034 -57.27034 -57.27068
 -57.27735 -57.27735 -57.27735 -57.27754 -57.27759
 -57.28834 -57.28834 -57.28834 -57.28834 -57.28834
 -57.30977 -57.30977 -57.30977 -57.30977 -57.30983
 -57.32532 -57.32532 -57.32532 -57.32532 -57.32539
 -57.34949 -57.34949 -57.34949 -57.34949 -57.34949
 -57.37659 -57.37659 -57.37684 -57.37684 -57.37684
 -57.42457 -57.42457 -57.42457 -57.42457 -57.42457
 -57.49539 -57.49539 -57.49539 -57.49539 -57.49539
 -57.56630 -57.56630 -57.56630 -57.56630 -57.56638
 -57.63849 -57.63849 -57.63849 -57.63849 -57.63850
 -57.71081 -57.71081 -57.71081 -57.71081 -57.71081
 -57.78367 -57.78367 -57.78367 -57.78367 -57.78367
 -57.85629 -57.85629 -57.85629 -57.85629 -57.85630
 -57.92952 -57.92952 -57.92952 -57.92952 -57.92952
 -58.00394 -58.00394 -58.00394 -58.00394 -58.00394
**** 8**************************************
 -68.40275 -68.40275 -68.40275 -68.40505 -68.43109
 -66.27213 -66.27209 -66.27379 -66.27552 -66.29652
 -64.53927 -64.53933 -64.53964 -64.54059 -64.55140
 -62.65253 -62.65253 -62.65253 -62.65265 -62.65561
 -61.11670 -61.11670 -61.11670 -61.11676 -61.11927
 -60.00429 -60.00429 -60.00429 -60.00451 -60.00662
 -59.20482 -59.20482 -59.20482 -59.20516 -59.20642
 -58.63149 -58.63149 -58.63150 -58.63150 -58.63329
 -58.22421 -58.22421 -58.22421 -58.22452 -58.22630
 -57.94239 -57.94239 -57.94239 -57.94257 -57.94344
 -57.75136 -57.75136 -57.75136 -57.75136 -57.75242
 -57.62466 -57.62466 -57.62466 -57.62542 -57.62570
 -57.53476 -57.53476 -57.53476 -57.53484 -57.53677
 -57.46483 -57.46483 -57.46483 -57.46490 -57.46658
 -57.40998 -57.40998 -57.40998 -57.41045 -57.41106
 -57.36794 -57.36794 -57.36794 -57.36794 -57.36943
 -57.34120 -57.34120 -57.34120 -57.34147 -57.34220
 -57.32316 -57.32316 -57.32316 -57.32316 -57.32550
 -57.32042 -57.32042 -57.32042 -57.32042 -57.32136
 -57.32344 -57.32344 -57.32344 -57.32346 -57.32451
 -57.33552 -57.33552 -57.33552 -57.33556 -57.33700
 -57.35024 -57.35049 -57.35049 -57.35075 -57.35189
 -57.37453 -57.37453 -57.37453 -57.37454 -57.37508
 -57.40153 -57.40153 -57.40153 -57.40153 -57.40188
 -57.42076 -57.42076 -57.42076 -57.42076 -57.42164
 -57.45576 -57.45576 -57.45576 -57.45576 -57.45633
 -57.48535 -57.48535 -57.48535 -57.48535 -57.48572
 -57.54897 -57.54897 -57.54897 -57.54906 -57.54965
 -57.62117 -57.62117 -57.62117 -57.62117 -57.62125
 -57.69273 -57.69273 -57.69273 -57.69273 -57.69339
 -57.76476 -57.76476 -57.76476 -57.76476 -57.76488
 -57.83822 -57.83822 -57.83822 -57.83822 -57.83822
 -57.91143 -57.91143 -57.91143 -57.91143 -57.91163
 -57.98446 -57.98446 -57.98446 -57.98446 -57.98441
 -58.05755 -58.05755 -58.05755 -58.05755 -58.05755
**** 9**************************************
 -68.37675 -68.37675 -68.37675 -68.37902 -68.39997
 -66.09751 -66.09751 -66.09870 -66.09991 -66.11705
 -64.26775 -64.26775 -64.26775 -64.26951 -64.27942
 -62.46071 -62.46071 -62.46071 -62.46071 -62.46388
 -60.98935 -60.98935 -60.98935 -60.98935 -60.99133
 -59.90059 -59.90059 -59.90059 -59.90058 -59.90240
 -59.10803 -59.10803 -59.10803 -59.10775 -59.11059
 -58.53862 -58.53862 -58.53854 -58.53914 -58.54089
 -58.13767 -58.13767 -58.13767 -58.13823 -58.14107
 -57.86408 -57.86408 -57.86408 -57.86422 -57.86788
 -57.68381 -57.68381 -57.68381 -57.68463 -57.68903
 -57.56853 -57.56853 -57.56853 -57.56930 -57.57311
 -57.49663 -57.49663 -57.49663 -57.49782 -57.50167
 -57.45018 -57.45018 -57.45018 -57.45013 -57.45441
 -57.42097 -57.42097 -57.42130 -57.42122 -57.42539
 -57.40125 -57.40125 -57.40125 -57.40208 -57.40581
 -57.39550 -57.39550 -57.39614 -57.39607 -57.39965
 -57.39715 -57.39715 -57.39716 -57.39799 -57.40087
 -57.40316 -57.40316 -57.40316 -57.40312 -57.40635
 -57.42062 -57.42062 -57.42062 -57.42140 -57.42408
 -57.43803 -57.43803 -57.43803 -57.43796 -57.44049
 -57.46700 -57.46700 -57.46703 -57.46696 -57.46899
 -57.49061 -57.49061 -57.49061 -57.49064 -57.49314
 -57.52880 -57.52880 -57.52880 -57.52879 -57.53023
 -57.56189 -57.56189 -57.56189 -57.56189 -57.56327
 -57.59293 -57.59293 -57.59293 -57.59308 -57.59448
 -57.63301 -57.63301 -57.63301 -57.63301 -57.63465
 -57.67506 -57.67506 -57.67506 -57.67625 -57.67688
 -57.74784 -57.74784 -57.74784 -57.74783 -57.74778
 -57.81968 -57.81968 -57.81968 -57.81968 -57.81995
 -57.89192 -57.89192 -57.89192 -57.89205 -57.89258
 -57.96547 -57.96547 -57.96547 -57.96547 -57.96568
 -58.03721 -58.03721 -58.03721 -58.03721 -58.03903
 -58.11073 -58.11074 -58.11074 -58.11102 -58.11101
 -58.18535 -58.18535 -58.18535 -58.18535 -58.18561
****10**************************************
 -68.51786 -68.51786 -68.51786 -68.51786 -68.52454
 -66.11158 -66.11158 -66.11158 -66.11158 -66.11683
 -64.32258 -64.32258 -64.32258 -64.32258 -64.32511
 -62.53780 -62.53780 -62.53780 -62.53780 -62.53912
 -60.94919 -60.94919 -60.94918 -60.94916 -60.94912
 -59.79113 -59.79113 -59.79113 -59.79107 -59.79172
 -58.98137 -58.98137 -58.98136 -58.98125 -58.98201
 -58.42298 -58.42298 -58.42296 -58.42331 -58.42472
 -58.04279 -58.04279 -58.04276 -58.04253 -58.04460
 -57.78981 -57.78980 -57.78978 -57.78951 -57.79289
 -57.62681 -57.62681 -57.62761 -57.62732 -57.63108
 -57.52765 -57.52765 -57.52762 -57.52798 -57.53158
 -57.47053 -57.47053 -57.47050 -57.47078 -57.47472
 -57.44051 -57.44051 -57.44048 -57.44071 -57.44421
 -57.42727 -57.42727 -57.42723 -57.42745 -57.43079
 -57.42835 -57.42835 -57.42831 -57.42856 -57.43148
 -57.43553 -57.43553 -57.43554 -57.43579 -57.43832
 -57.45190 -57.45190 -57.45187 -57.45251 -57.45416
 -57.46753 -57.46753 -57.46750 -57.46776 -57.46953
 -57.48855 -57.48854 -57.48851 -57.48867 -57.48977
 -57.51271 -57.51270 -57.51267 -57.51240 -57.51377
 -57.53880 -57.53879 -57.53877 -57.53969 -57.54035
 -57.56854 -57.56853 -57.56851 -57.56881 -57.56918
 -57.59949 -57.59949 -57.59947 -57.59926 -57.60004
 -57.63515 -57.63515 -57.63513 -57.63494 -57.63534
 -57.66216 -57.66215 -57.66214 -57.66286 -57.66269
 -57.69945 -57.69945 -57.69943 -57.69928 -57.69942
 -57.73568 -57.73568 -57.73566 -57.73553 -57.73598
 -57.79401 -57.79401 -57.79400 -57.79388 -57.79388
 -57.86748 -57.86748 -57.86747 -57.86737 -57.86636
 -57.93784 -57.93784 -57.93783 -57.93774 -57.93982
 -58.01261 -58.01261 -58.01261 -58.01253 -58.01180
 -58.08361 -58.08361 -58.08360 -58.08592 -58.08531
 -58.15763 -58.15763 -58.15762 -58.15757 -58.15782
 -58.23081 -58.23081 -58.23080 -58.23076 -58.23089
****11**************************************
 -67.38423 -67.38423 -67.38423 -67.38725 -67.39646
 -64.39337 -64.39337 -64.39337 -64.39337 -64.40271
 -62.28014 -62.28014 -62.28014 -62.28252 -62.28974
 -60.79752 -60.79752 -60.79752 -60.79752 -60.80381
 -59.76084 -59.76084 -59.76084 -59.76155 -59.76589
 -59.04290 -59.04290 -59.04290 -59.04290 -59.04705
 -58.55270 -58.55270 -58.55270 -58.55314 -58.55672
 -58.22453 -58.22453 -58.22453 -58.22453 -58.22872
 -58.00730 -58.00730 -58.00730 -58.00730 -58.01111
 -57.86681 -57.86681 -57.86681 -57.86681 -57.87142
 -57.78291 -57.78291 -57.78291 -57.78367 -57.78823
 -57.73963 -57.73963 -57.73963 -57.74031 -57.74443
 -57.72046 -57.72046 -57.72046 -57.72111 -41.76087
 -37.76087 -38.76087 -39.88405 -38.85690 -37.85910
 -33.85910 -38.12418 -37.12418 -36.12418 -35.12826
 -37.21555 -36.21555 -35.21555 -34.21605 -33.22008
 -35.88875 -34.88875 -33.88875 -32.88875 -31.89112
 -34.97748 -33.97748 -32.97748 -31.97748 -30.98038
 -34.36048 -33.36048 -32.36048 -31.36048 -30.36399
 -33.94674 -32.94674 -31.94674 -30.94674 -29.94945
 -33.69117 -32.69117 -31.69117 -30.69117 -29.69417
 -33.53239 -32.53239 -31.53239 -30.53239 -29.53447
 -33.45373 -32.45373 -31.45373 -30.45373 -29.45460
 -33.41717 -32.41717 -31.41717 -30.41717 -29.41797
 -33.42521 -32.42521 -31.42521 -30.42521 -29.42603
 -33.44856 -32.44856 -31.44856 -30.44856 -29.45028
 -33.48239 -32.48239 -31.48239 -30.48239 -29.48332
 -33.53762 -32.53762 -31.53762 -30.53762 -29.53972
 -33.60090 -32.60090 -31.60090 -30.60212 -29.60212
 -33.73032 -32.73032 -31.73032 -30.73032 -29.73196
 -33.86576 -32.86576 -31.86576 -30.86576 -29.86576
 -34.00435 -33.00435 -32.00435 -31.00435 -30.00435
 -34.14497 -33.14497 -32.14497 -31.14497 -30.14497
 -34.28610 -33.28610 -32.28610 -31.28610 -30.28610
 -34.43011 -33.43011 -32.43011 -31.43011 -30.43011
****12**************************************
 -74.00000 -74.00000 -74.00000 -74.00000 -74.00000
 -74.00000 -74.00000 -74.00000 -74.00000 -74.00000
 -74.00000 -74.00000 -74.00000 -74.00000 -74.00000
 -74.00000 -74.00000 -74.00000 -74.00000 -74.00000
 -74.00000 -74.00000 -74.00000 -74.00000 -74.00000
 -74.00000 -74.00000 -74.00000 -74.00000 -74.00000
 -74.00000 -74.00000 -74.00000 -74.00000 -74.00000
 -74.00000 -74.00000 -74.00000 -74.00000 -74.00000
 -74.00000 -74.00000 -74.00000 -74.00000 -74.00000
 -74.00000 -74.00000 -74.00000 -74.00000 -74.00000
 -74.00000 -74.00000 -74.00000 -74.00000 -74.00000
 -74.00000 -74.00000 -74.00000 -74.00000 -74.00000
 -74.00000 -74.00000 -39.64396 -39.64396 -39.64325
 -35.71408 -35.71408 -35.71408 -35.71408 -35.71408
 -32.93050 -32.93050 -32.93050 -32.93050 -32.93050
 -30.95735 -30.95735 -30.95735 -30.95735 -30.95735
 -29.56335 -29.56335 -29.56335 -29.56335 -29.56335
 -28.58333 -28.58333 -28.58333 -28.58333 -28.58333
 -27.89892 -27.89892 -27.89892 -27.89892 -27.89892
 -27.42454 -27.42454 -27.42454 -27.42454 -27.42454
 -27.10144 -27.10144 -27.10144 -27.10144 -27.10144
 -26.88638 -26.88638 -26.88638 -26.88638 -26.88638
 -26.74439 -26.74439 -26.74439 -26.74439 -26.74439
 -26.65303 -26.65303 -26.65303 -26.65303 -26.65303
 -26.59976 -26.59976 -26.59976 -26.59976 -26.59976
 -26.56976 -26.56976 -26.56976 -26.56976 -26.56976
 -26.55231 -26.55231 -26.55231 -26.55231 -26.55231
 -26.55034 -26.55034 -26.55034 -26.55034 -26.55034
 -26.55385 -26.55385 -26.55385 -26.55385 -26.55385
 -26.59224 -26.59224 -26.59224 -26.59224 -26.59224
 -26.65219 -26.65219 -26.65219 -26.65219 -26.65219
 -26.71758 -26.71758 -26.71758 -26.71758 -26.71758
 -26.78474 -26.78474 -26.78474 -26.78474 -26.78474
 -26.85312 -26.85312 -26.85312 -26.85312 -26.85312
 -26.92337 -26.92337 -26.92337 -26.92337 -26.92337
****13**************************************
 -74.00000 -74.00000 -74.00000 -74.00000 -74.00000
 -74.00000 -74.00000 -74.00000 -74.00000 -74.00000
 -74.00000 -74.00000 -74.00000 -74.00000 -74.00000
 -74.00000 -74.00000 -74.00000 -74.00000 -74.00000
 -74.00000 -74.00000 -74.00000 -74.00000 -74.00000
 -74.00000 -74.00000 -74.00000 -74.00000 -74.00000
 -74.00000 -74.00000 -74.00000 -74.00000 -74.00000
 -74.00000 -74.00000 -74.00000 -74.00000 -74.00000
 -74.00000 -74.00000 -74.00000 -74.00000 -74.00000
 -74.00000 -74.00000 -74.00000 -74.00000 -74.00000
 -74.00000 -74.00000 -74.00000 -74.00000 -74.00000
 -74.00000 -74.00000 -74.00000 -74.00000 -74.00000
 -74.00000 -74.00000 -74.00000 -40.84302 -40.84302
 -36.61440 -36.61283 -36.61283 -36.61283 -36.61283
 -33.61391 -33.61391 -33.61391 -33.61391 -33.61391
 -31.49055 -31.49055 -31.49055 -31.49055 -31.49055
 -29.98820 -29.98820 -29.98820 -29.98820 -29.98820
 -28.92637 -28.92637 -28.92637 -28.92637 -28.92637
 -28.18437 -28.18437 -28.18437 -28.18437 -28.18437
 -27.66774 -27.66774 -27.66774 -27.66774 -27.66774
 -27.31373 -27.31373 -27.31373 -27.31373 -27.31373
 -27.07492 -27.07492 -27.07492 -27.07492 -27.07492
 -26.91657 -26.91657 -26.91657 -26.91657 -26.91657
 -26.81708 -26.81708 -26.81708 -26.81708 -26.81708
 -26.75410 -26.75410 -26.75410 -26.75410 -26.75410
 -26.71915 -26.71915 -26.71915 -26.71915 -26.71915
 -26.70180 -26.70180 -26.70180 -26.70180 -26.70180
 -26.69287 -26.69287 -26.69287 -26.69287 -26.69287
 -26.69887 -26.69887 -26.69887 -26.69887 -26.69887
 -26.71718 -26.71718 -26.71718 -26.71718 -26.71718
 -26.77498 -26.77498 -26.77498 -26.77498 -26.77498
 -26.84026 -26.84026 -26.84026 -26.84026 -26.84026
 -26.90548 -26.90548 -26.90548 -26.90548 -26.90548
 -26.97371 -26.97371 -26.97371 -26.97371 -26.97371
 -27.04333 -27.04333 -27.04333 -27.04333 -27.04333
