   26    5   35    1   26F: Be 50. Si3N4 0.055 Si 0.7 A:Si 3. 200. 380.
******************************************
  11.00000  12.00000  13.00000  14.00000  15.00000
   0.00000   0.14613   0.29447   0.44091   0.58771   0.73560   0.88252   1.02938
   1.17609   1.32428   1.47129   1.61805   1.76492   1.91169   2.06070   2.20683
   2.35218   2.49969   2.64738   2.79379   2.94101   3.08991   3.23553   3.38202
   3.52892   3.67669   3.82347   3.97081   4.11727   4.26482   4.41162   4.55871
   4.70586   4.85309   5.00000
**** 0**************************************
 -58.63796 -58.63847 -58.64171 -58.67766 -58.92352
 -58.08275 -58.08312 -58.08625 -58.11708 -58.33733
 -57.69902 -57.69940 -57.70230 -57.73085 -57.93951
 -57.43786 -57.43789 -57.43990 -57.46884 -57.67764
 -57.26227 -57.26228 -57.26524 -57.29504 -57.50959
 -57.14560 -57.14603 -57.14903 -57.18041 -57.40293
 -57.07075 -57.07107 -57.07463 -57.10735 -57.33607
 -57.02354 -57.02359 -57.02708 -57.06001 -57.29316
 -56.99628 -56.99703 -57.00041 -57.03360 -57.26700
 -56.98569 -56.98596 -56.98926 -57.02184 -57.25198
 -56.98208 -56.98286 -56.98614 -57.01783 -57.24465
 -56.98648 -56.98649 -56.98951 -57.02075 -57.24241
 -56.99846 -56.99904 -57.00216 -57.03145 -57.24640
 -57.02341 -57.02396 -57.02699 -57.05411 -57.25795
 -57.05309 -57.05310 -57.05597 -57.08131 -57.27370
 -57.07447 -57.07480 -57.07725 -57.10112 -57.28527
 -57.13348 -57.13384 -57.13588 -57.15626 -57.32255
 -57.20440 -57.20441 -57.20598 -57.22403 -57.36875
 -57.27607 -57.27607 -57.27690 -57.29244 -57.41940
 -57.34791 -57.34797 -57.34910 -57.36181 -57.47258
 -57.42063 -57.42078 -57.42141 -57.43233 -57.52834
 -57.49298 -57.49312 -57.49429 -57.50290 -57.58621
 -57.56587 -57.56605 -57.56771 -57.57470 -57.64571
 -57.63941 -57.63962 -57.64013 -57.64684 -57.70770
 -57.71296 -57.71282 -57.71344 -57.71907 -57.77126
 -57.78612 -57.78613 -57.78662 -57.79131 -57.83614
 -57.85940 -57.85939 -57.86015 -57.86383 -57.90199
 -57.93307 -57.93304 -57.93352 -57.93677 -57.96915
 -58.00628 -58.00652 -58.00657 -58.01004 -58.03713
 -58.08026 -58.07998 -58.08060 -58.08239 -58.10619
 -58.15354 -58.15311 -58.15349 -58.15588 -58.17516
 -58.22696 -58.22728 -58.22737 -58.22881 -58.24554
 -58.30011 -58.30061 -58.30067 -58.30157 -58.31599
 -58.37443 -58.37394 -58.37395 -58.37506 -58.38784
 -58.44735 -58.44787 -58.44795 -58.44859 -58.45879
**** 1**************************************
 -58.63796 -58.63847 -58.64171 -58.67766 -58.92352
 -58.08275 -58.08312 -58.08625 -58.11708 -58.33733
 -57.69902 -57.69940 -57.70230 -57.73085 -57.93951
 -57.43786 -57.43789 -57.43990 -57.46884 -57.67764
 -57.26227 -57.26228 -57.26524 -57.29504 -57.50959
 -57.14560 -57.14603 -57.14903 -57.18041 -57.40293
 -57.07075 -57.07107 -57.07463 -57.10735 -57.33607
 -57.02354 -57.02359 -57.02708 -57.06001 -57.29316
 -56.99628 -56.99703 -57.00041 -57.03360 -57.26700
 -56.98569 -56.98596 -56.98926 -57.02184 -57.25198
 -56.98208 -56.98286 -56.98614 -57.01783 -57.24465
 -56.98648 -56.98649 -56.98951 -57.02075 -57.24241
 -56.99846 -56.99904 -57.00216 -57.03145 -57.24640
 -57.02341 -57.02396 -57.02699 -57.05411 -57.25795
 -57.05309 -57.05310 -57.05597 -57.08131 -57.27370
 -57.07447 -57.07480 -57.07725 -57.10112 -57.28527
 -57.13348 -57.13384 -57.13588 -57.15626 -57.32255
 -57.20440 -57.20441 -57.20598 -57.22403 -57.36875
 -57.27607 -57.27607 -57.27690 -57.29244 -57.41940
 -57.34791 -57.34797 -57.34910 -57.36181 -57.47258
 -57.42063 -57.42078 -57.42141 -57.43233 -57.52834
 -57.49298 -57.49312 -57.49429 -57.50290 -57.58621
 -57.56587 -57.56605 -57.56771 -57.57470 -57.64571
 -57.63941 -57.63962 -57.64013 -57.64684 -57.70770
 -57.71296 -57.71282 -57.71344 -57.71907 -57.77126
 -57.78612 -57.78613 -57.78662 -57.79131 -57.83614
 -57.85940 -57.85939 -57.86015 -57.86383 -57.90199
 -57.93307 -57.93304 -57.93352 -57.93677 -57.96915
 -58.00628 -58.00652 -58.00657 -58.01004 -58.03713
 -58.08026 -58.07998 -58.08060 -58.08239 -58.10619
 -58.15354 -58.15311 -58.15349 -58.15588 -58.17516
 -58.22696 -58.22728 -58.22737 -58.22881 -58.24554
 -58.30011 -58.30061 -58.30067 -58.30157 -58.31599
 -58.37443 -58.37394 -58.37395 -58.37506 -58.38784
 -58.44735 -58.44787 -58.44795 -58.44859 -58.45879
**** 2**************************************
 -58.63796 -58.63847 -58.64171 -58.67766 -58.92352
 -58.08275 -58.08312 -58.08625 -58.11708 -58.33733
 -57.69902 -57.69940 -57.70230 -57.73085 -57.93951
 -57.43786 -57.43789 -57.43990 -57.46884 -57.67764
 -57.26227 -57.26228 -57.26524 -57.29504 -57.50959
 -57.14560 -57.14603 -57.14903 -57.18041 -57.40293
 -57.07075 -57.07107 -57.07463 -57.10735 -57.33607
 -57.02354 -57.02359 -57.02708 -57.06001 -57.29316
 -56.99628 -56.99703 -57.00041 -57.03360 -57.26700
 -56.98569 -56.98596 -56.98926 -57.02184 -57.25198
 -56.98208 -56.98286 -56.98614 -57.01783 -57.24465
 -56.98648 -56.98649 -56.98951 -57.02075 -57.24241
 -56.99846 -56.99904 -57.00216 -57.03145 -57.24640
 -57.02341 -57.02396 -57.02699 -57.05411 -57.25795
 -57.05309 -57.05310 -57.05597 -57.08131 -57.27370
 -57.07447 -57.07480 -57.07725 -57.10112 -57.28527
 -57.13348 -57.13384 -57.13588 -57.15626 -57.32255
 -57.20440 -57.20441 -57.20598 -57.22403 -57.36875
 -57.27607 -57.27607 -57.27690 -57.29244 -57.41940
 -57.34791 -57.34797 -57.34910 -57.36181 -57.47258
 -57.42063 -57.42078 -57.42141 -57.43233 -57.52834
 -57.49298 -57.49312 -57.49429 -57.50290 -57.58621
 -57.56587 -57.56605 -57.56771 -57.57470 -57.64571
 -57.63941 -57.63962 -57.64013 -57.64684 -57.70770
 -57.71296 -57.71282 -57.71344 -57.71907 -57.77126
 -57.78612 -57.78613 -57.78662 -57.79131 -57.83614
 -57.85940 -57.85939 -57.86015 -57.86383 -57.90199
 -57.93307 -57.93304 -57.93352 -57.93677 -57.96915
 -58.00628 -58.00652 -58.00657 -58.01004 -58.03713
 -58.08026 -58.07998 -58.08060 -58.08239 -58.10619
 -58.15354 -58.15311 -58.15349 -58.15588 -58.17516
 -58.22696 -58.22728 -58.22737 -58.22881 -58.24554
 -58.30011 -58.30061 -58.30067 -58.30157 -58.31599
 -58.37443 -58.37394 -58.37395 -58.37506 -58.38784
 -58.44735 -58.44787 -58.44795 -58.44859 -58.45879
**** 3**************************************
 -62.75288 -63.75286 -64.75286 -65.75286 -66.75286
 -62.37766 -63.37742 -64.37718 -65.37684 -66.37421
 -62.03783 -63.00254 -63.90504 -64.61803 -64.87659
 -61.55852 -61.99691 -62.28090 -62.40640 -62.43109
 -60.60135 -60.68351 -60.75908 -60.78558 -60.79370
 -59.70593 -59.71844 -59.72255 -59.72326 -59.72543
 -59.06069 -59.04844 -59.02869 -59.02471 -59.02485
 -58.61285 -58.59184 -58.56557 -58.56005 -58.56023
 -58.31334 -58.29023 -58.26426 -58.25868 -58.25865
 -58.10645 -58.08410 -58.06032 -58.05569 -58.05453
 -57.98290 -57.96295 -57.94153 -57.93715 -57.93793
 -57.89988 -57.88342 -57.86482 -57.86124 -57.86020
 -57.84733 -57.83257 -57.81614 -57.81422 -57.81326
 -57.81485 -57.80183 -57.78783 -57.78438 -57.78495
 -57.79652 -57.78566 -57.77321 -57.76994 -57.77045
 -57.78733 -57.77842 -57.76725 -57.76462 -57.76523
 -57.79228 -57.78538 -57.77403 -57.77154 -57.77061
 -57.79603 -57.78980 -57.77974 -57.77820 -57.77746
 -57.81238 -57.80580 -57.79686 -57.79385 -57.79414
 -57.83199 -57.82658 -57.81735 -57.81552 -57.81455
 -57.86644 -57.86227 -57.85391 -57.85042 -57.85105
 -57.89555 -57.89148 -57.88311 -57.87927 -57.87987
 -57.93114 -57.92706 -57.91842 -57.91597 -57.91643
 -58.00142 -57.99874 -57.99053 -57.98745 -57.98613
 -58.07294 -58.06989 -58.06186 -58.05831 -58.05790
 -58.14504 -58.14239 -58.13463 -58.13032 -58.12988
 -58.21756 -58.21530 -58.20769 -58.20289 -58.20231
 -58.29037 -58.28879 -58.28112 -58.27565 -58.27498
 -58.36305 -58.36204 -58.35439 -58.34909 -58.34781
 -58.43622 -58.43482 -58.42845 -58.42241 -58.42136
 -58.50916 -58.50853 -58.50260 -58.49589 -58.49459
 -58.58296 -58.58190 -58.57571 -58.56950 -58.56804
 -58.65599 -58.65505 -58.65035 -58.64259 -58.64148
 -58.73003 -58.72945 -58.72429 -58.71762 -58.71501
 -58.80270 -58.80320 -58.79880 -58.78973 -58.78820
**** 4**************************************
 -62.75288 -63.75286 -64.75286 -65.75286 -66.75286
 -62.37766 -63.37742 -64.37718 -65.37684 -66.37421
 -62.03783 -63.00254 -63.90504 -64.61803 -64.87659
 -61.55852 -61.99691 -62.28090 -62.40640 -62.43109
 -60.60135 -60.68351 -60.75908 -60.78558 -60.79370
 -59.70593 -59.71844 -59.72255 -59.72326 -59.72543
 -59.06069 -59.04844 -59.02869 -59.02471 -59.02485
 -58.61285 -58.59184 -58.56557 -58.56005 -58.56023
 -58.31334 -58.29023 -58.26426 -58.25868 -58.25865
 -58.10645 -58.08410 -58.06032 -58.05569 -58.05453
 -57.98290 -57.96295 -57.94153 -57.93715 -57.93793
 -57.89988 -57.88342 -57.86482 -57.86124 -57.86020
 -57.84733 -57.83257 -57.81614 -57.81422 -57.81326
 -57.81485 -57.80183 -57.78783 -57.78438 -57.78495
 -57.79652 -57.78566 -57.77321 -57.76994 -57.77045
 -57.78733 -57.77842 -57.76725 -57.76462 -57.76523
 -57.79228 -57.78538 -57.77403 -57.77154 -57.77061
 -57.79603 -57.78980 -57.77974 -57.77820 -57.77746
 -57.81238 -57.80580 -57.79686 -57.79385 -57.79414
 -57.83199 -57.82658 -57.81735 -57.81552 -57.81455
 -57.86644 -57.86227 -57.85391 -57.85042 -57.85105
 -57.89555 -57.89148 -57.88311 -57.87927 -57.87987
 -57.93114 -57.92706 -57.91842 -57.91597 -57.91643
 -58.00142 -57.99874 -57.99053 -57.98745 -57.98613
 -58.07294 -58.06989 -58.06186 -58.05831 -58.05790
 -58.14504 -58.14239 -58.13463 -58.13032 -58.12988
 -58.21756 -58.21530 -58.20769 -58.20289 -58.20231
 -58.29037 -58.28879 -58.28112 -58.27565 -58.27498
 -58.36305 -58.36204 -58.35439 -58.34909 -58.34781
 -58.43622 -58.43482 -58.42845 -58.42241 -58.42136
 -58.50916 -58.50853 -58.50260 -58.49589 -58.49459
 -58.58296 -58.58190 -58.57571 -58.56950 -58.56804
 -58.65599 -58.65505 -58.65035 -58.64259 -58.64148
 -58.73003 -58.72945 -58.72429 -58.71762 -58.71501
 -58.80270 -58.80320 -58.79880 -58.78973 -58.78820
**** 5**************************************
 -62.75288 -63.75286 -64.75286 -65.75286 -66.75286
 -62.37766 -63.37742 -64.37718 -65.37684 -66.37421
 -62.03783 -63.00254 -63.90504 -64.61803 -64.87659
 -61.55852 -61.99691 -62.28090 -62.40640 -62.43109
 -60.60135 -60.68351 -60.75908 -60.78558 -60.79370
 -59.70593 -59.71844 -59.72255 -59.72326 -59.72543
 -59.06069 -59.04844 -59.02869 -59.02471 -59.02485
 -58.61285 -58.59184 -58.56557 -58.56005 -58.56023
 -58.31334 -58.29023 -58.26426 -58.25868 -58.25865
 -58.10645 -58.08410 -58.06032 -58.05569 -58.05453
 -57.98290 -57.96295 -57.94153 -57.93715 -57.93793
 -57.89988 -57.88342 -57.86482 -57.86124 -57.86020
 -57.84733 -57.83257 -57.81614 -57.81422 -57.81326
 -57.81485 -57.80183 -57.78783 -57.78438 -57.78495
 -57.79652 -57.78566 -57.77321 -57.76994 -57.77045
 -57.78733 -57.77842 -57.76725 -57.76462 -57.76523
 -57.79228 -57.78538 -57.77403 -57.77154 -57.77061
 -57.79603 -57.78980 -57.77974 -57.77820 -57.77746
 -57.81238 -57.80580 -57.79686 -57.79385 -57.79414
 -57.83199 -57.82658 -57.81735 -57.81552 -57.81455
 -57.86644 -57.86227 -57.85391 -57.85042 -57.85105
 -57.89555 -57.89148 -57.88311 -57.87927 -57.87987
 -57.93114 -57.92706 -57.91842 -57.91597 -57.91643
 -58.00142 -57.99874 -57.99053 -57.98745 -57.98613
 -58.07294 -58.06989 -58.06186 -58.05831 -58.05790
 -58.14504 -58.14239 -58.13463 -58.13032 -58.12988
 -58.21756 -58.21530 -58.20769 -58.20289 -58.20231
 -58.29037 -58.28879 -58.28112 -58.27565 -58.27498
 -58.36305 -58.36204 -58.35439 -58.34909 -58.34781
 -58.43622 -58.43482 -58.42845 -58.42241 -58.42136
 -58.50916 -58.50853 -58.50260 -58.49589 -58.49459
 -58.58296 -58.58190 -58.57571 -58.56950 -58.56804
 -58.65599 -58.65505 -58.65035 -58.64259 -58.64148
 -58.73003 -58.72945 -58.72429 -58.71762 -58.71501
 -58.80270 -58.80320 -58.79880 -58.78973 -58.78820
**** 6**************************************
 -62.93855 -63.93854 -64.93854 -65.93854 -66.93854
 -62.59064 -63.59049 -64.59049 -65.59049 -66.59049
 -62.28878 -63.28803 -64.28803 -65.28803 -66.28803
 -62.02207 -63.02173 -64.02138 -65.02138 -66.02138
 -61.80166 -62.80045 -63.80045 -64.80045 -65.80024
 -61.63048 -62.62859 -63.62859 -64.62859 -65.62859
 -61.50241 -62.49989 -63.49979 -64.49979 -65.49979
 -61.40920 -62.40619 -63.40611 -64.40611 -65.40611
 -61.34256 -62.33906 -63.33906 -64.33906 -65.33906
 -61.29449 -62.29010 -63.29010 -64.28948 -65.28948
 -61.26109 -62.25593 -63.25477 -64.25477 -65.25477
 -61.23829 -62.23115 -63.23060 -64.23060 -65.23060
 -61.22375 -62.21373 -63.21324 -64.21324 -65.21324
 -61.21471 -62.20186 -63.20033 -64.20033 -65.20033
 -61.21012 -62.19389 -63.19191 -64.19144 -65.19144
 -61.20932 -62.18721 -63.18477 -64.18476 -65.18476
 -61.21169 -62.18357 -63.18114 -64.18065 -65.18065
 -61.21574 -62.18145 -63.17762 -64.17713 -65.17713
 -61.22307 -62.18040 -63.17514 -64.17470 -65.17470
 -61.23219 -62.17943 -63.17368 -64.17319 -65.17319
 -61.24268 -62.18032 -63.17272 -64.17179 -65.17179
 -61.25450 -62.18080 -63.17176 -64.17127 -65.17127
 -61.26801 -62.18179 -63.17176 -64.17079 -65.17079
 -61.28497 -62.18372 -63.17175 -64.17051 -65.17003
 -61.30135 -62.18567 -63.17099 -64.16957 -65.16957
 -61.32106 -62.18812 -63.17144 -64.16957 -65.16956
 -61.34183 -62.19154 -63.17145 -64.16956 -65.16908
 -61.36442 -62.19549 -63.17145 -64.16956 -65.16908
 -61.38976 -62.20004 -63.17237 -64.16908 -65.16908
 -61.41749 -62.20511 -63.17283 -64.16956 -65.16908
 -61.44640 -62.21129 -63.17332 -64.16956 -65.16908
 -61.47734 -62.21855 -63.17381 -64.16956 -65.16908
 -61.51070 -62.22711 -63.17523 -64.16957 -65.16908
 -61.54456 -62.23591 -63.17620 -64.16957 -65.16908
 -61.57989 -62.24760 -63.17835 -64.16957 -65.16908
**** 7**************************************
 -73.99992 -73.99992 -73.99992 -73.99994 -73.99998
 -71.75272 -71.75557 -71.77158 -71.88662 -72.31458
 -67.49488 -67.49721 -67.50944 -67.59889 -67.90536
 -64.43358 -64.43469 -64.44274 -64.50018 -64.69356
 -62.24916 -62.24708 -62.24970 -62.28681 -62.40468
 -60.67107 -60.67114 -60.67446 -60.69492 -60.75772
 -59.50715 -59.50834 -59.50955 -59.52072 -59.55479
 -58.65917 -58.65937 -58.66125 -58.66794 -58.68950
 -58.03970 -58.03973 -58.04192 -58.05063 -58.07664
 -57.60283 -57.60327 -57.60634 -57.62065 -57.66055
 -57.30698 -57.30830 -57.31398 -57.33358 -57.38997
 -57.11050 -57.11214 -57.11934 -57.14564 -57.21567
 -56.98618 -56.98873 -56.99638 -57.02766 -57.10301
 -56.90618 -56.90910 -56.91853 -56.95177 -57.02800
 -56.85595 -56.86020 -56.86938 -56.90465 -56.97751
 -56.82777 -56.83283 -56.84140 -56.87638 -56.94514
 -56.81600 -56.82163 -56.82972 -56.86427 -56.92786
 -56.81396 -56.82083 -56.82799 -56.86107 -56.91884
 -56.82186 -56.82970 -56.83661 -56.86706 -56.92093
 -56.83130 -56.84074 -56.84666 -56.87410 -56.92321
 -56.84837 -56.85837 -56.86381 -56.88870 -56.93515
 -56.87457 -56.88586 -56.89130 -56.91419 -56.95894
 -56.90830 -56.92116 -56.92509 -56.94624 -56.98977
 -56.93399 -56.94750 -56.95220 -56.97068 -57.01277
 -56.98374 -56.99751 -57.00290 -57.01896 -57.06055
 -57.05286 -57.06868 -57.07348 -57.08757 -57.12783
 -57.12371 -57.13984 -57.14544 -57.15785 -57.19791
 -57.19425 -57.21083 -57.21663 -57.22833 -57.26684
 -57.26530 -57.28319 -57.28907 -57.29976 -57.33661
 -57.33731 -57.35581 -57.36202 -57.37118 -57.40693
 -57.40865 -57.42677 -57.43481 -57.44291 -57.47619
 -57.48108 -57.49951 -57.50847 -57.51439 -57.54675
 -57.55337 -57.57245 -57.58135 -57.58750 -57.61515
 -57.62571 -57.64437 -57.65464 -57.65915 -57.68694
 -57.69737 -57.71585 -57.72722 -57.73209 -57.75698
**** 8**************************************
 -74.00000 -73.99999 -73.99999 -73.99999 -74.00000
 -72.49518 -72.49679 -72.49979 -72.52421 -72.70483
 -67.99946 -68.00200 -68.00376 -68.02553 -68.18520
 -64.77118 -64.77264 -64.77560 -64.79567 -64.91669
 -62.46255 -62.46304 -62.46590 -62.48098 -62.56539
 -60.80441 -60.80604 -60.80649 -60.81696 -60.86859
 -59.59418 -59.59523 -59.59573 -59.60170 -59.62814
 -58.70751 -58.70818 -58.70882 -58.71141 -58.72378
 -58.06952 -58.07088 -58.07115 -58.07266 -58.08262
 -57.62377 -57.62594 -57.62616 -57.62982 -57.64591
 -57.32045 -57.32166 -57.32330 -57.32940 -57.35263
 -57.11730 -57.11950 -57.12178 -57.12947 -57.15886
 -56.98355 -56.98608 -56.98903 -56.99913 -57.03297
 -56.89979 -56.90235 -56.90589 -56.91714 -56.95319
 -56.84873 -56.85217 -56.85499 -56.86719 -56.90345
 -56.82073 -56.82448 -56.82738 -56.83912 -56.87554
 -56.80892 -56.81366 -56.81636 -56.82736 -56.86303
 -56.80981 -56.81432 -56.81654 -56.82647 -56.86089
 -56.82078 -56.82674 -56.82829 -56.83675 -56.87044
 -56.83476 -56.84118 -56.84302 -56.84981 -56.88105
 -56.85527 -56.86220 -56.86376 -56.86970 -56.89832
 -56.88007 -56.88788 -56.88952 -56.89411 -56.92003
 -56.91502 -56.92421 -56.92558 -56.92934 -56.95272
 -56.95149 -56.96208 -56.96345 -56.96664 -56.98757
 -56.98086 -56.99133 -56.99331 -56.99635 -57.01465
 -57.04566 -57.05862 -57.05966 -57.06230 -57.07830
 -57.11516 -57.12924 -57.13190 -57.13374 -57.14783
 -57.18564 -57.20176 -57.20368 -57.20531 -57.21845
 -57.25596 -57.27315 -57.27608 -57.27825 -57.28887
 -57.32678 -57.34574 -57.34919 -57.35019 -57.36016
 -57.39776 -57.41839 -57.42261 -57.42387 -57.43213
 -57.46822 -57.49125 -57.49499 -57.49555 -57.50414
 -57.53868 -57.56268 -57.56842 -57.56914 -57.57492
 -57.61010 -57.63490 -57.64162 -57.64285 -57.64870
 -57.68027 -57.70718 -57.71546 -57.71685 -57.72063
**** 9**************************************
 -60.96081 -61.95909 -62.95824 -63.95824 -64.95824
 -60.75454 -61.75241 -62.75240 -63.75239 -64.75221
 -60.61486 -61.61470 -62.61311 -63.59759 -64.46772
 -60.51894 -61.49711 -62.34418 -62.74674 -62.82150
 -60.39452 -61.05830 -61.25465 -61.28093 -61.28753
 -59.97337 -60.14464 -60.16643 -60.16937 -60.17407
 -59.27624 -59.30804 -59.31137 -59.31194 -59.31613
 -58.59618 -58.60276 -58.60366 -58.60406 -58.60740
 -58.03461 -58.03658 -58.03681 -58.03770 -58.04363
 -57.60947 -57.60987 -57.61011 -57.61374 -57.62527
 -57.30746 -57.30796 -57.30905 -57.31318 -57.33376
 -57.10433 -57.10529 -57.10603 -57.11154 -57.14014
 -56.97371 -56.97475 -56.97538 -56.98246 -57.01805
 -56.90214 -56.90322 -56.90433 -56.91160 -56.95159
 -56.87316 -56.87480 -56.87612 -56.88257 -56.92437
 -56.87659 -56.88009 -56.88120 -56.88698 -56.92688
 -56.90245 -56.90793 -56.90886 -56.91376 -56.95079
 -56.94311 -56.95239 -56.95346 -56.95752 -56.98980
 -56.99636 -57.00874 -57.01078 -57.01352 -57.04156
 -57.04963 -57.06764 -57.06924 -57.07270 -57.09494
 -57.10863 -57.13346 -57.13610 -57.13820 -57.15655
 -57.16024 -57.19180 -57.19565 -57.19735 -57.21191
 -57.20595 -57.24671 -57.25077 -57.25294 -57.26467
 -57.24950 -57.29765 -57.30247 -57.30471 -57.31382
 -57.28793 -57.34251 -57.34967 -57.35209 -57.35967
 -57.32779 -57.39132 -57.39953 -57.40160 -57.40771
 -57.39058 -57.46154 -57.47121 -57.47352 -57.47950
 -57.45385 -57.53290 -57.54471 -57.54555 -57.55020
 -57.51616 -57.60379 -57.61639 -57.61849 -57.62285
 -57.57911 -57.67320 -57.68918 -57.69091 -57.69484
 -57.64130 -57.74328 -57.76170 -57.76423 -57.76735
 -57.70334 -57.81268 -57.83479 -57.83757 -57.84009
 -57.76594 -57.88169 -57.90780 -57.91064 -57.91335
 -57.82809 -57.95030 -57.98102 -57.98385 -57.98616
 -57.89145 -58.01843 -58.05338 -58.05734 -58.05939
****10**************************************
 -60.90717 -61.90370 -62.90347 -63.90347 -64.90347
 -60.58735 -61.58060 -62.58000 -63.57998 -64.57977
 -60.28429 -61.27000 -62.26747 -63.25656 -64.16117
 -60.01283 -60.98080 -61.90788 -62.51145 -62.66906
 -59.77400 -60.61757 -61.08086 -61.17433 -61.18747
 -59.49694 -59.97485 -60.08667 -60.10006 -60.10330
 -59.06671 -59.23591 -59.26114 -59.26400 -59.26685
 -58.51885 -58.56866 -58.57510 -58.57629 -58.58033
 -58.00783 -58.02393 -58.02653 -58.02751 -58.03206
 -57.61064 -57.61794 -57.61916 -57.62052 -57.62826
 -57.33021 -57.33478 -57.33555 -57.33784 -57.34916
 -57.14396 -57.14746 -57.14850 -57.15086 -57.16653
 -57.02821 -57.03135 -57.03220 -57.03420 -57.05209
 -56.96210 -56.96553 -56.96600 -56.96832 -56.98695
 -56.93066 -56.93353 -56.93399 -56.93671 -56.95383
 -56.92406 -56.92681 -56.92749 -56.92952 -56.94503
 -56.93517 -56.93717 -56.93757 -56.93955 -56.95287
 -56.95699 -56.95773 -56.95857 -56.95983 -56.97094
 -56.98659 -56.98544 -56.98631 -56.98716 -56.99584
 -57.02157 -57.01765 -57.01801 -57.01860 -57.02500
 -57.05929 -57.05235 -57.05067 -57.05156 -57.05646
 -57.10102 -57.08733 -57.08381 -57.08393 -57.08841
 -57.14719 -57.12580 -57.11973 -57.11929 -57.12206
 -57.20017 -57.17119 -57.16147 -57.15982 -57.16227
 -57.25627 -57.21986 -57.20695 -57.20448 -57.20525
 -57.31845 -57.26683 -57.24410 -57.23933 -57.24127
 -57.39324 -57.33502 -57.30599 -57.30041 -57.30043
 -57.47027 -57.41086 -57.38013 -57.37187 -57.37282
 -57.54645 -57.48745 -57.45354 -57.44463 -57.44465
 -57.62281 -57.56383 -57.52768 -57.51844 -57.51706
 -57.69889 -57.64200 -57.60227 -57.59116 -57.59105
 -57.77486 -57.71844 -57.67800 -57.66514 -57.66481
 -57.84977 -57.79670 -57.75257 -57.73968 -57.73715
 -57.92488 -57.87449 -57.82778 -57.81304 -57.80997
 -57.99967 -57.95257 -57.90369 -57.88672 -57.88420
****11**************************************
 -61.75576 -62.74289 -63.74082 -64.74081 -65.74081
 -60.93733 -61.91520 -62.91312 -63.91256 -64.90926
 -60.28606 -61.25114 -62.24109 -63.18147 -63.82709
 -59.81331 -60.74429 -61.55535 -61.90615 -61.96964
 -59.46641 -60.19097 -60.48712 -60.53278 -60.54276
 -59.10419 -59.44744 -59.51360 -59.52133 -59.52798
 -58.64652 -58.76588 -58.78296 -58.78497 -58.79067
 -58.18447 -58.22527 -58.23155 -58.23282 -58.23646
 -57.78278 -57.79827 -57.80027 -57.80135 -57.80495
 -57.46790 -57.47529 -57.47628 -57.47708 -57.48065
 -57.23987 -57.24398 -57.24460 -57.24503 -57.24860
 -57.08069 -57.08291 -57.08402 -57.08475 -57.08890
 -56.97827 -56.97965 -56.98057 -56.98175 -56.98639
 -56.91562 -56.91710 -56.91853 -56.91975 -56.92472
 -56.88583 -56.88703 -56.88862 -56.88983 -56.89491
 -56.87698 -56.87829 -56.87958 -56.88105 -56.88585
 -56.88273 -56.88425 -56.88510 -56.88639 -56.89106
 -56.89907 -56.90028 -56.90132 -56.90314 -56.90668
 -56.92285 -56.92411 -56.92546 -56.92616 -56.93002
 -56.94956 -56.95089 -56.95208 -56.95283 -56.95591
 -56.98489 -56.98613 -56.98687 -56.98817 -56.99073
 -57.01672 -57.01755 -57.01895 -57.01931 -57.02234
 -57.05522 -57.05662 -57.05722 -57.05841 -57.06032
 -57.09494 -57.09608 -57.09708 -57.09796 -57.09952
 -57.14425 -57.14490 -57.14599 -57.14696 -57.14867
 -57.18869 -57.18959 -57.19028 -57.19064 -57.19304
 -57.23344 -57.23489 -57.23543 -57.23647 -57.23785
 -57.30597 -57.30731 -57.30815 -57.30864 -57.30944
 -57.37877 -57.37989 -57.38015 -57.38161 -57.38254
 -57.45102 -57.45269 -57.45306 -57.45473 -57.45488
 -57.52452 -57.52585 -57.52653 -57.52743 -57.52865
 -57.59771 -57.59915 -57.59878 -57.59976 -57.60115
 -57.67067 -57.67163 -57.67318 -57.67389 -57.67486
 -57.74410 -57.74488 -57.74635 -57.74716 -57.74795
 -57.81780 -57.81877 -57.81972 -57.81985 -57.82089
****12**************************************
 -61.41172 -62.40238 -63.40121 -64.40121 -65.40119
 -60.78507 -61.77306 -62.77151 -63.77064 -64.76294
 -60.33332 -61.31298 -62.30268 -63.23111 -63.84247
 -59.98884 -60.93016 -61.72048 -62.04175 -62.10091
 -59.68639 -60.37605 -60.62700 -60.66305 -60.67233
 -59.27795 -59.55842 -59.60719 -59.61280 -59.61754
 -58.72770 -58.81270 -58.82308 -58.82453 -58.82729
 -58.20341 -58.23033 -58.23398 -58.23441 -58.23648
 -57.78433 -57.79661 -57.79799 -57.79853 -57.80050
 -57.48043 -57.49180 -57.49290 -57.49323 -57.49592
 -57.28251 -57.29884 -57.30154 -57.30181 -57.30417
 -57.15978 -57.18652 -57.19116 -57.19188 -57.19378
 -57.08715 -57.12636 -57.13396 -57.13553 -57.13698
 -57.04944 -57.10380 -57.11605 -57.11797 -57.12014
 -57.03537 -57.10331 -57.12242 -57.12470 -57.12646
 -57.04208 -57.12159 -57.14848 -57.15216 -57.15307
 -57.07231 -57.15989 -57.19584 -57.20124 -57.20321
 -57.12825 -57.21800 -57.26622 -57.27323 -57.27459
 -57.20028 -57.28780 -57.34879 -57.35914 -57.36093
 -57.27652 -57.35838 -57.43218 -57.44564 -57.44769
 -57.35323 -57.42621 -57.51150 -57.53100 -57.53371
 -57.42579 -57.48901 -57.58357 -57.60870 -57.61185
 -57.49172 -57.54481 -57.64651 -57.68004 -57.68459
 -57.54436 -57.59007 -57.69346 -57.73614 -57.74180
 -57.59106 -57.62897 -57.73411 -57.78392 -57.79136
 -57.63348 -57.66619 -57.76786 -57.82658 -57.83588
 -57.66811 -57.69557 -57.79210 -57.86118 -57.87313
 -57.72867 -57.75327 -57.84428 -57.92058 -57.93420
 -57.80038 -57.82170 -57.90850 -57.99150 -58.00724
 -57.87284 -57.89162 -57.97296 -58.06106 -58.07999
 -57.94636 -57.96219 -58.03760 -58.13143 -58.15240
 -58.01914 -58.03302 -58.10273 -58.20084 -58.22542
 -58.09203 -58.10386 -58.16826 -58.26941 -58.29880
 -58.16566 -58.17591 -58.23382 -58.33803 -58.37154
 -58.23911 -58.24751 -58.29976 -58.40644 -58.44367
****13**************************************
 -60.57276 -61.56844 -62.56844 -63.56844 -64.56844
 -60.34745 -61.34487 -62.34481 -63.34423 -64.33963
 -60.21280 -61.20786 -62.19645 -63.09839 -63.66772
 -60.12251 -61.06743 -61.73960 -61.94642 -62.02191
 -59.97164 -60.50512 -60.62624 -60.64296 -60.67528
 -59.47900 -59.60079 -59.61535 -59.61862 -59.63562
 -58.79685 -58.82044 -58.82291 -58.82406 -58.83503
 -58.21685 -58.22311 -58.22379 -58.22480 -58.23471
 -57.78081 -57.78294 -57.78319 -57.78475 -57.79597
 -57.46883 -57.46940 -57.46966 -57.47138 -57.48488
 -57.25454 -57.25479 -57.25505 -57.25685 -57.27330
 -57.11495 -57.11603 -57.11610 -57.11775 -57.13435
 -57.03120 -57.03268 -57.03241 -57.03373 -57.05050
 -56.98832 -56.98972 -56.98942 -56.99111 -57.00618
 -56.97194 -56.97398 -56.97423 -56.97512 -56.98837
 -56.97593 -56.97879 -56.97893 -56.98043 -56.99081
 -56.99221 -56.99502 -56.99570 -56.99662 -57.00520
 -57.01583 -57.01986 -57.02038 -57.02140 -57.02788
 -57.04561 -57.04930 -57.04986 -57.05066 -57.05633
 -57.08005 -57.08397 -57.08460 -57.08569 -57.08968
 -57.11557 -57.11955 -57.12055 -57.12111 -57.12424
 -57.15820 -57.16248 -57.16284 -57.16412 -57.16656
 -57.19737 -57.20061 -57.20133 -57.20139 -57.20440
 -57.24075 -57.24443 -57.24520 -57.24530 -57.24750
 -57.28719 -57.28956 -57.29083 -57.29088 -57.29174
 -57.33963 -57.34360 -57.34448 -57.34471 -57.34569
 -57.38747 -57.39188 -57.39273 -57.39294 -57.39342
 -57.43814 -57.44220 -57.44306 -57.44339 -57.44389
 -57.51207 -57.51579 -57.51668 -57.51701 -57.51747
 -57.58419 -57.58803 -57.59009 -57.58949 -57.59091
 -57.65752 -57.66086 -57.66245 -57.66288 -57.66340
 -57.73046 -57.73370 -57.73567 -57.73669 -57.73688
 -57.80355 -57.80710 -57.80898 -57.80956 -57.80994
 -57.87627 -57.88007 -57.88222 -57.88249 -57.88290
 -57.94930 -57.95317 -57.95582 -57.95614 -57.95687
****14**************************************
 -69.84972 -69.84978 -69.85087 -69.86187 -69.94913
 -66.21969 -66.21980 -66.21981 -66.23009 -66.30975
 -63.64301 -63.64385 -63.64454 -63.65133 -63.72007
 -61.80351 -61.80375 -61.80476 -61.81051 -61.86814
 -60.45725 -60.45754 -60.45801 -60.46267 -60.50234
 -59.43483 -59.43509 -59.43553 -59.43804 -59.46291
 -58.66060 -58.66079 -58.66148 -58.66301 -58.67739
 -58.09739 -58.09781 -58.09793 -58.09930 -58.11111
 -57.70777 -57.70757 -57.70742 -57.70880 -57.72027
 -57.43932 -57.43983 -57.44023 -57.44157 -57.45249
 -57.25928 -57.25996 -57.26004 -57.26135 -57.27289
 -57.14600 -57.14513 -57.14809 -57.14653 -57.15684
 -57.07279 -57.07417 -57.07399 -57.07515 -57.08683
 -57.02752 -57.02828 -57.03285 -57.03389 -57.04119
 -57.00464 -57.00519 -57.00490 -57.00588 -57.01537
 -56.99359 -56.99364 -56.99347 -56.99446 -57.00233
 -56.99383 -56.99610 -56.99584 -56.99488 -57.00170
 -57.00144 -57.00134 -57.00324 -57.00245 -57.00621
 -57.01681 -57.01900 -57.01875 -57.01803 -57.02072
 -57.04042 -57.04025 -57.03982 -57.04169 -57.04337
 -57.06833 -57.06832 -57.06788 -57.07001 -57.07039
 -57.10236 -57.10392 -57.10401 -57.10424 -57.10591
 -57.13816 -57.13938 -57.13966 -57.13983 -57.14163
 -57.17771 -57.17872 -57.17854 -57.17904 -57.18016
 -57.21967 -57.22095 -57.22087 -57.22081 -57.22199
 -57.26843 -57.26978 -57.26970 -57.26980 -57.27075
 -57.31740 -57.31872 -57.31928 -57.31902 -57.31998
 -57.36076 -57.36172 -57.36170 -57.36222 -57.36261
 -57.42929 -57.43066 -57.43051 -57.43120 -57.43112
 -57.50187 -57.50327 -57.50313 -57.50356 -57.50358
 -57.57362 -57.57632 -57.57633 -57.57613 -57.57652
 -57.64713 -57.64896 -57.64890 -57.64868 -57.64961
 -57.71972 -57.72227 -57.72227 -57.72322 -57.72363
 -57.79271 -57.79520 -57.79512 -57.79494 -57.79548
 -57.86496 -57.86694 -57.86874 -57.86853 -57.86783
****15**************************************
 -71.62752 -71.62752 -71.62752 -71.62760 -71.63015
 -67.34232 -67.34232 -67.34232 -67.34232 -67.34466
 -64.28111 -64.28111 -64.28111 -64.28111 -64.28317
 -62.10410 -62.10410 -62.10410 -62.10434 -62.10482
 -60.56336 -60.56336 -60.56336 -60.56336 -60.56468
 -59.48158 -59.48158 -59.48158 -59.48211 -59.48321
 -58.72958 -58.72958 -58.72958 -58.72958 -58.73153
 -58.21289 -58.21289 -58.21289 -58.21289 -58.21347
 -57.85923 -57.85923 -57.85923 -57.85922 -57.85917
 -57.62075 -57.62075 -57.62075 -57.62074 -57.62142
 -57.46598 -57.46598 -57.46598 -57.46596 -57.46685
 -57.36797 -57.36797 -57.36797 -57.36836 -57.36904
 -57.31151 -57.31151 -57.31151 -57.31182 -57.31195
 -57.28193 -57.28193 -57.28188 -57.28223 -57.28268
 -57.27173 -57.27173 -57.27168 -57.27164 -57.27243
 -57.27749 -57.27749 -57.27749 -57.27751 -57.27824
 -57.29467 -57.29467 -57.29467 -57.29465 -57.29476
 -57.32163 -57.32163 -57.32163 -57.32157 -57.32235
 -57.35446 -57.35446 -57.35446 -57.35488 -57.35502
 -57.39106 -57.39149 -57.39149 -57.39149 -57.39169
 -57.43165 -57.43165 -57.43165 -57.43161 -57.43237
 -57.47157 -57.47157 -57.47186 -57.47294 -57.47275
 -57.51599 -57.51599 -57.51599 -57.51599 -57.51587
 -57.55639 -57.55639 -57.55639 -57.55639 -57.55620
 -57.59895 -57.59895 -57.59895 -57.59894 -57.59950
 -57.64717 -57.64717 -57.64717 -57.64717 -57.64703
 -57.70124 -57.70124 -57.70124 -57.70123 -57.70115
 -57.74813 -57.74813 -57.74813 -57.74819 -57.74814
 -57.80518 -57.80518 -57.80518 -57.80518 -57.80502
 -57.87816 -57.87816 -57.87816 -57.87816 -57.87811
 -57.95126 -57.95126 -57.95126 -57.95126 -57.95139
 -58.02506 -58.02506 -58.02506 -58.02506 -58.02519
 -58.09864 -58.09864 -58.09864 -58.09864 -58.09861
 -58.17155 -58.17155 -58.17155 -58.17155 -58.17177
 -58.24543 -58.24543 -58.24543 -58.24543 -58.24541
****16**************************************
 -74.00000 -74.00000 -74.00000 -74.00000 -74.00000
 -74.00000 -74.00000 -74.00000 -74.00000 -74.00000
 -74.00000 -74.00000 -74.00000 -74.00000 -74.00000
 -74.00000 -74.00000 -74.00000 -74.00000 -74.00000
 -74.00000 -74.00000 -74.00000 -74.00000 -74.00000
 -74.00000 -74.00000 -74.00000 -74.00000 -74.00000
 -74.00000 -74.00000 -74.00000 -74.00000 -74.00000
 -74.00000 -74.00000 -74.00000 -74.00000 -74.00000
 -52.53864 -52.53962 -52.55868 -52.73298 -53.36929
 -46.20284 -46.10158 -46.04521 -45.92404 -45.78201
 -41.24191 -41.24160 -41.22088 -41.19879 -41.18021
 -37.74123 -37.74107 -37.73899 -37.72885 -37.72077
 -35.00401 -35.00398 -35.00369 -35.00072 -34.99782
 -32.88254 -32.88254 -32.88233 -32.88155 -32.88085
 -31.31369 -31.31369 -31.31359 -31.31334 -31.31316
 -30.18287 -30.18287 -30.18310 -30.18303 -30.18293
 -29.37837 -29.37837 -29.37899 -29.38037 -29.38045
 -28.81173 -28.81173 -28.81186 -28.81504 -28.81668
 -28.41427 -28.41435 -28.41568 -28.41880 -28.42276
 -28.13756 -28.13799 -28.13874 -28.14356 -28.14903
 -27.94494 -27.94495 -27.94585 -27.95254 -27.95870
 -27.80872 -27.80874 -27.81157 -27.81805 -27.82651
 -27.72340 -27.72340 -27.72584 -27.73250 -27.74253
 -27.66149 -27.66150 -27.66241 -27.66916 -27.67820
 -27.62430 -27.62440 -27.62552 -27.63147 -27.64154
 -27.60269 -27.60269 -27.60338 -27.60840 -27.61910
 -27.60258 -27.60259 -27.60503 -27.60930 -27.61897
 -27.60432 -27.60432 -27.60501 -27.60958 -27.62001
 -27.61132 -27.61132 -27.61181 -27.61515 -27.62579
 -27.67351 -27.67365 -27.67525 -27.67783 -27.68801
 -27.74033 -27.74033 -27.74072 -27.74372 -27.75336
 -27.80769 -27.80769 -27.80845 -27.81169 -27.82035
 -27.87728 -27.87728 -27.87802 -27.88099 -27.88928
 -27.94768 -27.94768 -27.94899 -27.95184 -27.95981
 -28.01932 -28.01932 -28.02109 -28.02200 -28.03093
****17**************************************
 -64.02265 -64.12199 -64.60438 -65.49084 -66.47878
 -62.47287 -62.55915 -63.00298 -63.87277 -64.85733
 -61.38947 -61.46320 -61.87032 -62.72231 -63.70195
 -60.63738 -60.70195 -61.07259 -61.90224 -62.88070
 -60.12286 -60.17775 -60.51603 -61.32507 -62.29939
 -59.77783 -59.82490 -60.13617 -60.92214 -61.89339
 -59.55205 -59.59391 -59.88070 -60.64602 -61.61493
 -59.41258 -59.44989 -59.71518 -60.45791 -61.41108
 -59.33368 -59.36759 -59.60682 -60.30513 -61.06827
 -46.33585 -46.20493 -45.78816 -45.72600 -45.68858
 -40.95689 -40.93061 -40.91062 -40.88326 -40.87244
 -37.43062 -37.42773 -37.41563 -37.39466 -37.38908
 -34.79955 -34.79772 -34.78872 -34.77269 -34.76767
 -32.76780 -32.76703 -32.76023 -32.74751 -32.74362
 -31.23195 -31.23102 -31.22667 -31.21659 -31.21334
 -30.11278 -30.11278 -30.10865 -30.10022 -30.09649
 -29.31431 -29.31350 -29.31021 -29.30215 -29.29991
 -28.75184 -28.75204 -28.74882 -28.74267 -28.74025
 -28.36059 -28.36049 -28.35781 -28.35235 -28.35014
 -28.08995 -28.08978 -28.08756 -28.08265 -28.08090
 -27.90348 -27.90333 -27.90291 -27.89857 -27.89649
 -27.78020 -27.78005 -27.77817 -27.77486 -27.77253
 -27.69937 -27.69923 -27.69756 -27.69450 -27.69277
 -27.64759 -27.64750 -27.64593 -27.64331 -27.64164
 -27.61515 -27.61502 -27.61459 -27.61141 -27.61062
 -27.59813 -27.59834 -27.59695 -27.59479 -27.59388
 -27.59828 -27.59817 -27.59786 -27.59562 -27.59408
 -27.60641 -27.60633 -27.60508 -27.60386 -27.60220
 -27.60864 -27.60858 -27.60827 -27.60647 -27.60571
 -27.65965 -27.65962 -27.65942 -27.65731 -27.65653
 -27.72522 -27.72517 -27.72515 -27.72393 -27.72237
 -27.79396 -27.79439 -27.79396 -27.79160 -27.79078
 -27.86330 -27.86326 -27.86289 -27.86225 -27.85922
 -27.93411 -27.93405 -27.93382 -27.93282 -27.93011
 -28.00587 -28.00587 -28.00557 -28.00490 -28.00202
****18**************************************
 -63.16040 -63.28587 -63.83425 -64.74501 -65.73580
 -61.86547 -61.97160 -62.47703 -63.37290 -64.36114
 -60.95942 -61.05148 -61.51342 -62.38972 -63.37562
 -60.32869 -60.40575 -60.82195 -61.67248 -62.65401
 -59.88305 -59.94800 -60.31659 -61.13357 -62.10862
 -59.56493 -59.61979 -59.94467 -60.72079 -61.68658
 -59.34039 -59.38655 -59.67432 -60.41065 -61.35423
 -59.18510 -59.22627 -59.48704 -60.17711 -61.05716
 -59.07850 -59.11410 -59.34753 -59.95853 -60.56703
 -58.98165 -59.00962 -47.06532 -47.06211 -46.35268
 -41.27095 -41.11717 -41.11633 -41.16414 -41.18735
 -37.42549 -37.42645 -37.45027 -37.51529 -37.54736
 -34.75237 -34.75517 -34.78080 -34.85800 -34.90026
 -32.75077 -32.75417 -32.78167 -32.86792 -32.91872
 -31.22308 -31.22580 -31.25330 -31.34630 -31.40769
 -30.07914 -30.08155 -30.10773 -30.20674 -30.27785
 -29.24715 -29.25063 -29.27559 -29.37941 -29.46174
 -28.65739 -28.66069 -28.68541 -28.79528 -28.88992
 -28.24479 -28.24694 -28.27110 -28.38672 -28.50161
 -27.95849 -27.96134 -27.98396 -28.10620 -28.24612
 -27.76289 -27.76424 -27.78685 -27.91587 -28.08951
 -27.63014 -27.63201 -27.65308 -27.78875 -28.00152
 -27.54275 -27.54346 -27.56440 -27.70248 -27.96280
 -27.48717 -27.48980 -27.50881 -27.64736 -27.95268
 -27.45108 -27.45395 -27.47115 -27.60955 -27.96469
 -27.43268 -27.43449 -27.45143 -27.58623 -27.98427
 -27.43008 -27.43064 -27.44694 -27.57766 -28.00321
 -27.44061 -27.44252 -27.45683 -27.57962 -28.01935
 -27.44882 -27.44930 -27.46282 -27.58021 -28.03386
 -27.48117 -27.48319 -27.49556 -27.60190 -28.05324
 -27.54672 -27.54731 -27.55777 -27.65155 -28.07778
 -27.61452 -27.61510 -27.62472 -27.70581 -28.10482
 -27.68392 -27.68458 -27.69204 -27.76289 -28.13322
 -27.75408 -27.75495 -27.76121 -27.82208 -28.16380
 -27.82576 -27.82588 -27.83181 -27.88330 -28.19671
****19**************************************
 -65.92408 -65.98151 -66.33257 -67.14819 -68.12465
 -63.79311 -63.84341 -64.16320 -64.95433 -65.92665
 -62.28314 -62.33040 -62.62509 -63.38984 -64.35745
 -61.21548 -61.25740 -61.52769 -62.26946 -63.23423
 -60.45604 -60.49757 -60.74589 -61.46056 -62.41512
 -59.91983 -59.96016 -60.18399 -60.85286 -61.79616
 -59.53979 -59.57845 -59.77569 -60.38348 -61.29030
 -59.27172 -59.30615 -59.47826 -60.01219 -60.75823
 -59.05975 -59.09080 -59.23654 -59.65529 -60.08469
 -58.85006 -58.87584 -58.98748 -59.25716 -46.54688
 -41.47346 -41.33393 -41.20170 -41.11558 -41.08533
 -37.42164 -37.41104 -37.37613 -37.32578 -37.30397
 -34.66544 -34.65884 -34.63597 -34.60225 -34.58529
 -32.67966 -32.67520 -32.65997 -32.63629 -32.62404
 -31.21950 -31.21607 -31.20631 -31.19153 -31.18351
 -30.13447 -30.13235 -30.12616 -30.11859 -30.11484
 -29.33316 -29.33187 -29.32811 -29.32652 -29.32848
 -28.75621 -28.75603 -28.75399 -28.75747 -28.76314
 -28.34904 -28.34819 -28.34751 -28.35395 -28.36316
 -28.06706 -28.06683 -28.06641 -28.07469 -28.08594
 -27.87563 -27.87551 -27.87545 -27.88428 -27.89625
 -27.74918 -27.74896 -27.74886 -27.75728 -27.77070
 -27.66730 -27.66706 -27.66689 -27.67462 -27.68845
 -27.61978 -27.61987 -27.61952 -27.62646 -27.64105
 -27.59132 -27.59041 -27.58980 -27.59627 -27.61096
 -27.57987 -27.57997 -27.57878 -27.58450 -27.59935
 -27.57889 -27.57885 -27.57764 -27.58299 -27.59793
 -27.59455 -27.59493 -27.59394 -27.59794 -27.61347
 -27.60997 -27.60962 -27.60914 -27.61275 -27.62798
 -27.63026 -27.63000 -27.62885 -27.63224 -27.64713
 -27.69462 -27.69483 -27.69428 -27.69646 -27.71146
 -27.76244 -27.76192 -27.76130 -27.76282 -27.77796
 -27.83156 -27.83136 -27.83087 -27.83191 -27.84619
 -27.90191 -27.90163 -27.90122 -27.90183 -27.91542
 -27.97342 -27.97279 -27.97235 -27.97256 -27.98507
****20**************************************
 -62.11527 -62.22455 -62.73286 -63.62955 -64.61797
 -61.05078 -61.14783 -61.62082 -62.50223 -63.48926
 -60.30248 -60.39248 -60.83882 -61.71001 -62.69372
 -59.77392 -59.86426 -60.30568 -61.17120 -62.15519
 -59.40342 -59.50686 -59.96251 -60.82552 -61.80848
 -59.14763 -59.27041 -59.74309 -60.58109 -61.53382
 -58.97572 -59.11475 -59.57603 -60.33150 -61.13943
 -58.86133 -59.00655 -59.42200 -60.03305 -60.55538
 -58.76751 -58.90381 -59.23370 -59.64497 -59.89967
 -58.65091 -58.75581 -58.96940 -59.20428 -59.32818
 -42.21177 -41.97647 -41.73972 -41.74637 -41.77082
 -37.72703 -37.69532 -37.68055 -37.74435 -37.78826
 -34.81221 -34.79260 -34.78624 -34.86318 -34.92180
 -32.71406 -32.70108 -32.70368 -32.78908 -32.86424
 -31.15875 -31.15204 -31.16021 -31.25384 -31.34532
 -29.99466 -29.99377 -30.00945 -30.10984 -30.21614
 -29.13154 -29.13344 -29.15407 -29.25804 -29.37952
 -28.50570 -28.50963 -28.53197 -28.63820 -28.77533
 -28.06411 -28.06969 -28.09287 -28.19974 -28.35556
 -27.75849 -27.76455 -27.78838 -27.89301 -28.07087
 -27.54909 -27.55481 -27.57725 -27.68106 -27.88125
 -27.40731 -27.41342 -27.43574 -27.53618 -27.76430
 -27.31710 -27.32254 -27.34526 -27.44103 -27.69654
 -27.26114 -27.26704 -27.28767 -27.38022 -27.65971
 -27.22705 -27.23085 -27.25235 -27.33979 -27.64099
 -27.20701 -27.21220 -27.23364 -27.31618 -27.63317
 -27.20046 -27.20594 -27.22659 -27.30591 -27.62896
 -27.21259 -27.21660 -27.23695 -27.31171 -27.63018
 -27.22829 -27.23274 -27.25184 -27.32263 -27.63267
 -27.23751 -27.24239 -27.26248 -27.32963 -27.63238
 -27.29846 -27.30169 -27.31963 -27.38021 -27.66141
 -27.36478 -27.36767 -27.38494 -27.43969 -27.69657
 -27.43407 -27.43608 -27.45149 -27.50118 -27.73403
 -27.50394 -27.50617 -27.52004 -27.56519 -27.77589
 -27.57505 -27.57708 -27.59011 -27.63084 -27.81918
****21**************************************
 -64.52842 -64.57584 -64.88304 -65.66860 -66.63863
 -62.77952 -62.82007 -63.09595 -63.85251 -64.81860
 -61.55412 -61.58999 -61.83548 -62.56214 -63.52345
 -60.70451 -60.73154 -60.95206 -61.64838 -62.60153
 -60.11668 -60.14361 -60.34238 -61.01109 -61.95498
 -59.71918 -59.74303 -59.92956 -60.57475 -61.46806
 -59.45489 -59.47635 -59.65307 -60.26095 -60.94530
 -59.26829 -59.28881 -59.45188 -59.94886 -60.30834
 -59.09225 -59.10868 -59.23157 -59.53028 -59.66372
 -58.85025 -58.86089 -58.92925 -59.06088 -59.10520
 -58.57177 -42.84448 -42.73343 -42.33436 -42.28402
 -38.10752 -38.09897 -38.06719 -38.01859 -38.00710
 -35.00969 -35.00657 -34.98575 -34.95178 -34.94295
 -32.80224 -32.80037 -32.78601 -32.76100 -32.75427
 -31.19057 -31.18903 -31.17913 -31.16010 -31.15530
 -30.00154 -29.99972 -29.99326 -29.97969 -29.97582
 -29.11852 -29.11786 -29.11370 -29.10534 -29.10264
 -28.47271 -28.47231 -28.46914 -28.46245 -28.46075
 -28.01509 -28.01365 -28.01187 -28.00708 -28.00577
 -27.69507 -27.69520 -27.69326 -27.68972 -27.68878
 -27.47363 -27.47328 -27.47266 -27.46963 -27.46864
 -27.32504 -27.32464 -27.32382 -27.32149 -27.32101
 -27.23125 -27.23108 -27.23036 -27.22845 -27.22831
 -27.17427 -27.17327 -27.17333 -27.17200 -27.17183
 -27.14040 -27.14026 -27.13987 -27.13868 -27.13873
 -27.12338 -27.12338 -27.12310 -27.12240 -27.12246
 -27.12028 -27.12050 -27.12080 -27.12009 -27.11969
 -27.13194 -27.13193 -27.13211 -27.13165 -27.13171
 -27.15464 -27.15422 -27.15488 -27.15370 -27.15344
 -27.17277 -27.17291 -27.17301 -27.17196 -27.17167
 -27.21891 -27.21898 -27.21887 -27.21782 -27.21695
 -27.28556 -27.28595 -27.28563 -27.28436 -27.28332
 -27.35421 -27.35440 -27.35441 -27.35371 -27.35234
 -27.42423 -27.42425 -27.42427 -27.42361 -27.42290
 -27.49540 -27.49543 -27.49524 -27.49495 -27.49362
****22**************************************
 -74.00000 -73.99996 -73.99996 -73.99996 -73.99996
 -72.39983 -72.39984 -72.40044 -72.40104 -72.40638
 -68.43741 -68.43745 -68.43823 -68.43831 -68.44220
 -65.62371 -65.62388 -65.62556 -65.62606 -65.62913
 -63.62236 -63.62283 -63.62592 -63.62870 -63.63103
 -62.19394 -62.19485 -62.19916 -62.20718 -62.20801
 -61.15060 -61.15169 -61.15785 -61.16825 -61.17323
 -60.32226 -60.32383 -60.33212 -60.34334 -60.34680
 -59.61595 -59.61654 -59.62112 -59.63133 -59.63243
 -59.04161 -59.04246 -59.04618 -59.05282 -59.05428
 -58.61430 -58.61448 -45.02482 -43.88693 -43.43952
 -38.81221 -38.80030 -38.76119 -38.71374 -38.69920
 -35.46976 -35.46556 -35.43764 -35.39954 -35.38753
 -33.10334 -33.10071 -33.07831 -33.04815 -33.03850
 -31.40877 -31.40661 -31.38936 -31.36561 -31.35770
 -30.17501 -30.17253 -30.16089 -30.14304 -30.13657
 -29.26957 -29.26797 -29.25980 -29.24615 -29.24168
 -28.60735 -28.60681 -28.60165 -28.59246 -28.58907
 -28.13609 -28.13536 -28.13262 -28.12687 -28.12461
 -27.80311 -27.80286 -27.80136 -27.79882 -27.79740
 -27.57445 -27.57433 -27.57355 -27.57312 -27.57294
 -27.41934 -27.41955 -27.41957 -27.41979 -27.42007
 -27.31711 -27.31675 -27.31774 -27.31870 -27.31934
 -27.25071 -27.25053 -27.25157 -27.25371 -27.25411
 -27.21497 -27.21547 -27.21606 -27.21813 -27.21907
 -27.19344 -27.19339 -27.19441 -27.19556 -27.19700
 -27.18638 -27.18671 -27.18757 -27.18863 -27.19050
 -27.19063 -27.19028 -27.19097 -27.19203 -27.19330
 -27.20945 -27.20922 -27.21008 -27.21126 -27.21228
 -27.22428 -27.22407 -27.22522 -27.22573 -27.22676
 -27.25389 -27.25431 -27.25524 -27.25573 -27.25674
 -27.32041 -27.32038 -27.32089 -27.32232 -27.32340
 -27.38932 -27.38927 -27.38918 -27.39075 -27.39158
 -27.45901 -27.45925 -27.45945 -27.46023 -27.46177
 -27.53010 -27.53011 -27.53023 -27.53101 -27.53271
****23**************************************
 -74.00000 -74.00000 -74.00000 -73.99999 -73.99999
 -72.60767 -72.60767 -72.60766 -72.60766 -72.60866
 -68.37092 -68.37092 -68.37092 -68.37092 -68.37150
 -65.35615 -65.35615 -65.35615 -65.35615 -65.35671
 -63.21419 -63.21419 -63.21419 -63.21419 -63.21830
 -61.68265 -61.68265 -61.68265 -61.68265 -61.68400
 -60.57432 -60.57432 -60.57432 -60.57432 -60.57444
 -59.77117 -59.77117 -59.77117 -59.77117 -59.77262
 -59.19973 -59.19973 -59.19973 -59.19973 -59.20012
 -58.80070 -58.80070 -58.80070 -58.80070 -58.80070
 -58.52789 -58.52789 -58.52872 -58.52872 -44.47590
 -39.16205 -39.16205 -39.16205 -39.16205 -39.16174
 -35.73192 -35.73189 -35.73189 -35.73189 -35.73138
 -33.30394 -33.30394 -33.30394 -33.30394 -33.30201
 -31.57488 -31.57488 -31.57488 -31.57488 -31.57419
 -30.32752 -30.32752 -30.32752 -30.32752 -30.32745
 -29.41743 -29.41743 -29.41743 -29.41743 -29.41684
 -28.75105 -28.75105 -28.75105 -28.75105 -28.75105
 -28.27356 -28.27356 -28.27356 -28.27356 -28.27356
 -27.93781 -27.93781 -27.93781 -27.93781 -27.93767
 -27.70593 -27.70593 -27.70593 -27.70594 -27.70602
 -27.55076 -27.55076 -27.55076 -27.55076 -27.55010
 -27.44923 -27.44923 -27.44923 -27.44923 -27.44923
 -27.38510 -27.38510 -27.38510 -27.38510 -27.38510
 -27.35161 -27.35161 -27.35161 -27.35161 -27.35161
 -27.33159 -27.33159 -27.33159 -27.33159 -27.33159
 -27.32836 -27.32836 -27.32836 -27.32836 -27.32836
 -27.33424 -27.33424 -27.33424 -27.33424 -27.33389
 -27.35718 -27.35718 -27.35718 -27.35718 -27.35718
 -27.38003 -27.38003 -27.38003 -27.38003 -27.38003
 -27.40352 -27.40352 -27.40352 -27.40352 -27.40352
 -27.46964 -27.46964 -27.46964 -27.46964 -27.46964
 -27.53830 -27.53830 -27.53830 -27.53830 -27.53830
 -27.60780 -27.60780 -27.60780 -27.60780 -27.60780
 -27.67923 -27.67923 -27.67923 -27.67923 -27.67923
****24**************************************
 -74.00000 -74.00000 -74.00000 -74.00000 -74.00000
 -74.00000 -74.00000 -74.00000 -74.00000 -74.00000
 -74.00000 -74.00000 -74.00000 -74.00000 -74.00000
 -74.00000 -74.00000 -74.00000 -74.00000 -74.00000
 -74.00000 -74.00000 -74.00000 -74.00000 -74.00000
 -74.00000 -74.00000 -74.00000 -74.00000 -74.00000
 -74.00000 -74.00000 -74.00000 -74.00000 -74.00000
 -74.00000 -74.00000 -74.00000 -74.00000 -74.00000
 -74.00000 -74.00000 -74.00000 -74.00000 -74.00000
 -74.00000 -74.00000 -74.00000 -74.00000 -74.00000
 -74.00000 -74.00000 -74.00000 -74.00000 -74.00000
 -74.00000 -74.00000 -74.00000 -74.00000 -74.00000
 -74.00000 -74.00000 -74.00000 -74.00000 -74.00000
 -74.00000 -74.00000 -74.00000 -74.00000 -74.00000
 -74.00000 -74.00000 -74.00000 -74.00000 -74.00000
 -74.00000 -74.00000 -44.29629 -44.29629 -43.90138
 -38.78256 -38.78256 -38.66226 -38.46676 -38.46676
 -34.82882 -34.82774 -34.82764 -34.82508 -34.82764
 -32.24555 -32.24555 -32.24555 -32.24488 -32.24488
 -30.41819 -30.41819 -30.41819 -30.41819 -30.41819
 -29.13105 -29.13105 -29.13105 -29.13105 -29.13053
 -28.23069 -28.23069 -28.23069 -28.23069 -28.23134
 -27.60376 -27.60376 -27.60376 -27.60376 -27.60224
 -27.16693 -27.16693 -27.16693 -27.16693 -27.16637
 -26.86912 -26.86912 -26.86912 -26.86912 -26.86912
 -26.67267 -26.67267 -26.67267 -26.67267 -26.67267
 -26.54398 -26.54398 -26.54398 -26.54398 -26.54398
 -26.46354 -26.46354 -26.46354 -26.46354 -26.46354
 -26.42193 -26.42193 -26.42193 -26.42193 -26.42193
 -26.40217 -26.40217 -26.40217 -26.40217 -26.40217
 -26.39187 -26.39187 -26.39187 -26.39187 -26.39187
 -26.43068 -26.43068 -26.43068 -26.43068 -26.43068
 -26.48384 -26.48384 -26.48384 -26.48384 -26.48384
 -26.54338 -26.54338 -26.54338 -26.54338 -26.54338
 -26.60689 -26.60689 -26.60689 -26.60689 -26.60689
****25**************************************
 -74.00000 -74.00000 -74.00000 -74.00000 -74.00000
 -74.00000 -74.00000 -74.00000 -74.00000 -74.00000
 -74.00000 -74.00000 -74.00000 -74.00000 -74.00000
 -74.00000 -74.00000 -74.00000 -74.00000 -74.00000
 -74.00000 -74.00000 -74.00000 -74.00000 -74.00000
 -74.00000 -74.00000 -74.00000 -74.00000 -74.00000
 -74.00000 -74.00000 -74.00000 -74.00000 -74.00000
 -74.00000 -74.00000 -74.00000 -74.00000 -74.00000
 -74.00000 -74.00000 -74.00000 -74.00000 -74.00000
 -74.00000 -74.00000 -74.00000 -74.00000 -74.00000
 -74.00000 -74.00000 -74.00000 -74.00000 -74.00000
 -74.00000 -74.00000 -74.00000 -74.00000 -74.00000
 -74.00000 -74.00000 -74.00000 -74.00000 -74.00000
 -74.00000 -74.00000 -74.00000 -74.00000 -74.00000
 -74.00000 -74.00000 -74.00000 -74.00000 -74.00000
 -74.00000 -74.00000 -74.00000 -45.30016 -45.30016
 -39.97413 -39.97413 -39.97413 -39.97413 -39.29396
 -35.50694 -35.50693 -35.50552 -35.50545 -35.50545
 -32.82092 -32.82092 -32.82092 -32.82092 -32.82092
 -30.91709 -30.91709 -30.91709 -30.91709 -30.91709
 -29.57305 -29.57305 -29.57305 -29.57305 -29.57305
 -28.62650 -28.62650 -28.62650 -28.62650 -28.62650
 -27.96581 -27.96581 -27.96581 -27.96581 -27.96581
 -27.50904 -27.50904 -27.50904 -27.50904 -27.50904
 -27.19544 -27.19544 -27.19544 -27.19544 -27.19544
 -26.98088 -26.98088 -26.98088 -26.98088 -26.98088
 -26.83659 -26.83659 -26.83659 -26.83659 -26.83659
 -26.73754 -26.73754 -26.73754 -26.73754 -26.73754
 -26.67572 -26.67572 -26.67572 -26.67572 -26.67572
 -26.63845 -26.63845 -26.63845 -26.63845 -26.63845
 -26.61169 -26.61169 -26.61169 -26.61169 -26.61169
 -26.62868 -26.62868 -26.62868 -26.62868 -26.62868
 -26.67650 -26.67650 -26.67650 -26.67650 -26.67650
 -26.73303 -26.73303 -26.73303 -26.73303 -26.73303
 -26.79301 -26.79301 -26.79301 -26.79301 -26.79301
