    6    5   35    1    6F: Be 50. Si3N4 0.055 Si 0.7 A:Si 3. 200. 380.
******************************************
  11.00000  12.00000  13.00000  14.00000  15.00000
   0.00000   0.14613   0.29447   0.44091   0.58771   0.73560   0.88252   1.02938
   1.17609   1.32428   1.47129   1.61805   1.76492   1.91169   2.06070   2.20683
   2.35218   2.49969   2.64738   2.79379   2.94101   3.08991   3.23553   3.38202
   3.52892   3.67669   3.82347   3.97081   4.11727   4.26482   4.41162   4.55871
   4.70586   4.85309   5.00000
**** 0**************************************
 -60.40860 -60.41705 -60.41724 -60.42409 -60.49307
 -59.47632 -59.47735 -59.47616 -59.47761 -59.52949
 -58.79648 -58.79569 -58.79234 -58.79232 -58.83337
 -58.29302 -58.29251 -58.28790 -58.28700 -58.33431
 -57.91188 -57.91135 -57.90651 -57.90870 -57.97973
 -57.62401 -57.62300 -57.61951 -57.62558 -57.73529
 -57.40394 -57.40313 -57.40099 -57.41353 -57.56724
 -57.23945 -57.23862 -57.23803 -57.25747 -57.45148
 -57.12965 -57.12972 -57.13007 -57.15477 -57.37788
 -57.03628 -57.03705 -57.03843 -57.06860 -57.31844
 -56.98014 -56.98079 -56.98300 -57.01637 -57.28102
 -56.94203 -56.94277 -56.94601 -56.98167 -57.25478
 -56.92319 -56.92504 -56.92793 -56.96455 -57.23956
 -56.91467 -56.91632 -56.92066 -56.95638 -57.22984
 -56.96248 -56.96471 -56.96814 -57.00018 -57.25246
 -57.02485 -57.02713 -57.03019 -57.05808 -57.28451
 -57.08983 -57.09293 -57.09551 -57.11907 -57.32165
 -57.15761 -57.16063 -57.16360 -57.18309 -57.36213
 -57.22610 -57.23021 -57.23246 -57.24941 -57.40653
 -57.29625 -57.30067 -57.30276 -57.31722 -57.45405
 -57.36699 -57.37212 -57.37376 -57.38640 -57.50475
 -57.43833 -57.44404 -57.44597 -57.45608 -57.55856
 -57.51023 -57.51625 -57.51841 -57.52699 -57.61433
 -57.58208 -57.58923 -57.59111 -57.59816 -57.67249
 -57.65392 -57.66204 -57.66327 -57.67031 -57.73308
 -57.72558 -57.73471 -57.73646 -57.74254 -57.79580
 -57.79786 -57.80801 -57.80973 -57.81486 -57.86012
 -57.87030 -57.88048 -57.88362 -57.88680 -57.92490
 -57.94271 -57.95381 -57.95633 -57.95991 -57.99239
 -58.01388 -58.02661 -58.02895 -58.03273 -58.05986
 -58.08652 -58.09964 -58.10264 -58.10508 -58.12876
 -58.15876 -58.17296 -58.17652 -58.17873 -58.19793
 -58.23049 -58.24599 -58.24962 -58.25196 -58.26805
 -58.30293 -58.31847 -58.32315 -58.32523 -58.33869
 -58.37517 -58.39147 -58.39650 -58.39834 -58.41021
**** 1**************************************
 -60.76820 -60.84266 -60.85150 -60.86259 -60.95510
 -59.72160 -59.74358 -59.74647 -59.75726 -59.83294
 -58.96381 -58.97193 -58.97342 -58.97930 -59.03512
 -58.41191 -58.41574 -58.41733 -58.42124 -58.45682
 -57.99230 -57.99418 -57.99435 -57.99662 -58.01962
 -57.66475 -57.66715 -57.66691 -57.66671 -57.68185
 -57.41564 -57.41714 -57.41717 -57.41678 -57.42830
 -57.23704 -57.23913 -57.23784 -57.23793 -57.24966
 -57.10636 -57.10757 -57.10828 -57.10796 -57.12422
 -57.02140 -57.02428 -57.02314 -57.02430 -57.04274
 -56.96866 -56.97112 -56.97128 -56.97265 -56.99443
 -56.93923 -56.94231 -56.94281 -56.94495 -56.96857
 -56.92522 -56.92976 -56.93037 -56.93176 -56.95872
 -56.92601 -56.93177 -56.93188 -56.93408 -56.96146
 -56.93896 -56.94620 -56.94720 -56.94852 -56.97637
 -56.94923 -56.95729 -56.95862 -56.96161 -56.98794
 -56.96862 -56.97913 -56.97965 -56.98358 -57.00964
 -56.98593 -56.99823 -56.99982 -57.00263 -57.02931
 -57.03780 -57.05178 -57.05335 -57.05620 -57.08033
 -57.10483 -57.11948 -57.12281 -57.12488 -57.14538
 -57.17238 -57.19060 -57.19357 -57.19468 -57.21273
 -57.24161 -57.26004 -57.26318 -57.26533 -57.28104
 -57.31134 -57.33203 -57.33573 -57.33733 -57.35070
 -57.38080 -57.40393 -57.40778 -57.40907 -57.42091
 -57.45084 -57.47573 -57.48090 -57.48169 -57.49210
 -57.52125 -57.54773 -57.55326 -57.55451 -57.56290
 -57.59159 -57.62000 -57.62657 -57.62730 -57.63495
 -57.66245 -57.69255 -57.69957 -57.70071 -57.70729
 -57.73354 -57.76390 -57.77287 -57.77400 -57.77944
 -57.80432 -57.83599 -57.84572 -57.84747 -57.85136
 -57.87523 -57.90761 -57.91894 -57.92010 -57.92455
 -57.94688 -57.97928 -57.99174 -57.99360 -57.99753
 -58.01914 -58.05068 -58.06484 -58.06743 -58.07020
 -58.08982 -58.12246 -58.13789 -58.14103 -58.14333
 -58.16173 -58.19292 -58.21121 -58.21393 -58.21655
**** 2**************************************
 -61.23391 -61.54165 -61.59170 -61.60225 -61.64136
 -59.99836 -60.07644 -60.08514 -60.08959 -60.12328
 -59.04406 -59.06483 -59.06754 -59.07075 -59.09869
 -58.39326 -58.40141 -58.40216 -58.40466 -58.43020
 -57.95738 -57.96125 -57.96181 -57.96418 -57.98800
 -57.65327 -57.65644 -57.65701 -57.65932 -57.68272
 -57.43228 -57.43402 -57.43409 -57.43704 -57.45826
 -57.26475 -57.26487 -57.26490 -57.26699 -57.28878
 -57.13678 -57.13913 -57.13883 -57.14110 -57.15756
 -57.04499 -57.04696 -57.04765 -57.04858 -57.06481
 -56.98104 -56.98318 -56.98413 -56.98486 -56.99865
 -56.93975 -56.94244 -56.94240 -56.94351 -56.95641
 -56.92153 -56.92532 -56.92581 -56.92727 -56.93864
 -56.91534 -56.91897 -56.91965 -56.92118 -56.93137
 -56.92583 -56.93114 -56.93167 -56.93247 -56.94255
 -56.94121 -56.94789 -56.94886 -56.94973 -56.95876
 -56.99657 -57.00421 -57.00518 -57.00676 -57.01356
 -57.05813 -57.06580 -57.06710 -57.06739 -57.07383
 -57.12123 -57.13089 -57.13238 -57.13316 -57.13846
 -57.18719 -57.19811 -57.19978 -57.20037 -57.20499
 -57.25549 -57.26695 -57.26763 -57.26805 -57.27203
 -57.32347 -57.33696 -57.33851 -57.33906 -57.34283
 -57.39200 -57.40769 -57.40988 -57.41049 -57.41334
 -57.46132 -57.47915 -57.48153 -57.48231 -57.48479
 -57.53280 -57.55097 -57.55431 -57.55472 -57.55688
 -57.60239 -57.62325 -57.62640 -57.62716 -57.62862
 -57.67323 -57.69538 -57.69919 -57.69986 -57.70165
 -57.74346 -57.76768 -57.77255 -57.77267 -57.77433
 -57.81436 -57.84059 -57.84509 -57.84614 -57.84784
 -57.88488 -57.91212 -57.91878 -57.91966 -57.92062
 -57.95606 -57.98466 -57.99215 -57.99316 -57.99384
 -58.02734 -58.05774 -58.06486 -58.06606 -58.06655
 -58.09850 -58.12904 -58.13935 -58.13981 -58.14081
 -58.16969 -58.20092 -58.21208 -58.21280 -58.21439
 -58.24092 -58.27338 -58.28456 -58.28658 -58.28700
**** 3**************************************
 -59.96532 -59.96532 -59.96908 -59.98446 -60.12345
 -59.03767 -59.03767 -59.03900 -59.05343 -59.17548
 -58.39430 -58.39430 -58.39531 -58.40861 -58.51924
 -57.95423 -57.95423 -57.95423 -57.96532 -58.07264
 -57.65678 -57.65678 -57.65862 -57.66984 -57.77914
 -57.46071 -57.46071 -57.46188 -57.47492 -57.58685
 -57.33251 -57.33251 -57.33422 -57.34722 -57.46142
 -57.24769 -57.24840 -57.24975 -57.26279 -57.37238
 -57.18820 -57.18820 -57.18989 -57.20167 -57.30026
 -57.14748 -57.14745 -57.14835 -57.15865 -57.24168
 -57.11799 -57.11797 -57.11931 -57.12771 -57.19560
 -57.10205 -57.10185 -57.10257 -57.10978 -57.16424
 -57.09310 -57.09310 -57.09344 -57.09930 -57.14348
 -57.09542 -57.09521 -57.09588 -57.10012 -57.13625
 -57.10713 -57.10713 -57.10765 -57.11125 -57.14013
 -57.12649 -57.12649 -57.12679 -57.12906 -57.15315
 -57.15373 -57.15373 -57.15383 -57.15622 -57.17472
 -57.18521 -57.18523 -57.18554 -57.18781 -57.20256
 -57.22569 -57.22570 -57.22540 -57.22696 -57.23901
 -57.26045 -57.26119 -57.26092 -57.26220 -57.27125
 -57.30408 -57.30408 -57.30378 -57.30468 -57.31190
 -57.34839 -57.34840 -57.34807 -57.34856 -57.35281
 -57.40744 -57.40745 -57.40745 -57.40853 -57.41250
 -57.47930 -57.48052 -57.48005 -57.47973 -57.48410
 -57.55220 -57.55215 -57.55201 -57.55241 -57.55522
 -57.62413 -57.62413 -57.62405 -57.62454 -57.62693
 -57.69784 -57.69782 -57.69764 -57.69672 -57.69926
 -57.77031 -57.77031 -57.77018 -57.77019 -57.77212
 -57.84342 -57.84342 -57.84329 -57.84355 -57.84501
 -57.91670 -57.91668 -57.91655 -57.91664 -57.91833
 -57.98998 -57.98998 -57.98995 -57.99023 -57.99134
 -58.06366 -58.06366 -58.06349 -58.06354 -58.06438
 -58.13665 -58.13665 -58.13668 -58.13679 -58.13782
 -58.21053 -58.21053 -58.21053 -58.21026 -58.21127
 -58.28397 -58.28397 -58.28397 -58.28362 -58.28419
**** 4**************************************
 -74.00000 -74.00000 -74.00000 -74.00000 -74.00000
 -74.00000 -74.00000 -74.00000 -74.00000 -74.00000
 -74.00000 -74.00000 -74.00000 -74.00000 -74.00000
 -74.00000 -74.00000 -74.00000 -74.00000 -74.00000
 -74.00000 -74.00000 -74.00000 -74.00000 -74.00000
 -74.00000 -74.00000 -74.00000 -74.00000 -74.00000
 -73.83564 -73.83836 -73.84690 -73.81159 -73.81477
 -69.39003 -69.38890 -69.38881 -69.38867 -69.39176
 -65.92554 -65.92454 -65.92445 -65.92401 -65.92416
 -63.47490 -63.47336 -63.47308 -63.47253 -63.46661
 -61.74099 -61.73975 -61.73921 -61.73767 -61.72718
 -60.52361 -60.52166 -60.52152 -60.51931 -60.50235
 -59.66304 -59.66130 -59.66052 -59.65843 -59.63748
 -59.06768 -59.06594 -59.06482 -59.06372 -59.04004
 -58.66621 -58.66348 -58.66292 -58.66125 -58.63903
 -58.39412 -58.39238 -58.39147 -58.38922 -58.36974
 -58.22275 -58.22052 -58.21908 -58.21641 -58.20129
 -58.11065 -58.11056 -58.10902 -58.10647 -58.09348
 -58.04788 -58.04588 -58.04605 -58.04523 -58.03521
 -58.00840 -58.00654 -58.00628 -58.00563 -57.99819
 -57.98891 -57.98740 -57.98700 -57.98500 -57.98009
 -57.98108 -57.97955 -57.97938 -57.97874 -57.97597
 -57.98346 -57.98228 -57.98201 -57.98151 -57.97891
 -57.98840 -57.98747 -57.98744 -57.98674 -57.98412
 -57.99671 -57.99595 -57.99616 -57.99572 -57.99538
 -58.00638 -58.00598 -58.00607 -58.00569 -58.00420
 -58.02947 -58.02914 -58.02802 -58.02767 -58.02804
 -58.04398 -58.04378 -58.04436 -58.04425 -58.04337
 -58.08754 -58.08717 -58.08641 -58.08632 -58.08570
 -58.15713 -58.15918 -58.15829 -58.15849 -58.15780
 -58.23020 -58.23001 -58.22962 -58.22727 -58.22651
 -58.30092 -58.30102 -58.30089 -58.30078 -58.30076
 -58.37353 -58.37330 -58.37316 -58.37308 -58.37360
 -58.44668 -58.44644 -58.44575 -58.44597 -58.44577
 -58.51972 -58.51946 -58.51873 -58.51918 -58.51854
**** 5**************************************
 -74.00000 -74.00000 -74.00000 -74.00000 -74.00000
 -74.00000 -74.00000 -74.00000 -74.00000 -74.00000
 -74.00000 -74.00000 -74.00000 -74.00000 -74.00000
 -74.00000 -74.00000 -74.00000 -74.00000 -74.00000
 -74.00000 -74.00000 -74.00000 -74.00000 -74.00000
 -74.00000 -74.00000 -74.00000 -74.00000 -74.00000
 -74.00000 -74.00000 -74.00000 -74.00000 -74.00000
 -72.24287 -72.24287 -72.24286 -71.66662 -68.45335
 -63.11870 -63.11870 -63.11754 -63.11294 -63.08843
 -59.35316 -59.35316 -59.35316 -59.34919 -59.32801
 -56.69163 -56.68731 -56.68731 -56.68731 -56.66633
 -54.80969 -54.80912 -54.80912 -54.80628 -54.78855
 -53.49025 -53.49025 -53.49025 -53.48753 -53.46893
 -52.56454 -52.56454 -52.56454 -52.56132 -52.54864
 -51.92227 -51.92227 -51.92227 -51.92080 -51.90775
 -51.47946 -51.47946 -51.47946 -51.47681 -51.46634
 -51.17578 -51.17578 -51.17578 -51.17446 -51.16531
 -50.96820 -50.96820 -50.96820 -50.96656 -50.95926
 -50.82774 -50.82774 -50.82774 -50.82714 -50.82008
 -50.73309 -50.73309 -50.73309 -50.73261 -50.72692
 -50.67462 -50.67462 -50.67462 -50.67462 -50.67046
 -50.63475 -50.63475 -50.63475 -50.63475 -50.63096
 -50.62347 -50.62347 -50.62347 -50.62347 -50.61977
 -50.66227 -50.66227 -50.66227 -50.66227 -50.65823
 -50.71165 -50.71165 -50.71165 -50.71165 -50.70938
 -50.76841 -50.76841 -50.76841 -50.76841 -50.76634
 -50.82952 -50.82952 -50.82952 -50.82952 -50.82833
 -50.89439 -50.89439 -50.89439 -50.89439 -50.89300
 -50.96168 -50.96168 -50.96168 -50.96168 -50.96007
 -51.03079 -51.03079 -51.03079 -51.03079 -51.02984
 -51.10171 -51.10171 -51.10171 -51.10171 -51.10059
 -51.17314 -51.17314 -51.17314 -51.17183 -51.17183
 -51.24450 -51.24450 -51.24450 -51.24450 -51.24450
 -51.31691 -51.31691 -51.31691 -51.31691 -51.31691
 -51.38846 -51.38846 -51.38846 -51.38846 -51.38846
