    9    5   50    1    9 F: Be 50. Si3N4 0.055 Si 0.7 A:Si 3. 200. 380.       
================================================================================
  11.00000  12.00000  13.00000  14.00000  15.00000
   0.00000   0.09590   0.19179   0.28769   0.38359   0.47949   0.57538   0.67128
   0.76718   0.86308   0.95897   1.05487   1.15077   1.24667   1.34256   1.43846
   1.53436   1.63025   1.72615   1.82205   1.91795   2.01384   2.10974   2.20564
   2.30154   2.39743   2.49333   2.58923   2.68513   2.78102   2.87692   2.97282
   3.06872   3.16461   3.26051   3.35641   3.45230   3.54820   3.64410   3.74000
   3.83589   3.93179   4.02769   4.12359   4.21948   4.31538   4.41128   4.50718
   4.60307   4.69897
================================================================================
 -63.73103 -63.73103 -63.73103 -63.73103 -63.73103
 -62.36990 -62.36990 -62.36990 -62.36990 -62.36990
 -61.27676 -61.27676 -61.27676 -61.27676 -61.27676
 -60.39977 -60.39977 -60.39977 -60.39977 -60.39977
 -59.69753 -59.69753 -59.69753 -59.69753 -59.69753
 -59.13671 -59.13671 -59.13671 -59.13671 -59.13671
 -58.69033 -58.69033 -58.69033 -58.69033 -58.69033
 -58.33648 -58.33648 -58.33648 -58.33648 -58.33648
 -58.05736 -58.05736 -58.05736 -58.05736 -58.05736
 -57.83854 -57.83854 -57.83854 -57.83854 -57.83854
 -57.66831 -57.66831 -57.66831 -57.66831 -57.66831
 -57.53721 -57.53721 -57.53721 -57.53721 -57.53721
 -57.43760 -57.43760 -57.43760 -57.43760 -57.43760
 -57.36329 -57.36329 -57.36329 -57.36329 -57.36329
 -57.30933 -57.30933 -57.30933 -57.30933 -57.30933
 -57.27170 -57.27170 -57.27170 -57.27170 -57.27170
 -57.24720 -57.24720 -57.24720 -57.24720 -57.24720
 -57.23323 -57.23323 -57.23323 -57.23323 -57.23323
 -57.22771 -57.22771 -57.22771 -57.22771 -57.22771
 -57.22898 -57.22898 -57.22898 -57.22898 -57.22898
 -57.23569 -57.23569 -57.23569 -57.23569 -57.23569
 -57.24677 -57.24677 -57.24677 -57.24677 -57.24677
 -57.26135 -57.26135 -57.26135 -57.26135 -57.26135
 -57.27874 -57.27874 -57.27874 -57.27874 -57.27874
 -57.29839 -57.29839 -57.29839 -57.29839 -57.29839
 -57.31984 -57.31984 -57.31984 -57.31984 -57.31984
 -57.34274 -57.34274 -57.34274 -57.34274 -57.34274
 -57.36680 -57.36680 -57.36680 -57.36680 -57.36680
 -57.39180 -57.39180 -57.39180 -57.39180 -57.39180
 -57.41754 -57.41754 -57.41754 -57.41754 -57.41754
 -57.44388 -57.44388 -57.44388 -57.44388 -57.44388
 -57.47071 -57.47071 -57.47071 -57.47071 -57.47071
 -57.49792 -57.49792 -57.49792 -57.49792 -57.49792
 -57.52543 -57.52543 -57.52543 -57.52543 -57.52543
 -57.55320 -57.55320 -57.55320 -57.55320 -57.55320
 -57.58116 -57.58116 -57.58116 -57.58116 -57.58116
 -57.60929 -57.60929 -57.60929 -57.60929 -57.60929
 -57.63754 -57.63754 -57.63754 -57.63754 -57.63754
 -57.66589 -57.66589 -57.66589 -57.66589 -57.66589
 -57.69433 -57.69433 -57.69433 -57.69433 -57.69433
 -57.72283 -57.72283 -57.72283 -57.72283 -57.72283
 -57.75139 -57.75139 -57.75139 -57.75139 -57.75139
 -57.77999 -57.77999 -57.77999 -57.77999 -57.77999
 -57.80862 -57.80862 -57.80862 -57.80862 -57.80862
 -57.83728 -57.83728 -57.83728 -57.83728 -57.83728
 -57.86596 -57.86596 -57.86596 -57.86596 -57.86596
 -57.89466 -57.89466 -57.89466 -57.89466 -57.89466
 -57.92337 -57.92337 -57.92337 -57.92337 -57.92337
 -57.95209 -57.95209 -57.95209 -57.95209 -57.95209
 -57.98082 -57.98082 -57.98082 -57.98082 -57.98082
================================================================================
 -65.23686 -65.23686 -65.23686 -65.23686 -65.23686
 -63.50144 -63.50144 -63.50144 -63.50144 -63.50144
 -62.11509 -62.11509 -62.11509 -62.11509 -62.11509
 -61.00818 -61.00818 -61.00818 -61.00818 -61.00818
 -60.12473 -60.12473 -60.12473 -60.12473 -60.12473
 -59.41992 -59.41992 -59.41992 -59.41992 -59.41992
 -58.85803 -58.85803 -58.85803 -58.85803 -58.85803
 -58.41068 -58.41068 -58.41068 -58.41068 -58.41068
 -58.05536 -58.05536 -58.05536 -58.05536 -58.05536
 -57.77417 -57.77417 -57.77417 -57.77417 -57.77417
 -57.55283 -57.55283 -57.55283 -57.55283 -57.55283
 -57.37985 -57.37985 -57.37985 -57.37985 -57.37985
 -57.24598 -57.24598 -57.24598 -57.24598 -57.24598
 -57.14370 -57.14370 -57.14370 -57.14370 -57.14370
 -57.06697 -57.06697 -57.06697 -57.06697 -57.06697
 -57.01084 -57.01084 -57.01084 -57.01084 -57.01084
 -56.97133 -56.97133 -56.97133 -56.97133 -56.97133
 -56.94523 -56.94523 -56.94523 -56.94523 -56.94523
 -56.92990 -56.92990 -56.92990 -56.92990 -56.92990
 -56.92326 -56.92326 -56.92326 -56.92326 -56.92326
 -56.92359 -56.92359 -56.92359 -56.92359 -56.92359
 -56.92954 -56.92954 -56.92954 -56.92954 -56.92954
 -56.93999 -56.93999 -56.93999 -56.93999 -56.93999
 -56.95406 -56.95406 -56.95406 -56.95406 -56.95406
 -56.97103 -56.97103 -56.97103 -56.97103 -56.97103
 -56.99034 -56.99034 -56.99034 -56.99034 -56.99034
 -57.01152 -57.01152 -57.01152 -57.01152 -57.01152
 -57.03420 -57.03420 -57.03420 -57.03420 -57.03420
 -57.05809 -57.05809 -57.05809 -57.05809 -57.05809
 -57.08294 -57.08294 -57.08294 -57.08294 -57.08294
 -57.10857 -57.10857 -57.10857 -57.10857 -57.10857
 -57.13482 -57.13482 -57.13482 -57.13482 -57.13482
 -57.16157 -57.16157 -57.16157 -57.16157 -57.16157
 -57.18872 -57.18872 -57.18872 -57.18872 -57.18872
 -57.21619 -57.21619 -57.21619 -57.21619 -57.21619
 -57.24392 -57.24392 -57.24392 -57.24392 -57.24392
 -57.27185 -57.27185 -57.27185 -57.27185 -57.27185
 -57.29995 -57.29995 -57.29995 -57.29995 -57.29995
 -57.32818 -57.32818 -57.32818 -57.32818 -57.32818
 -57.35652 -57.35652 -57.35652 -57.35652 -57.35652
 -57.38495 -57.38495 -57.38495 -57.38495 -57.38495
 -57.41344 -57.41344 -57.41344 -57.41344 -57.41344
 -57.44199 -57.44199 -57.44199 -57.44199 -57.44199
 -57.47058 -57.47058 -57.47058 -57.47058 -57.47058
 -57.49920 -57.49920 -57.49920 -57.49920 -57.49920
 -57.52786 -57.52786 -57.52786 -57.52786 -57.52786
 -57.55653 -57.55653 -57.55653 -57.55653 -57.55653
 -57.58523 -57.58523 -57.58523 -57.58523 -57.58523
 -57.61394 -57.61394 -57.61394 -57.61394 -57.61394
 -57.64266 -57.64266 -57.64266 -57.64266 -57.64266
================================================================================
 -64.69523 -64.69523 -64.69523 -64.69523 -64.69523
 -63.10630 -63.10630 -63.10630 -63.10630 -63.10630
 -61.83789 -61.83789 -61.83789 -61.83789 -61.83789
 -60.82649 -60.82649 -60.82649 -60.82649 -60.82649
 -60.02118 -60.02118 -60.02118 -60.02118 -60.02118
 -59.38112 -59.38112 -59.38112 -59.38112 -59.38112
 -58.87352 -58.87352 -58.87352 -58.87352 -58.87352
 -58.47194 -58.47194 -58.47194 -58.47194 -58.47194
 -58.15494 -58.15494 -58.15494 -58.15494 -58.15494
 -57.90500 -57.90500 -57.90500 -57.90500 -57.90500
 -57.70783 -57.70783 -57.70783 -57.70783 -57.70783
 -57.55205 -57.55205 -57.55205 -57.55205 -57.55205
 -57.42889 -57.42889 -57.42889 -57.42889 -57.42889
 -57.33178 -57.33178 -57.33178 -57.33178 -57.33178
 -57.25589 -57.25589 -57.25589 -57.25589 -57.25589
 -57.19760 -57.19760 -57.19760 -57.19760 -57.19760
 -57.15408 -57.15408 -57.15408 -57.15408 -57.15408
 -57.12305 -57.12305 -57.12305 -57.12305 -57.12305
 -57.10252 -57.10252 -57.10252 -57.10252 -57.10252
 -57.09084 -57.09084 -57.09084 -57.09084 -57.09084
 -57.08653 -57.08653 -57.08653 -57.08653 -57.08653
 -57.08834 -57.08834 -57.08834 -57.08834 -57.08834
 -57.09521 -57.09521 -57.09521 -57.09521 -57.09521
 -57.10622 -57.10622 -57.10622 -57.10622 -57.10622
 -57.12063 -57.12063 -57.12063 -57.12063 -57.12063
 -57.13781 -57.13781 -57.13781 -57.13781 -57.13781
 -57.15722 -57.15722 -57.15722 -57.15722 -57.15722
 -57.17846 -57.17846 -57.17846 -57.17846 -57.17846
 -57.20117 -57.20117 -57.20117 -57.20117 -57.20117
 -57.22506 -57.22506 -57.22506 -57.22506 -57.22506
 -57.24991 -57.24991 -57.24991 -57.24991 -57.24991
 -57.27553 -57.27553 -57.27553 -57.27553 -57.27553
 -57.30177 -57.30177 -57.30177 -57.30177 -57.30177
 -57.32851 -57.32851 -57.32851 -57.32851 -57.32851
 -57.35565 -57.35565 -57.35565 -57.35565 -57.35565
 -57.38311 -57.38311 -57.38311 -57.38311 -57.38311
 -57.41083 -57.41083 -57.41083 -57.41083 -57.41083
 -57.43876 -57.43876 -57.43876 -57.43876 -57.43876
 -57.46685 -57.46685 -57.46685 -57.46685 -57.46685
 -57.49508 -57.49508 -57.49508 -57.49508 -57.49508
 -57.52341 -57.52341 -57.52341 -57.52341 -57.52341
 -57.55183 -57.55183 -57.55183 -57.55183 -57.55183
 -57.58032 -57.58032 -57.58032 -57.58032 -57.58032
 -57.60887 -57.60887 -57.60887 -57.60887 -57.60887
 -57.63746 -57.63746 -57.63746 -57.63746 -57.63746
 -57.66608 -57.66608 -57.66608 -57.66608 -57.66608
 -57.69473 -57.69473 -57.69473 -57.69473 -57.69473
 -57.72341 -57.72341 -57.72341 -57.72341 -57.72341
 -57.75211 -57.75211 -57.75211 -57.75211 -57.75211
 -57.78082 -57.78082 -57.78082 -57.78082 -57.78082
================================================================================
 -64.41775 -64.41775 -64.41775 -64.41775 -64.41775
 -62.87184 -62.87184 -62.87184 -62.87184 -62.87184
 -61.63793 -61.63793 -61.63793 -61.63793 -61.63793
 -60.65420 -60.65420 -60.65420 -60.65420 -60.65420
 -59.87107 -59.87107 -59.87107 -59.87107 -59.87107
 -59.24881 -59.24881 -59.24881 -59.24881 -59.24881
 -58.75554 -58.75554 -58.75554 -58.75554 -58.75554
 -58.36568 -58.36568 -58.36568 -58.36568 -58.36568
 -58.05868 -58.05868 -58.05868 -58.05868 -58.05868
 -57.81788 -57.81788 -57.81788 -57.81788 -57.81788
 -57.62961 -57.62961 -57.62961 -57.62961 -57.62961
 -57.48255 -57.48255 -57.48255 -57.48255 -57.48255
 -57.36745 -57.36745 -57.36745 -57.36745 -57.36745
 -57.27701 -57.27701 -57.27701 -57.27701 -57.27701
 -57.20581 -57.20581 -57.20581 -57.20581 -57.20581
 -57.15004 -57.15004 -57.15004 -57.15004 -57.15004
 -57.10707 -57.10707 -57.10707 -57.10707 -57.10707
 -57.07507 -57.07507 -57.07507 -57.07507 -57.07507
 -57.05257 -57.05257 -57.05257 -57.05257 -57.05257
 -57.03837 -57.03837 -57.03837 -57.03837 -57.03837
 -57.03135 -57.03135 -57.03135 -57.03135 -57.03135
 -57.03050 -57.03050 -57.03050 -57.03050 -57.03050
 -57.03489 -57.03489 -57.03489 -57.03489 -57.03489
 -57.04368 -57.04368 -57.04368 -57.04368 -57.04368
 -57.05616 -57.05616 -57.05616 -57.05616 -57.05616
 -57.07168 -57.07168 -57.07168 -57.07168 -57.07168
 -57.08970 -57.08970 -57.08970 -57.08970 -57.08970
 -57.10977 -57.10977 -57.10977 -57.10977 -57.10977
 -57.13151 -57.13151 -57.13151 -57.13151 -57.13151
 -57.15462 -57.15462 -57.15462 -57.15462 -57.15462
 -57.17882 -57.17882 -57.17882 -57.17882 -57.17882
 -57.20392 -57.20392 -57.20392 -57.20392 -57.20392
 -57.22973 -57.22973 -57.22973 -57.22973 -57.22973
 -57.25612 -57.25612 -57.25612 -57.25612 -57.25612
 -57.28298 -57.28298 -57.28298 -57.28298 -57.28298
 -57.31022 -57.31022 -57.31022 -57.31022 -57.31022
 -57.33776 -57.33776 -57.33776 -57.33776 -57.33776
 -57.36554 -57.36554 -57.36554 -57.36554 -57.36554
 -57.39352 -57.39352 -57.39352 -57.39352 -57.39352
 -57.42165 -57.42165 -57.42165 -57.42165 -57.42165
 -57.44991 -57.44991 -57.44991 -57.44991 -57.44991
 -57.47827 -57.47827 -57.47827 -57.47827 -57.47827
 -57.50671 -57.50671 -57.50671 -57.50671 -57.50671
 -57.53521 -57.53521 -57.53521 -57.53521 -57.53521
 -57.56377 -57.56377 -57.56377 -57.56377 -57.56377
 -57.59237 -57.59237 -57.59237 -57.59237 -57.59237
 -57.62101 -57.62101 -57.62101 -57.62101 -57.62101
 -57.64967 -57.64967 -57.64967 -57.64967 -57.64967
 -57.67835 -57.67835 -57.67835 -57.67835 -57.67835
 -57.70705 -57.70705 -57.70705 -57.70705 -57.70705
================================================================================
 -67.65402 -67.65402 -67.65402 -67.65402 -67.65402
 -65.44554 -65.44554 -65.44554 -65.44554 -65.44554
 -63.68034 -63.68034 -63.68034 -63.68034 -63.68034
 -62.27058 -62.27058 -62.27058 -62.27058 -62.27058
 -61.14584 -61.14584 -61.14584 -61.14584 -61.14584
 -60.24965 -60.24965 -60.24965 -60.24965 -60.24965
 -59.53672 -59.53672 -59.53672 -59.53672 -59.53672
 -58.97074 -58.97074 -58.97074 -58.97074 -58.97074
 -58.52258 -58.52258 -58.52258 -58.52258 -58.52258
 -58.16883 -58.16883 -58.16883 -58.16883 -58.16883
 -57.89058 -57.89058 -57.89058 -57.89058 -57.89058
 -57.67251 -57.67251 -57.67251 -57.67251 -57.67251
 -57.50221 -57.50221 -57.50221 -57.50221 -57.50221
 -57.36969 -57.36969 -57.36969 -57.36969 -57.36969
 -57.26706 -57.26706 -57.26706 -57.26706 -57.26706
 -57.18826 -57.18826 -57.18826 -57.18826 -57.18826
 -57.12863 -57.12863 -57.12863 -57.12863 -57.12863
 -57.08463 -57.08463 -57.08463 -57.08463 -57.08463
 -57.05350 -57.05350 -57.05350 -57.05350 -57.05350
 -57.03304 -57.03304 -57.03304 -57.03304 -57.03304
 -57.02143 -57.02143 -57.02143 -57.02143 -57.02143
 -57.01717 -57.01717 -57.01717 -57.01717 -57.01717
 -57.01900 -57.01900 -57.01900 -57.01900 -57.01900
 -57.02585 -57.02585 -57.02585 -57.02585 -57.02585
 -57.03684 -57.03684 -57.03684 -57.03684 -57.03684
 -57.05120 -57.05120 -57.05120 -57.05120 -57.05120
 -57.06833 -57.06833 -57.06833 -57.06833 -57.06833
 -57.08770 -57.08770 -57.08770 -57.08770 -57.08770
 -57.10889 -57.10889 -57.10889 -57.10889 -57.10889
 -57.13155 -57.13155 -57.13155 -57.13155 -57.13155
 -57.15541 -57.15541 -57.15541 -57.15541 -57.15541
 -57.18023 -57.18023 -57.18023 -57.18023 -57.18023
 -57.20582 -57.20582 -57.20582 -57.20582 -57.20582
 -57.23204 -57.23204 -57.23204 -57.23204 -57.23204
 -57.25876 -57.25876 -57.25876 -57.25876 -57.25876
 -57.28589 -57.28589 -57.28589 -57.28589 -57.28589
 -57.31334 -57.31334 -57.31334 -57.31334 -57.31334
 -57.34105 -57.34105 -57.34105 -57.34105 -57.34105
 -57.36897 -57.36897 -57.36897 -57.36897 -57.36897
 -57.39705 -57.39705 -57.39705 -57.39705 -57.39705
 -57.42527 -57.42527 -57.42527 -57.42527 -57.42527
 -57.45361 -57.45361 -57.45361 -57.45361 -57.45361
 -57.48202 -57.48202 -57.48202 -57.48202 -57.48202
 -57.51051 -57.51051 -57.51051 -57.51051 -57.51051
 -57.53905 -57.53905 -57.53905 -57.53905 -57.53905
 -57.56764 -57.56764 -57.56764 -57.56764 -57.56764
 -57.59626 -57.59626 -57.59626 -57.59626 -57.59626
 -57.62492 -57.62492 -57.62492 -57.62492 -57.62492
 -57.65359 -57.65359 -57.65359 -57.65359 -57.65359
 -57.68229 -57.68229 -57.68229 -57.68229 -57.68229
================================================================================
 -66.37607 -66.37607 -66.37607 -66.37607 -66.37607
 -64.40853 -64.40853 -64.40853 -64.40853 -64.40853
 -62.83652 -62.83652 -62.83652 -62.83652 -62.83652
 -61.58168 -61.58168 -61.58168 -61.58168 -61.58168
 -60.58116 -60.58116 -60.58116 -60.58116 -60.58116
 -59.78458 -59.78458 -59.78458 -59.78458 -59.78458
 -59.15153 -59.15153 -59.15153 -59.15153 -59.15153
 -58.64960 -58.64960 -58.64960 -58.64960 -58.64960
 -58.25283 -58.25283 -58.25283 -58.25283 -58.25283
 -57.94036 -57.94036 -57.94036 -57.94036 -57.94036
 -57.69549 -57.69549 -57.69549 -57.69549 -57.69549
 -57.50476 -57.50476 -57.50476 -57.50476 -57.50476
 -57.35728 -57.35728 -57.35728 -57.35728 -57.35728
 -57.24419 -57.24419 -57.24419 -57.24419 -57.24419
 -57.15827 -57.15827 -57.15827 -57.15827 -57.15827
 -57.09369 -57.09369 -57.09369 -57.09369 -57.09369
 -57.04591 -57.04591 -57.04591 -57.04591 -57.04591
 -57.01147 -57.01147 -57.01147 -57.01147 -57.01147
 -56.98777 -56.98777 -56.98777 -56.98777 -56.98777
 -56.97290 -56.97290 -56.97290 -56.97290 -56.97290
 -56.96537 -56.96537 -56.96537 -56.96537 -56.96537
 -56.96401 -56.96401 -56.96401 -56.96401 -56.96401
 -56.96787 -56.96787 -56.96787 -56.96787 -56.96787
 -56.97610 -56.97610 -56.97610 -56.97610 -56.97610
 -56.98802 -56.98802 -56.98802 -56.98802 -56.98802
 -57.00300 -57.00300 -57.00300 -57.00300 -57.00300
 -57.02054 -57.02054 -57.02054 -57.02054 -57.02054
 -57.04017 -57.04017 -57.04017 -57.04017 -57.04017
 -57.06154 -57.06154 -57.06154 -57.06154 -57.06154
 -57.08431 -57.08431 -57.08431 -57.08431 -57.08431
 -57.10824 -57.10824 -57.10824 -57.10824 -57.10824
 -57.13311 -57.13311 -57.13311 -57.13311 -57.13311
 -57.15873 -57.15873 -57.15873 -57.15873 -57.15873
 -57.18497 -57.18497 -57.18497 -57.18497 -57.18497
 -57.21170 -57.21170 -57.21170 -57.21170 -57.21170
 -57.23883 -57.23883 -57.23883 -57.23883 -57.23883
 -57.26628 -57.26628 -57.26628 -57.26628 -57.26628
 -57.29399 -57.29399 -57.29399 -57.29399 -57.29399
 -57.32191 -57.32191 -57.32191 -57.32191 -57.32191
 -57.35000 -57.35000 -57.35000 -57.35000 -57.35000
 -57.37822 -57.37822 -57.37822 -57.37822 -57.37822
 -57.40655 -57.40655 -57.40655 -57.40655 -57.40655
 -57.43497 -57.43497 -57.43497 -57.43497 -57.43497
 -57.46346 -57.46346 -57.46346 -57.46346 -57.46346
 -57.49200 -57.49200 -57.49200 -57.49200 -57.49200
 -57.52059 -57.52059 -57.52059 -57.52059 -57.52059
 -57.54921 -57.54921 -57.54921 -57.54921 -57.54921
 -57.57786 -57.57786 -57.57786 -57.57786 -57.57786
 -57.60654 -57.60654 -57.60654 -57.60654 -57.60654
 -57.63523 -57.63523 -57.63523 -57.63523 -57.63523
================================================================================
 -62.89863 -62.89863 -62.89863 -62.89863 -62.89863
 -61.72273 -61.72273 -61.72273 -61.72273 -61.72273
 -60.78551 -60.78551 -60.78551 -60.78551 -60.78551
 -60.03969 -60.03969 -60.03969 -60.03969 -60.03969
 -59.44734 -59.44734 -59.44734 -59.44734 -59.44734
 -58.97805 -58.97805 -58.97805 -58.97805 -58.97805
 -58.60744 -58.60744 -58.60744 -58.60744 -58.60744
 -58.31597 -58.31597 -58.31597 -58.31597 -58.31597
 -58.08794 -58.08794 -58.08794 -58.08794 -58.08794
 -57.91079 -57.91079 -57.91079 -57.91079 -57.91079
 -57.77444 -57.77444 -57.77444 -57.77444 -57.77444
 -57.67076 -57.67076 -57.67076 -57.67076 -57.67076
 -57.59312 -57.59312 -57.59312 -57.59312 -57.59312
 -57.53591 -57.53591 -57.53591 -57.53591 -57.53591
 -57.49420 -57.49420 -57.49420 -57.49420 -57.49420
 -57.46366 -57.46366 -57.46366 -57.46366 -57.46366
 -57.44075 -57.44075 -57.44075 -57.44075 -57.44075
 -57.42301 -57.42301 -57.42301 -57.42301 -57.42301
 -57.40909 -57.40909 -57.40909 -57.40909 -57.40909
 -57.39855 -57.39855 -57.39855 -57.39855 -57.39855
 -57.39148 -57.39148 -57.39148 -57.39148 -57.39148
 -57.38808 -57.38808 -57.38808 -57.38808 -57.38808
 -57.38849 -57.38849 -57.38849 -57.38849 -57.38849
 -57.39268 -57.39268 -57.39268 -57.39268 -57.39268
 -57.40046 -57.40046 -57.40046 -57.40046 -57.40046
 -57.41153 -57.41153 -57.41153 -57.41153 -57.41153
 -57.42552 -57.42552 -57.42552 -57.42552 -57.42552
 -57.44205 -57.44205 -57.44205 -57.44205 -57.44205
 -57.46075 -57.46075 -57.46075 -57.46075 -57.46075
 -57.48128 -57.48128 -57.48128 -57.48128 -57.48128
 -57.50333 -57.50333 -57.50333 -57.50333 -57.50333
 -57.52664 -57.52664 -57.52664 -57.52664 -57.52664
 -57.55099 -57.55099 -57.55099 -57.55099 -57.55099
 -57.57619 -57.57619 -57.57619 -57.57619 -57.57619
 -57.60207 -57.60207 -57.60207 -57.60207 -57.60207
 -57.62851 -57.62851 -57.62851 -57.62851 -57.62851
 -57.65541 -57.65541 -57.65541 -57.65541 -57.65541
 -57.68267 -57.68267 -57.68267 -57.68267 -57.68267
 -57.71023 -57.71023 -57.71023 -57.71023 -57.71023
 -57.73802 -57.73802 -57.73802 -57.73802 -57.73802
 -57.76601 -57.76601 -57.76601 -57.76601 -57.76601
 -57.79415 -57.79415 -57.79415 -57.79415 -57.79415
 -57.82241 -57.82241 -57.82241 -57.82241 -57.82241
 -57.85078 -57.85078 -57.85078 -57.85078 -57.85078
 -57.87922 -57.87922 -57.87922 -57.87922 -57.87922
 -57.90773 -57.90773 -57.90773 -57.90773 -57.90773
 -57.93629 -57.93629 -57.93629 -57.93629 -57.93629
 -57.96489 -57.96489 -57.96489 -57.96489 -57.96489
 -57.99353 -57.99353 -57.99353 -57.99353 -57.99353
 -58.02219 -58.02219 -58.02219 -58.02219 -58.02219
================================================================================
 -74.00000 -74.00000 -74.00000 -74.00000 -74.00000
 -74.00000 -74.00000 -74.00000 -74.00000 -74.00000
 -74.00000 -74.00000 -74.00000 -74.00000 -74.00000
 -74.00000 -74.00000 -74.00000 -74.00000 -74.00000
 -74.00000 -74.00000 -74.00000 -74.00000 -74.00000
 -74.00000 -74.00000 -74.00000 -74.00000 -74.00000
 -74.00000 -74.00000 -74.00000 -74.00000 -74.00000
 -74.00000 -74.00000 -74.00000 -74.00000 -74.00000
 -74.00000 -74.00000 -74.00000 -74.00000 -74.00000
 -74.00000 -74.00000 -74.00000 -74.00000 -74.00000
 -66.01755 -66.01755 -66.01755 -66.01755 -66.01755
 -59.07621 -59.07621 -59.07621 -59.07621 -59.07621
 -53.51525 -53.51525 -53.51525 -53.51525 -53.51525
 -49.05891 -49.05891 -49.05891 -49.05891 -49.05891
 -45.48212 -45.48212 -45.48212 -45.48212 -45.48212
 -42.59951 -42.59951 -42.59951 -42.59951 -42.59951
 -40.26143 -40.26143 -40.26143 -40.26143 -40.26143
 -38.35457 -38.35457 -38.35457 -38.35457 -38.35457
 -36.79781 -36.79781 -36.79781 -36.79781 -36.79781
 -35.53119 -35.53119 -35.53119 -35.53119 -35.53119
 -34.50611 -34.50611 -34.50611 -34.50611 -34.50611
 -33.68094 -33.68094 -33.68094 -33.68094 -33.68094
 -33.01987 -33.01987 -33.01987 -33.01987 -33.01987
 -32.49257 -32.49257 -32.49257 -32.49257 -32.49257
 -32.07376 -32.07376 -32.07376 -32.07376 -32.07376
 -31.74265 -31.74265 -31.74265 -31.74265 -31.74265
 -31.48226 -31.48226 -31.48226 -31.48226 -31.48226
 -31.27881 -31.27881 -31.27881 -31.27881 -31.27881
 -31.12116 -31.12116 -31.12116 -31.12116 -31.12116
 -31.00032 -31.00032 -31.00032 -31.00032 -31.00032
 -30.90903 -30.90903 -30.90903 -30.90903 -30.90903
 -30.84149 -30.84149 -30.84149 -30.84149 -30.84149
 -30.79299 -30.79299 -30.79299 -30.79299 -30.79299
 -30.75978 -30.75978 -30.75978 -30.75978 -30.75978
 -30.73884 -30.73884 -30.73884 -30.73884 -30.73884
 -30.72775 -30.72775 -30.72775 -30.72775 -30.72775
 -30.72454 -30.72454 -30.72454 -30.72454 -30.72454
 -30.72767 -30.72767 -30.72767 -30.72767 -30.72767
 -30.73587 -30.73587 -30.73587 -30.73587 -30.73587
 -30.74815 -30.74815 -30.74815 -30.74815 -30.74815
 -30.76370 -30.76370 -30.76370 -30.76370 -30.76370
 -30.78186 -30.78186 -30.78186 -30.78186 -30.78186
 -30.80213 -30.80213 -30.80213 -30.80213 -30.80213
 -30.82408 -30.82408 -30.82408 -30.82408 -30.82408
 -30.84738 -30.84738 -30.84738 -30.84738 -30.84738
 -30.87176 -30.87176 -30.87176 -30.87176 -30.87176
 -30.89701 -30.89701 -30.89701 -30.89701 -30.89701
 -30.92296 -30.92296 -30.92296 -30.92296 -30.92296
 -30.94947 -30.94947 -30.94947 -30.94947 -30.94947
 -30.97643 -30.97643 -30.97643 -30.97643 -30.97643
================================================================================
 -74.00000 -74.00000 -74.00000 -74.00000 -74.00000
 -74.00000 -74.00000 -74.00000 -74.00000 -74.00000
 -74.00000 -74.00000 -74.00000 -74.00000 -74.00000
 -74.00000 -74.00000 -74.00000 -74.00000 -74.00000
 -74.00000 -74.00000 -74.00000 -74.00000 -74.00000
 -74.00000 -74.00000 -74.00000 -74.00000 -74.00000
 -74.00000 -74.00000 -74.00000 -74.00000 -74.00000
 -74.00000 -74.00000 -74.00000 -74.00000 -74.00000
 -74.00000 -74.00000 -74.00000 -74.00000 -74.00000
 -74.00000 -74.00000 -74.00000 -74.00000 -74.00000
 -69.07291 -69.07291 -69.07291 -69.07291 -69.07291
 -61.28050 -61.28050 -61.28050 -61.28050 -61.28050
 -55.03768 -55.03768 -55.03768 -55.03768 -55.03768
 -50.03716 -50.03716 -50.03716 -50.03716 -50.03716
 -46.03160 -46.03160 -46.03160 -46.03160 -46.03160
 -42.82042 -42.82042 -42.82042 -42.82042 -42.82042
 -40.23955 -40.23955 -40.23955 -40.23955 -40.23955
 -38.15550 -38.15550 -38.15550 -38.15550 -38.15550
 -36.46348 -36.46348 -36.46348 -36.46348 -36.46348
 -35.08527 -35.08527 -35.08527 -35.08527 -35.08527
 -33.96333 -33.96333 -33.96333 -33.96333 -33.96333
 -33.05333 -33.05333 -33.05333 -33.05333 -33.05333
 -32.31892 -32.31892 -32.31892 -32.31892 -32.31892
 -31.72931 -31.72931 -31.72931 -31.72931 -31.72931
 -31.25835 -31.25835 -31.25835 -31.25835 -31.25835
 -30.88408 -30.88408 -30.88408 -30.88408 -30.88408
 -30.58828 -30.58828 -30.58828 -30.58828 -30.58828
 -30.35594 -30.35594 -30.35594 -30.35594 -30.35594
 -30.17483 -30.17483 -30.17483 -30.17483 -30.17483
 -30.03498 -30.03498 -30.03498 -30.03498 -30.03498
 -29.92835 -29.92835 -29.92835 -29.92835 -29.92835
 -29.84842 -29.84842 -29.84842 -29.84842 -29.84842
 -29.78996 -29.78996 -29.78996 -29.78996 -29.78996
 -29.74872 -29.74872 -29.74872 -29.74872 -29.74872
 -29.72133 -29.72133 -29.72133 -29.72133 -29.72133
 -29.70505 -29.70505 -29.70505 -29.70505 -29.70505
 -29.69768 -29.69768 -29.69768 -29.69768 -29.69768
 -29.69746 -29.69746 -29.69746 -29.69746 -29.69746
 -29.70298 -29.70298 -29.70298 -29.70298 -29.70298
 -29.71311 -29.71311 -29.71311 -29.71311 -29.71311
 -29.72692 -29.72692 -29.72692 -29.72692 -29.72692
 -29.74370 -29.74370 -29.74370 -29.74370 -29.74370
 -29.76285 -29.76285 -29.76285 -29.76285 -29.76285
 -29.78391 -29.78391 -29.78391 -29.78391 -29.78391
 -29.80650 -29.80650 -29.80650 -29.80650 -29.80650
 -29.83031 -29.83031 -29.83031 -29.83031 -29.83031
 -29.85510 -29.85510 -29.85510 -29.85510 -29.85510
 -29.88068 -29.88068 -29.88068 -29.88068 -29.88068
 -29.90689 -29.90689 -29.90689 -29.90689 -29.90689
 -29.93361 -29.93361 -29.93361 -29.93361 -29.93361
