   18    5   35    1   18F: Be 50. Si3N4 0.055 Si 0.7 A:Si 3. 200. 380.
******************************************
  11.00000  12.00000  13.00000  14.00000  15.00000
   0.00000   0.14613   0.29447   0.44091   0.58771   0.73560   0.88252   1.02938
   1.17609   1.32428   1.47129   1.61805   1.76492   1.91169   2.06070   2.20683
   2.35218   2.49969   2.64738   2.79379   2.94101   3.08991   3.23553   3.38202
   3.52892   3.67669   3.82347   3.97081   4.11727   4.26482   4.41162   4.55871
   4.70586   4.85309   5.00000
**** 0**************************************
 -62.89244 -62.89230 -62.89181 -62.88932 -62.88546
 -61.31926 -61.31977 -61.31931 -61.31624 -61.30866
 -60.15193 -60.15265 -60.15242 -60.14891 -60.13961
 -59.29139 -59.29113 -59.28970 -59.28575 -59.27820
 -58.64864 -58.64845 -58.64836 -58.64404 -58.64058
 -58.18132 -58.18144 -58.18215 -58.17877 -58.18680
 -57.83487 -57.83454 -57.83464 -57.83240 -57.86034
 -57.58372 -57.58409 -57.58403 -57.58470 -57.63884
 -57.39538 -57.39623 -57.39513 -57.39912 -57.48453
 -57.31042 -57.31093 -57.31162 -57.31538 -57.41895
 -57.30384 -57.30469 -57.30497 -57.31078 -57.41283
 -57.31970 -57.31919 -57.31972 -57.32614 -57.42405
 -57.35180 -57.35274 -57.35328 -57.35752 -57.44804
 -57.39639 -57.39668 -57.39670 -57.40121 -57.48174
 -57.44959 -57.44906 -57.44988 -57.45329 -57.52359
 -57.50768 -57.50793 -57.50826 -57.51130 -57.57168
 -57.57082 -57.57064 -57.57100 -57.57354 -57.62451
 -57.63670 -57.63675 -57.63750 -57.63866 -57.68149
 -57.70518 -57.70486 -57.70462 -57.70678 -57.74194
 -57.77453 -57.77417 -57.77471 -57.77642 -57.80462
 -57.84516 -57.84565 -57.84525 -57.84669 -57.86944
 -57.91636 -57.91695 -57.91817 -57.91726 -57.93705
 -57.98884 -57.98813 -57.98905 -57.99074 -58.00538
 -58.06236 -58.06085 -58.06161 -58.06234 -58.07378
 -58.13391 -58.13390 -58.13405 -58.13388 -58.14502
 -58.20737 -58.20736 -58.20731 -58.20757 -58.21626
 -58.27973 -58.27972 -58.28024 -58.28081 -58.28705
 -58.35335 -58.35321 -58.35394 -58.35431 -58.35917
 -58.42719 -58.42719 -58.42727 -58.42786 -58.43173
 -58.50029 -58.50052 -58.50064 -58.50092 -58.50424
 -58.57382 -58.57381 -58.57411 -58.57472 -58.57672
 -58.64784 -58.64783 -58.64763 -58.64868 -58.64941
 -58.72080 -58.72080 -58.72123 -58.72099 -58.72263
 -58.79390 -58.79436 -58.79435 -58.79447 -58.79634
 -58.86806 -58.86806 -58.86751 -58.86825 -58.86923
**** 1**************************************
 -64.27410 -64.27407 -64.27407 -64.27391 -64.27681
 -62.05888 -62.05885 -62.05971 -62.05919 -62.05992
 -60.41679 -60.41679 -60.41659 -60.41549 -60.41585
 -59.20200 -59.20210 -59.20160 -59.20115 -59.19948
 -58.31664 -58.31664 -58.31626 -58.31568 -58.31460
 -57.68384 -57.68388 -57.68367 -57.68305 -57.68369
 -57.24054 -57.24051 -57.24024 -57.24000 -57.24582
 -56.93467 -56.93455 -56.93525 -56.93536 -56.94871
 -56.72935 -56.72928 -56.72919 -56.73142 -56.75285
 -56.59465 -56.59463 -56.59415 -56.59713 -56.62646
 -56.50762 -56.50760 -56.50761 -56.51050 -56.54701
 -56.45417 -56.45418 -56.45454 -56.45820 -56.49846
 -56.42209 -56.42210 -56.42276 -56.42595 -56.46897
 -56.42519 -56.42520 -56.42525 -56.42931 -56.47159
 -56.46361 -56.46370 -56.46368 -56.46681 -56.50533
 -56.51185 -56.51187 -56.51229 -56.51532 -56.55000
 -56.56745 -56.56744 -56.56795 -56.57019 -56.60016
 -56.62850 -56.62854 -56.62896 -56.63011 -56.65628
 -56.69229 -56.69229 -56.69234 -56.69365 -56.71646
 -56.76008 -56.76008 -56.76080 -56.76218 -56.78073
 -56.82922 -56.82921 -56.82924 -56.83010 -56.84572
 -56.89971 -56.89970 -56.89966 -56.90070 -56.91357
 -56.96984 -56.96984 -56.97106 -56.97091 -56.98266
 -57.04241 -57.04241 -57.04251 -57.04392 -57.05240
 -57.11437 -57.11437 -57.11424 -57.11577 -57.12232
 -57.18737 -57.18737 -57.18737 -57.18733 -57.19398
 -57.26026 -57.26025 -57.26026 -57.26075 -57.26612
 -57.33338 -57.33338 -57.33335 -57.33371 -57.33818
 -57.40708 -57.40708 -57.40710 -57.40740 -57.41026
 -57.47954 -57.47954 -57.47953 -57.48032 -57.48328
 -57.55344 -57.55344 -57.55336 -57.55354 -57.55564
 -57.62682 -57.62683 -57.62686 -57.62694 -57.62910
 -57.69978 -57.69978 -57.69982 -57.69983 -57.70172
 -57.77337 -57.77337 -57.77337 -57.77407 -57.77553
 -57.84637 -57.84637 -57.84637 -57.84639 -57.84876
**** 2**************************************
 -63.87066 -63.87066 -63.87127 -63.87367 -63.89664
 -61.96216 -61.96216 -61.96290 -61.96440 -61.98278
 -60.55093 -60.55093 -60.55093 -60.55383 -60.56591
 -59.42923 -59.42923 -59.42922 -59.42984 -59.43697
 -58.53155 -58.53155 -58.53153 -58.53217 -58.53483
 -57.85326 -57.85319 -57.85310 -57.85401 -57.85648
 -57.36893 -57.36893 -57.36931 -57.36994 -57.37302
 -57.03839 -57.03843 -57.03867 -57.03913 -57.04416
 -56.82080 -56.82081 -56.82081 -56.82211 -56.83061
 -56.68493 -56.68498 -56.68498 -56.68667 -56.69868
 -56.60331 -56.60335 -56.60401 -56.60599 -56.61931
 -56.55828 -56.55837 -56.55889 -56.56081 -56.57429
 -56.53769 -56.53825 -56.53820 -56.54046 -56.55459
 -56.52984 -56.52988 -56.52997 -56.53280 -56.54645
 -56.53559 -56.53702 -56.53713 -56.53935 -56.55313
 -56.54738 -56.54843 -56.54853 -56.55081 -56.56365
 -56.60531 -56.60538 -56.60599 -56.60797 -56.62031
 -56.66767 -56.66919 -56.66914 -56.67136 -56.68057
 -56.73378 -56.73400 -56.73484 -56.73667 -56.74505
 -56.80079 -56.80188 -56.80195 -56.80397 -56.81254
 -56.87115 -56.87143 -56.87154 -56.87374 -56.88026
 -56.94108 -56.94176 -56.94178 -56.94420 -56.95030
 -57.01179 -57.01377 -57.01383 -57.01535 -57.02064
 -57.08411 -57.08572 -57.08594 -57.08811 -57.09256
 -57.15581 -57.15822 -57.15851 -57.15942 -57.16397
 -57.22781 -57.23091 -57.23121 -57.23223 -57.23597
 -57.30068 -57.30402 -57.30403 -57.30498 -57.30834
 -57.37319 -57.37708 -57.37742 -57.37778 -57.38128
 -57.44557 -57.45029 -57.45071 -57.45122 -57.45425
 -57.51822 -57.52354 -57.52416 -57.52466 -57.52699
 -57.59013 -57.59727 -57.59746 -57.59791 -57.60004
 -57.66228 -57.67059 -57.67076 -57.67149 -57.67359
 -57.73475 -57.74363 -57.74379 -57.74382 -57.74563
 -57.80528 -57.81596 -57.81876 -57.81882 -57.81995
 -57.87901 -57.88922 -57.89176 -57.89185 -57.89308
**** 3**************************************
 -63.49403 -63.49403 -63.49654 -63.49654 -63.51968
 -61.63012 -61.63012 -61.63011 -61.63354 -61.65453
 -60.31501 -60.31501 -60.31500 -60.31666 -60.33542
 -59.34028 -59.34028 -59.34026 -59.34021 -59.35322
 -58.54802 -58.54802 -58.54802 -58.54930 -58.55675
 -57.91038 -57.91038 -57.91038 -57.91199 -57.91718
 -57.43136 -57.43136 -57.43158 -57.43175 -57.43647
 -57.08862 -57.08862 -57.08861 -57.08967 -57.09588
 -56.85373 -56.85373 -56.85371 -56.85525 -56.86424
 -56.69654 -56.69665 -56.69665 -56.69818 -56.71169
 -56.59680 -56.59681 -56.59693 -56.59850 -56.61534
 -56.53591 -56.53591 -56.53686 -56.53973 -56.55767
 -56.50117 -56.50120 -56.50209 -56.50399 -56.52389
 -56.48529 -56.48529 -56.48575 -56.48886 -56.50892
 -56.48296 -56.48296 -56.48376 -56.48590 -56.50624
 -56.48989 -56.48988 -56.49028 -56.49288 -56.51213
 -56.50462 -56.50463 -56.50512 -56.50694 -56.52513
 -56.53519 -56.53523 -56.53576 -56.53817 -56.55414
 -56.59817 -56.59817 -56.59877 -56.60033 -56.61602
 -56.66539 -56.66540 -56.66484 -56.66693 -56.67985
 -56.73226 -56.73232 -56.73250 -56.73466 -56.74563
 -56.80261 -56.80260 -56.80260 -56.80420 -56.81322
 -56.87286 -56.87286 -56.87306 -56.87457 -56.88319
 -56.94507 -56.94507 -56.94508 -56.94558 -56.95339
 -57.01655 -57.01655 -57.01654 -57.01830 -57.02545
 -57.08967 -57.08966 -57.08967 -57.09051 -57.09596
 -57.16251 -57.16251 -57.16251 -57.16311 -57.16790
 -57.23558 -57.23558 -57.23561 -57.23582 -57.24003
 -57.30854 -57.30854 -57.30854 -57.30881 -57.31316
 -57.38192 -57.38192 -57.38225 -57.38226 -57.38540
 -57.45518 -57.45518 -57.45518 -57.45552 -57.45828
 -57.52879 -57.52879 -57.52880 -57.52884 -57.53129
 -57.60294 -57.60294 -57.60294 -57.60244 -57.60443
 -57.67553 -57.67553 -57.67554 -57.67555 -57.67705
 -57.74918 -57.74918 -57.74917 -57.74918 -57.75080
**** 4**************************************
 -63.70200 -63.70200 -63.70205 -63.70505 -63.73047
 -61.80351 -61.80351 -61.80354 -61.80569 -61.82365
 -60.41579 -60.41579 -60.41579 -60.41836 -60.43217
 -59.37134 -59.37134 -59.37134 -59.37156 -59.38079
 -58.55477 -58.55477 -58.55477 -58.55504 -58.56336
 -57.92980 -57.92980 -57.92980 -57.93012 -57.93828
 -57.46942 -57.46942 -57.46942 -57.47050 -57.47867
 -57.14347 -57.14347 -57.14366 -57.14491 -57.15426
 -56.92006 -56.92006 -56.92012 -56.92190 -56.93268
 -56.77306 -56.77306 -56.77311 -56.77470 -56.78632
 -56.67941 -56.67941 -56.67942 -56.68068 -56.69365
 -56.62226 -56.62226 -56.62271 -56.62367 -56.63684
 -56.59492 -56.59492 -56.59547 -56.59688 -56.60923
 -56.58251 -56.58251 -56.58254 -56.58439 -56.59748
 -56.58017 -56.58017 -56.58017 -56.58104 -56.59429
 -56.59271 -56.59272 -56.59275 -56.59467 -56.60523
 -56.60637 -56.60637 -56.60637 -56.60764 -56.61781
 -56.63165 -56.63170 -56.63179 -56.63312 -56.64232
 -56.65627 -56.65627 -56.65633 -56.65661 -56.66614
 -56.72177 -56.72177 -56.72177 -56.72292 -56.73105
 -56.79000 -56.79000 -56.79000 -56.79132 -56.79788
 -56.86019 -56.86019 -56.86025 -56.86170 -56.86633
 -56.93102 -56.93102 -56.93102 -56.93145 -56.93744
 -57.00248 -57.00248 -57.00247 -57.00247 -57.00602
 -57.07529 -57.07529 -57.07531 -57.07534 -57.07876
 -57.14739 -57.14739 -57.14739 -57.14739 -57.15089
 -57.22042 -57.22042 -57.22042 -57.22067 -57.22295
 -57.29336 -57.29336 -57.29364 -57.29366 -57.29553
 -57.36650 -57.36650 -57.36682 -57.36681 -57.36844
 -57.44008 -57.44008 -57.44011 -57.44011 -57.44176
 -57.51339 -57.51339 -57.51339 -57.51339 -57.51438
 -57.58661 -57.58661 -57.58662 -57.58663 -57.58785
 -57.66025 -57.66025 -57.66025 -57.66034 -57.66063
 -57.73392 -57.73392 -57.73392 -57.73399 -57.73438
 -57.80684 -57.80684 -57.80684 -57.80690 -57.80720
**** 5**************************************
 -64.16959 -64.16959 -64.16959 -64.17267 -64.19144
 -62.09929 -62.09929 -62.09929 -62.10047 -62.11334
 -60.56672 -60.56672 -60.56676 -60.56779 -60.57815
 -59.42670 -59.42670 -59.42670 -59.42744 -59.43503
 -58.58229 -58.58229 -58.58233 -58.58284 -58.58983
 -57.96728 -57.96728 -57.96727 -57.96803 -57.97440
 -57.53205 -57.53205 -57.53200 -57.53284 -57.53894
 -57.22992 -57.22992 -57.22966 -57.22952 -57.23598
 -57.02707 -57.02823 -57.02966 -57.02802 -57.03465
 -56.89601 -56.89600 -56.89596 -56.89667 -56.90151
 -56.81471 -56.81470 -56.81459 -56.81503 -56.81949
 -56.76865 -56.76865 -56.76933 -56.77030 -56.77251
 -56.74587 -56.74591 -56.74586 -56.74739 -56.74923
 -56.74362 -56.74361 -56.74355 -56.74438 -56.74752
 -56.75049 -56.75048 -56.75037 -56.75052 -56.75328
 -56.75972 -56.75972 -56.75961 -56.75985 -56.76195
 -56.78410 -56.78410 -56.78405 -56.78437 -56.78725
 -56.80620 -56.80619 -56.80691 -56.80560 -56.80853
 -56.83990 -56.83990 -56.83986 -56.84035 -56.84223
 -56.86956 -56.86955 -56.86952 -56.86914 -56.87101
 -56.93679 -56.93678 -56.93683 -56.93769 -56.94070
 -57.00726 -57.00726 -57.00723 -57.00705 -57.00814
 -57.07919 -57.07919 -57.07917 -57.07906 -57.07966
 -57.15152 -57.15152 -57.15150 -57.14939 -57.15262
 -57.22277 -57.22277 -57.22276 -57.22294 -57.22400
 -57.29567 -57.29567 -57.29566 -57.29574 -57.29648
 -57.36836 -57.36835 -57.36834 -57.36896 -57.36919
 -57.44186 -57.44186 -57.44215 -57.44189 -57.44215
 -57.51468 -57.51468 -57.51467 -57.51501 -57.51534
 -57.58843 -57.58843 -57.58842 -57.58832 -57.58871
 -57.66139 -57.66139 -57.66138 -57.66178 -57.66177
 -57.73476 -57.73476 -57.73550 -57.73544 -57.73559
 -57.80833 -57.80833 -57.80832 -57.80828 -57.80868
 -57.88271 -57.88271 -57.88271 -57.88267 -57.88232
 -57.95459 -57.95459 -57.95458 -57.95463 -57.95655
**** 6**************************************
 -64.97088 -64.97088 -64.97088 -64.97088 -64.98094
 -62.52553 -62.52553 -62.52553 -62.52558 -62.53340
 -60.71800 -60.71800 -60.71800 -60.71915 -60.72484
 -59.44108 -59.44108 -59.44107 -59.44403 -59.44665
 -58.55404 -58.55403 -58.55402 -58.55388 -58.55643
 -57.93702 -57.93702 -57.93699 -57.93761 -57.94201
 -57.51728 -57.51728 -57.51722 -57.51664 -57.52167
 -57.23435 -57.23434 -57.23425 -57.23525 -57.23962
 -57.04927 -57.04926 -57.04915 -57.04923 -57.05478
 -56.93109 -56.93108 -56.93094 -56.93142 -56.93721
 -56.86053 -56.86051 -56.86036 -56.86119 -56.86656
 -56.82041 -56.82039 -56.82023 -56.82075 -56.82643
 -56.80521 -56.80519 -56.80571 -56.80610 -56.81083
 -56.80231 -56.80229 -56.80212 -56.80247 -56.80789
 -56.81719 -56.81717 -56.81701 -56.81747 -56.82210
 -56.83519 -56.83517 -56.83500 -56.83563 -56.84021
 -56.85502 -56.85500 -56.85487 -56.85564 -56.85937
 -56.88425 -56.88424 -56.88491 -56.88513 -56.88856
 -56.91212 -56.91210 -56.91196 -56.91236 -56.91584
 -56.94896 -56.94895 -56.94978 -56.94944 -56.95236
 -56.98399 -56.98398 -56.98385 -56.98471 -56.98750
 -57.05412 -57.05411 -57.05400 -57.05419 -57.05715
 -57.12576 -57.12576 -57.12567 -57.12625 -57.12834
 -57.19734 -57.19733 -57.19726 -57.19824 -57.19987
 -57.27045 -57.27044 -57.27037 -57.26972 -57.27190
 -57.34327 -57.34326 -57.34320 -57.34265 -57.34475
 -57.41608 -57.41608 -57.41603 -57.41555 -57.41686
 -57.48936 -57.48936 -57.48931 -57.48892 -57.48853
 -57.56088 -57.56088 -57.56085 -57.56051 -57.56132
 -57.63488 -57.63488 -57.63485 -57.63504 -57.63564
 -57.70824 -57.70824 -57.70822 -57.70856 -57.70905
 -57.78138 -57.78137 -57.78135 -57.78183 -57.78188
 -57.85541 -57.85541 -57.85539 -57.85522 -57.85592
 -57.92819 -57.92819 -57.92817 -57.92894 -57.92940
 -58.00186 -58.00186 -58.00184 -58.00171 -58.00275
**** 7**************************************
 -63.82432 -63.82432 -63.82491 -63.82611 -63.84197
 -61.69655 -61.69655 -61.69700 -61.69834 -61.71148
 -60.20073 -60.20073 -60.20215 -60.20215 -60.21369
 -59.15625 -59.15625 -59.15625 -59.15753 -59.16793
 -58.43360 -58.43360 -58.43360 -58.43359 -58.44337
 -57.93826 -57.93826 -57.93826 -57.93901 -57.94666
 -57.60008 -57.60008 -57.60008 -57.60359 -57.61024
 -57.37890 -57.37890 -57.37888 -57.37876 -57.38616
 -57.23593 -57.23592 -57.23590 -57.23724 -57.24302
 -57.14904 -57.14903 -57.14901 -57.14999 -57.15616
 -57.09909 -57.09909 -57.09905 -57.09984 -57.10561
 -57.07781 -57.07780 -57.07777 -57.07846 -57.08340
 -57.07192 -57.07191 -57.07188 -57.07254 -57.07715
 -57.08000 -57.07999 -57.07995 -57.08063 -57.08430
 -57.09294 -57.09294 -57.09401 -57.09362 -57.09755
 -57.12292 -57.12292 -57.12288 -57.12249 -57.12595
 -57.14902 -57.14901 -57.14898 -57.14987 -57.15266
 -57.17968 -57.17968 -57.17964 -57.17928 -57.18135
 -57.21433 -57.21433 -57.21430 -57.21542 -57.21672
 -57.25052 -57.25052 -57.25049 -57.25018 -57.25207
 -57.29211 -57.29211 -57.29208 -57.29178 -57.29437
 -57.33883 -57.33883 -57.33880 -57.33855 -57.33999
 -57.40925 -57.40925 -57.40922 -57.40901 -57.41156
 -57.48203 -57.48203 -57.48201 -57.48184 -57.48279
 -57.55593 -57.55592 -57.55592 -57.55577 -57.55428
 -57.62899 -57.62898 -57.62897 -57.62883 -57.62758
 -57.70028 -57.70028 -57.70027 -57.70015 -57.70089
 -57.77316 -57.77316 -57.77316 -57.77359 -57.77376
 -57.84679 -57.84679 -57.84678 -57.84670 -57.84719
 -57.91967 -57.91967 -57.91966 -57.92034 -57.92045
 -57.99327 -57.99327 -57.99326 -57.99321 -57.99357
 -58.06643 -58.06643 -58.06641 -58.06636 -58.06693
 -58.13993 -58.13993 -58.13992 -58.13988 -58.14076
 -58.21447 -58.21447 -58.21446 -58.21442 -58.21408
 -58.28786 -58.28786 -58.28786 -58.28783 -58.28753
**** 8**************************************
 -74.00000 -74.00000 -74.00000 -74.00000 -74.00000
 -74.00000 -74.00000 -74.00000 -74.00000 -74.00000
 -74.00000 -74.00000 -74.00000 -74.00000 -74.00000
 -74.00000 -74.00000 -74.00000 -74.00000 -74.00000
 -74.00000 -74.00000 -74.00000 -74.00000 -74.00000
 -74.00000 -74.00000 -74.00000 -74.00000 -74.00000
 -72.00879 -72.00879 -71.99158 -71.99158 -71.99158
 -67.85884 -67.85884 -67.85884 -67.85884 -67.85884
 -64.82303 -64.82303 -64.82303 -64.82303 -64.82302
 -62.58780 -62.58780 -62.58780 -62.58780 -62.58780
 -60.96841 -60.96841 -60.96841 -60.96841 -60.96841
 -59.81479 -59.81479 -59.81479 -59.81479 -59.81479
 -59.00434 -59.00434 -59.00434 -59.00434 -59.00434
 -58.44198 -58.44198 -58.44198 -58.44198 -58.44198
 -58.05518 -58.05518 -58.05518 -58.05518 -58.05518
 -57.79372 -57.79372 -57.79372 -57.79372 -57.79380
 -57.61861 -57.61861 -57.61861 -57.61861 -57.61866
 -57.50330 -57.50330 -57.50330 -57.50330 -57.50330
 -57.42904 -57.42904 -57.42904 -57.42904 -57.42904
 -57.37805 -57.37805 -57.37805 -57.37805 -57.37805
 -57.35451 -57.35451 -57.35451 -57.35451 -57.35451
 -57.33275 -57.33275 -57.33275 -57.33275 -57.33274
 -57.35733 -57.35733 -57.35733 -57.35733 -57.35762
 -57.40892 -57.40892 -57.40892 -57.40892 -57.40892
 -57.46535 -57.46535 -57.46535 -57.46535 -57.46535
 -57.52823 -57.52823 -57.52823 -57.52823 -57.52823
 -57.59401 -57.59401 -57.59401 -57.59401 -57.59401
 -57.66239 -57.66239 -57.66239 -57.66239 -57.66239
 -57.73117 -57.73117 -57.73117 -57.73117 -57.73117
 -57.80234 -57.80234 -57.80234 -57.80234 -57.80234
 -57.87393 -57.87393 -57.87393 -57.87393 -57.87393
 -57.94670 -57.94670 -57.94670 -57.94670 -57.94670
 -58.01849 -58.01849 -58.01849 -58.01849 -58.01849
 -58.09218 -58.09218 -58.09218 -58.09218 -58.09218
 -58.16426 -58.16426 -58.16426 -58.16426 -58.16426
**** 9**************************************
 -74.00000 -74.00000 -74.00000 -74.00000 -74.00000
 -74.00000 -74.00000 -74.00000 -74.00000 -74.00000
 -73.65708 -73.65708 -73.65708 -73.65708 -73.65708
 -69.15537 -69.15537 -69.15537 -69.15537 -69.15537
 -65.78074 -65.78074 -65.78074 -65.78074 -65.78074
 -63.39511 -63.39511 -63.39511 -63.39511 -63.39511
 -61.71580 -61.71580 -61.71580 -61.71580 -61.71580
 -60.53971 -60.53971 -60.53971 -60.53971 -60.54105
 -59.72187 -59.72187 -59.72187 -59.72187 -59.72187
 -59.15868 -59.15868 -59.15868 -59.15868 -59.15868
 -58.77520 -58.77520 -58.77520 -58.77520 -58.77520
 -58.51173 -58.51173 -58.51173 -58.51173 -58.51173
 -58.30667 -58.30667 -58.30667 -58.30667 -58.30667
 -58.10373 -58.10373 -58.10373 -58.10373 -58.10375
 -57.89774 -57.89774 -57.89774 -57.89774 -57.89774
 -57.71662 -57.71662 -57.71662 -57.71662 -57.71662
 -57.57889 -57.57889 -57.57889 -57.57889 -57.57889
 -57.47970 -57.47970 -57.47970 -57.47970 -57.47970
 -57.41290 -57.41290 -57.41290 -57.41290 -57.41290
 -57.37245 -57.37245 -57.37245 -57.37245 -57.37245
 -57.34504 -57.34504 -57.34504 -57.34504 -57.34508
 -57.33632 -57.33632 -57.33632 -57.33632 -57.33632
 -57.32826 -57.32826 -57.32826 -57.32826 -57.32865
 -57.37979 -57.37979 -57.37979 -57.37979 -57.37979
 -57.43732 -57.43732 -57.43732 -57.43732 -57.43732
 -57.50009 -57.50009 -57.50009 -57.50009 -57.50009
 -57.56494 -57.56494 -57.56494 -57.56494 -57.56499
 -57.63296 -57.63296 -57.63296 -57.63296 -57.63296
 -57.70270 -57.70270 -57.70270 -57.70270 -57.70270
 -57.77404 -57.77404 -57.77404 -57.77404 -57.77404
 -57.84450 -57.84450 -57.84450 -57.84450 -57.84450
 -57.91705 -57.91705 -57.91705 -57.91705 -57.91705
 -57.98888 -57.98888 -57.98888 -57.98888 -57.98888
 -58.06231 -58.06231 -58.06231 -58.06231 -58.06231
 -58.13617 -58.13617 -58.13617 -58.13617 -58.13617
****10**************************************
 -74.00000 -74.00000 -74.00000 -74.00000 -74.00000
 -74.00000 -74.00000 -74.00000 -73.99985 -73.99985
 -71.58723 -71.58723 -71.58723 -71.58723 -71.58723
 -67.43307 -67.43303 -67.43303 -67.43303 -67.43394
 -64.49756 -64.50017 -64.50017 -64.50017 -64.50017
 -62.42210 -62.43888 -62.43888 -62.43888 -62.43888
 -60.99367 -60.99367 -60.99367 -60.99367 -60.99367
 -59.98079 -59.98079 -59.98079 -59.98079 -59.98079
 -59.27088 -59.27088 -59.27088 -59.27088 -59.27088
 -58.77632 -58.77632 -58.77632 -58.77632 -58.77632
 -58.43662 -58.43662 -58.43662 -58.43662 -58.43662
 -58.20795 -58.20795 -58.20795 -58.20795 -58.20849
 -58.04963 -58.04963 -58.04963 -58.04963 -58.04963
 -57.91965 -57.91965 -57.91965 -57.91965 -57.91965
 -57.79045 -57.79045 -57.79045 -57.79045 -57.79045
 -57.66480 -57.66480 -57.66480 -57.66480 -57.66481
 -57.55692 -57.55692 -57.55692 -57.55692 -57.55699
 -57.47576 -57.47576 -57.47576 -57.47576 -57.47576
 -57.41873 -57.41873 -57.41873 -57.41873 -57.41873
 -57.38303 -57.38303 -57.38303 -57.38303 -57.38303
 -57.36306 -57.36306 -57.36306 -57.36306 -57.36306
 -57.35474 -57.35474 -57.35474 -57.35474 -57.35474
 -57.35495 -57.35495 -57.35495 -57.35495 -57.35495
 -57.37669 -57.37669 -57.37669 -57.37669 -57.37680
 -57.43428 -57.43428 -57.43428 -57.43428 -57.43428
 -57.49654 -57.49654 -57.49654 -57.49654 -57.49654
 -57.56214 -57.56214 -57.56214 -57.56214 -57.56214
 -57.62938 -57.62938 -57.62938 -57.62938 -57.62939
 -57.69894 -57.69894 -57.69894 -57.69894 -57.69894
 -57.76909 -57.76909 -57.76909 -57.76909 -57.76909
 -57.84137 -57.84137 -57.84137 -57.84137 -57.84137
 -57.91319 -57.91319 -57.91319 -57.91319 -57.91319
 -57.98609 -57.98609 -57.98609 -57.98609 -57.98609
 -58.05881 -58.05881 -58.05881 -58.05881 -58.05881
 -58.13107 -58.13107 -58.13107 -58.13107 -58.13107
****11**************************************
 -74.00000 -74.00000 -74.00000 -74.00000 -74.00000
 -73.84137 -73.84137 -73.84137 -73.84137 -73.84157
 -69.34391 -69.34390 -69.34390 -69.34390 -69.34390
 -65.79600 -65.79581 -65.79581 -65.79581 -65.79763
 -63.28892 -63.29943 -63.29943 -63.29943 -63.30001
 -61.55465 -61.55465 -61.55465 -61.55465 -61.55570
 -60.34364 -60.34364 -60.34364 -60.34364 -60.34365
 -59.50036 -59.50036 -59.50036 -59.50035 -59.50127
 -58.90950 -58.90950 -58.90950 -58.90950 -58.90946
 -58.49493 -58.49493 -58.49493 -58.49493 -58.49493
 -58.20594 -58.20594 -58.20594 -58.20594 -58.20641
 -58.01037 -58.01037 -58.01037 -58.01037 -58.01036
 -57.87983 -57.87983 -57.87983 -57.87983 -57.88005
 -57.78769 -57.78769 -57.78769 -57.78769 -57.78769
 -57.70412 -57.70412 -57.70412 -57.70412 -57.70412
 -57.62416 -57.62416 -57.62416 -57.62416 -57.62414
 -57.54809 -57.54809 -57.54809 -57.54809 -57.54808
 -57.48937 -57.48937 -57.48937 -57.48937 -57.48937
 -57.44706 -57.44706 -57.44706 -57.44707 -57.44716
 -57.41786 -57.41786 -57.41786 -57.41786 -57.41786
 -57.40713 -57.40713 -57.40713 -57.40713 -57.40713
 -57.40155 -57.40155 -57.40155 -57.40155 -57.40155
 -57.40963 -57.40963 -57.40963 -57.40963 -57.41014
 -57.41586 -57.41586 -57.41586 -57.41586 -57.41594
 -57.46955 -57.46955 -57.46955 -57.46955 -57.46956
 -57.53131 -57.53131 -57.53131 -57.53131 -57.53137
 -57.59690 -57.59690 -57.59690 -57.59690 -57.59690
 -57.66501 -57.66501 -57.66501 -57.66501 -57.66501
 -57.73438 -57.73438 -57.73438 -57.73438 -57.73438
 -57.80524 -57.80524 -57.80524 -57.80524 -57.80524
 -57.87590 -57.87590 -57.87590 -57.87590 -57.87590
 -57.94717 -57.94717 -57.94717 -57.94717 -57.94717
 -58.02146 -58.02146 -58.02146 -58.02146 -58.02146
 -58.09253 -58.09253 -58.09253 -58.09253 -58.09253
 -58.16627 -58.16627 -58.16627 -58.16627 -58.16627
****12**************************************
 -71.42041 -71.42041 -71.42041 -71.42041 -71.42751
 -68.22815 -68.22815 -68.22815 -68.22815 -68.23499
 -65.97271 -65.97271 -65.97271 -65.97397 -65.97904
 -64.32026 -64.32026 -64.32026 -64.32026 -64.32307
 -62.74791 -62.74791 -62.74791 -62.74791 -62.75104
 -61.28612 -61.28612 -61.28612 -61.28614 -61.28682
 -60.17532 -60.17532 -60.17532 -60.17532 -60.17627
 -59.37139 -59.37139 -59.37147 -59.37148 -59.37210
 -58.79353 -58.79353 -58.79353 -58.79354 -58.79372
 -58.38406 -58.38406 -58.38406 -58.38406 -58.38478
 -58.10082 -58.10082 -58.10082 -58.10082 -58.10119
 -57.90757 -57.90757 -57.90757 -57.90781 -57.90801
 -57.74500 -57.74500 -57.74500 -57.74500 -57.74537
 -57.50183 -57.50183 -57.50183 -57.50183 -57.50249
 -57.17024 -57.17024 -57.17024 -57.17030 -57.17034
 -56.85976 -56.85976 -56.85976 -56.85976 -56.86099
 -56.62574 -56.62574 -56.62574 -56.62574 -56.62577
 -56.46259 -56.46259 -56.46259 -56.46259 -56.46262
 -56.35360 -56.35360 -56.35360 -56.35360 -56.35362
 -56.28278 -56.28278 -56.28278 -56.28279 -56.28279
 -56.23942 -56.23942 -56.23942 -56.23942 -56.24079
 -56.21523 -56.21523 -56.21523 -56.21523 -56.21524
 -56.20346 -56.20346 -56.20346 -56.20346 -56.20346
 -56.20061 -56.20061 -56.20061 -56.20062 -56.20062
 -56.22209 -56.22209 -56.22209 -56.22209 -56.22210
 -56.28088 -56.28088 -56.28088 -56.28088 -56.28088
 -56.34170 -56.34170 -56.34170 -56.34170 -56.34170
 -56.40817 -56.40817 -56.40817 -56.40817 -56.40817
 -56.47688 -56.47688 -56.47688 -56.47688 -56.47688
 -56.54708 -56.54708 -56.54708 -56.54708 -56.54708
 -56.61736 -56.61736 -56.61736 -56.61736 -56.61737
 -56.68934 -56.68934 -56.68934 -56.68934 -56.68934
 -56.75976 -56.75976 -56.75976 -56.75976 -56.75976
 -56.83326 -56.83326 -56.83326 -56.83326 -56.83326
 -56.90607 -56.90607 -56.90607 -56.90607 -56.90607
****13**************************************
 -71.27507 -71.27507 -71.27507 -71.27507 -71.28289
 -67.97740 -67.97740 -67.97740 -67.97870 -67.98395
 -65.64370 -65.64370 -65.64370 -65.64432 -65.64978
 -63.93426 -63.93426 -63.93426 -63.93426 -63.93802
 -62.42954 -62.42954 -62.42954 -62.42954 -62.43168
 -61.07165 -61.07165 -61.07165 -61.07452 -61.07488
 -60.01385 -60.01385 -60.01385 -60.01386 -60.01392
 -59.23098 -59.23098 -59.23098 -59.23139 -59.23180
 -58.67112 -58.67112 -58.67112 -58.67110 -58.67248
 -58.26196 -58.26196 -58.26195 -58.26196 -58.26291
 -57.02254 -57.02254 -57.02254 -57.02257 -57.02434
 -55.22730 -55.22730 -55.22730 -55.22730 -55.23000
 -53.93544 -53.93544 -53.93544 -53.93544 -53.93682
 -53.03379 -53.03379 -53.03379 -53.03379 -53.03552
 -52.40989 -52.40989 -52.40989 -52.40989 -52.40989
 -51.98036 -51.98036 -51.98036 -51.98036 -51.98188
 -51.69013 -51.69013 -51.69013 -51.69091 -51.69169
 -51.49718 -51.49718 -51.49718 -51.49718 -51.49869
 -51.37074 -51.37074 -51.37074 -51.37074 -51.37074
 -51.28907 -51.28907 -51.28907 -51.28907 -51.28907
 -51.23654 -51.23654 -51.23654 -51.23654 -51.23930
 -51.20989 -51.20989 -51.20989 -51.20989 -51.20989
 -51.18969 -51.18969 -51.18969 -51.18969 -51.18969
 -51.18969 -51.18969 -51.18969 -51.18969 -51.18969
 -51.18723 -51.18723 -51.18723 -51.18723 -51.18723
 -51.24208 -51.24208 -51.24208 -51.24208 -51.24487
 -51.30487 -51.30487 -51.30487 -51.30487 -51.30487
 -51.37074 -51.37074 -51.37074 -51.37074 -51.37074
 -51.43738 -51.43738 -51.43738 -51.43738 -51.43781
 -51.50629 -51.50629 -51.50629 -51.50629 -51.50681
 -51.57666 -51.57666 -51.57727 -51.57727 -51.57727
 -51.64845 -51.64845 -51.64845 -51.64845 -51.64845
 -51.72003 -51.72003 -51.72003 -51.72003 -51.72003
 -51.79274 -51.79274 -51.79274 -51.79274 -51.79274
 -51.86583 -51.86583 -51.86583 -51.86583 -51.86583
****14**************************************
 -71.40116 -71.40116 -71.40116 -71.40116 -71.40116
 -67.97449 -67.97449 -67.97449 -67.97449 -67.97584
 -65.55213 -65.55213 -65.55214 -65.55264 -65.55417
 -63.81516 -63.81516 -63.81516 -63.81516 -63.81703
 -62.34417 -62.34417 -62.34417 -62.34417 -62.34479
 -60.94755 -60.94755 -60.94755 -60.94755 -60.94762
 -59.85461 -59.85461 -59.85461 -59.85459 -59.85634
 -59.07655 -59.07655 -59.07654 -59.07651 -59.07620
 -58.53775 -58.49637 -58.49637 -58.49632 -58.49671
 -55.43890 -55.43891 -55.43891 -55.43891 -55.43889
 -52.53793 -52.53793 -52.53793 -52.53793 -52.54013
 -50.49196 -50.49196 -50.49196 -50.49196 -50.49394
 -49.04921 -49.04921 -49.04921 -49.04993 -49.05208
 -48.04141 -48.04141 -48.04141 -48.04141 -48.04352
 -47.33964 -47.33964 -47.33964 -47.33964 -47.34103
 -46.85468 -46.85468 -46.85468 -46.85468 -46.85696
 -46.52065 -46.52065 -46.52065 -46.52065 -46.52490
 -46.29458 -46.29458 -46.29458 -46.29458 -46.29584
 -46.13867 -46.13867 -46.13867 -46.13867 -46.14043
 -46.03031 -46.03031 -46.03031 -46.03031 -46.03168
 -45.95273 -45.95273 -45.95273 -45.95273 -45.95388
 -45.89841 -45.89841 -45.89841 -45.89891 -45.89993
 -45.85605 -45.85605 -45.85605 -45.85651 -45.85743
 -45.82808 -45.82808 -45.82808 -45.83240 -45.83240
 -45.81121 -45.81121 -45.81121 -45.81121 -45.81121
 -45.83414 -45.83414 -45.83414 -45.83414 -45.83501
 -45.89438 -45.89438 -45.89438 -45.89438 -45.89488
 -45.95850 -45.95850 -45.95850 -45.95850 -45.95908
 -46.02554 -46.02554 -46.02554 -46.02554 -46.02622
 -46.09362 -46.09362 -46.09362 -46.09362 -46.09441
 -46.16495 -46.16495 -46.16495 -46.16495 -46.16495
 -46.23580 -46.23580 -46.23580 -46.23580 -46.23580
 -46.30736 -46.30736 -46.30736 -46.30736 -46.30736
 -46.37908 -46.37908 -46.37908 -46.37908 -46.37908
 -46.45219 -46.45219 -46.45219 -46.45219 -46.45219
****15**************************************
 -71.61493 -71.61493 -71.61493 -71.61493 -71.61851
 -67.43190 -67.43190 -67.43190 -67.43237 -67.43566
 -64.47050 -64.47050 -64.47050 -64.47101 -64.47357
 -62.38288 -62.38288 -62.38288 -62.38288 -62.38288
 -60.91278 -60.91278 -60.91278 -60.91278 -60.91562
 -59.88803 -59.88803 -59.88803 -59.88803 -59.88937
 -59.17720 -59.17720 -59.17720 -59.17720 -59.17981
 -58.69320 -58.69320 -58.69320 -58.69320 -58.69405
 -58.37053 -57.28675 -57.28675 -57.28675 -57.28675
 -53.01145 -53.01145 -53.01145 -53.01145 -53.01145
 -49.95748 -49.95750 -49.95750 -49.95750 -49.95750
 -47.80078 -47.80078 -47.80078 -47.80078 -47.80148
 -46.28145 -46.28145 -46.28145 -46.28145 -46.28359
 -45.21788 -45.21788 -45.21788 -45.21788 -45.21973
 -44.47836 -44.47836 -44.47836 -44.47836 -39.91420
 -35.91421 -36.91421 -38.61508 -37.61508 -36.61635
 -32.61635 -37.29721 -36.29721 -35.29721 -34.29721
 -36.68012 -35.68012 -34.68012 -33.68012 -32.68160
 -35.55796 -34.55796 -33.55796 -32.55852 -31.55908
 -34.79919 -33.79919 -32.79919 -31.79919 -30.80017
 -34.28813 -33.28813 -32.28813 -31.28813 -30.28813
 -33.95119 -32.95119 -31.95119 -30.95119 -29.95257
 -33.74621 -32.74621 -31.74621 -30.74621 -29.74707
 -33.62603 -32.62603 -31.62603 -30.62603 -29.62668
 -33.57155 -32.57155 -31.57155 -30.57155 -29.57155
 -33.56357 -32.56357 -31.56358 -30.56357 -29.56357
 -33.62799 -32.62799 -31.62799 -30.62799 -29.62799
 -33.71630 -32.71630 -31.71630 -30.71630 -29.71630
 -33.82009 -32.82009 -31.82009 -30.82009 -29.82214
 -33.93762 -32.93762 -31.93762 -30.93896 -29.93896
 -34.06390 -33.06390 -32.06390 -31.06390 -30.06569
 -34.19423 -33.19423 -32.19423 -31.19423 -30.19665
 -34.33223 -33.33223 -32.33223 -31.33223 -30.33223
 -34.47132 -33.47132 -32.47132 -31.47132 -30.47132
 -34.61254 -33.61254 -32.61254 -31.61254 -30.61318
****16**************************************
 -74.00000 -74.00000 -74.00000 -74.00000 -74.00000
 -74.00000 -74.00000 -74.00000 -74.00000 -74.00000
 -74.00000 -74.00000 -74.00000 -74.00000 -74.00000
 -74.00000 -74.00000 -74.00000 -74.00000 -74.00000
 -74.00000 -74.00000 -74.00000 -74.00000 -74.00000
 -74.00000 -74.00000 -74.00000 -74.00000 -74.00000
 -74.00000 -74.00000 -74.00000 -74.00000 -74.00000
 -74.00000 -74.00000 -74.00000 -74.00000 -74.00000
 -74.00000 -74.00000 -74.00000 -74.00000 -74.00000
 -74.00000 -74.00000 -74.00000 -74.00000 -74.00000
 -74.00000 -74.00000 -74.00000 -74.00000 -74.00000
 -74.00000 -74.00000 -74.00000 -74.00000 -74.00000
 -74.00000 -74.00000 -74.00000 -74.00000 -74.00000
 -74.00000 -74.00000 -74.00000 -74.00000 -74.00000
 -37.29067 -37.29067 -37.29067 -37.28975 -37.28975
 -33.93964 -33.93964 -33.93964 -33.93964 -33.93964
 -31.56709 -31.56709 -31.56709 -31.56709 -31.56709
 -29.89125 -29.89125 -29.89125 -29.89125 -29.89125
 -28.71180 -28.71180 -28.71180 -28.71180 -28.71180
 -27.88701 -27.88701 -27.88701 -27.88701 -27.88701
 -27.31304 -27.31304 -27.31304 -27.31304 -27.31304
 -26.92001 -26.92001 -26.92001 -26.92001 -26.92001
 -26.65418 -26.65418 -26.65418 -26.65418 -26.65418
 -26.47798 -26.47798 -26.47798 -26.47798 -26.47798
 -26.36439 -26.36439 -26.36439 -26.36439 -26.36439
 -26.29479 -26.29479 -26.29479 -26.29479 -26.29479
 -26.27791 -26.27791 -26.27791 -26.27791 -26.27791
 -26.29076 -26.29076 -26.29076 -26.29076 -26.29076
 -26.32065 -26.32065 -26.32065 -26.32065 -26.32065
 -26.36223 -26.36223 -26.36223 -26.36223 -26.36223
 -26.41370 -26.41370 -26.41370 -26.41370 -26.41370
 -26.47119 -26.47119 -26.47119 -26.47119 -26.47119
 -26.53299 -26.53299 -26.53299 -26.53299 -26.53299
 -26.59881 -26.59881 -26.59881 -26.59881 -26.59881
 -26.66728 -26.66728 -26.66728 -26.66728 -26.66728
****17**************************************
 -74.00000 -74.00000 -74.00000 -74.00000 -74.00000
 -74.00000 -74.00000 -74.00000 -74.00000 -74.00000
 -74.00000 -74.00000 -74.00000 -74.00000 -74.00000
 -74.00000 -74.00000 -74.00000 -74.00000 -74.00000
 -74.00000 -74.00000 -74.00000 -74.00000 -74.00000
 -74.00000 -74.00000 -74.00000 -74.00000 -74.00000
 -74.00000 -74.00000 -74.00000 -74.00000 -74.00000
 -74.00000 -74.00000 -74.00000 -74.00000 -74.00000
 -74.00000 -74.00000 -74.00000 -74.00000 -74.00000
 -74.00000 -74.00000 -74.00000 -74.00000 -74.00000
 -74.00000 -74.00000 -74.00000 -74.00000 -74.00000
 -74.00000 -74.00000 -74.00000 -74.00000 -74.00000
 -74.00000 -74.00000 -74.00000 -74.00000 -74.00000
 -74.00000 -74.00000 -74.00000 -74.00000 -74.00000
 -74.00000 -38.24205 -38.24205 -38.24205 -38.24159
 -34.69434 -34.69434 -34.69434 -34.69434 -34.69434
 -32.18064 -32.18064 -32.18064 -32.18064 -32.18064
 -30.40431 -30.40431 -30.40431 -30.40431 -30.40431
 -29.15105 -29.15105 -29.15105 -29.15105 -29.15105
 -28.27140 -28.27140 -28.27140 -28.27140 -28.27140
 -27.65721 -27.65721 -27.65721 -27.65721 -27.65721
 -27.23446 -27.23446 -27.23446 -27.23446 -27.23446
 -26.94864 -26.94864 -26.94864 -26.94864 -26.94864
 -26.75653 -26.75653 -26.75653 -26.75653 -26.75653
 -26.63283 -26.63283 -26.63283 -26.63283 -26.63283
 -26.55385 -26.55385 -26.55385 -26.55385 -26.55385
 -26.52165 -26.52165 -26.52165 -26.52165 -26.52165
 -26.53016 -26.53016 -26.53016 -26.53016 -26.53016
 -26.55753 -26.55753 -26.55753 -26.55753 -26.55753
 -26.59807 -26.59807 -26.59807 -26.59807 -26.59807
 -26.64737 -26.64737 -26.64737 -26.64737 -26.64737
 -26.70435 -26.70435 -26.70435 -26.70435 -26.70435
 -26.76560 -26.76560 -26.76560 -26.76560 -26.76560
 -26.83077 -26.83077 -26.83077 -26.83077 -26.83077
 -26.89887 -26.89887 -26.89887 -26.89887 -26.89887
