   26    5   50    1   26 F: Be 50. Si3N4 0.055 Si 0.7 A:Si 3. 200. 380.       
================================================================================
  11.00000  12.00000  13.00000  14.00000  15.00000
   0.00000   0.09590   0.19179   0.28769   0.38359   0.47949   0.57538   0.67128
   0.76718   0.86308   0.95897   1.05487   1.15077   1.24667   1.34256   1.43846
   1.53436   1.63025   1.72615   1.82205   1.91795   2.01384   2.10974   2.20564
   2.30154   2.39743   2.49333   2.58923   2.68513   2.78102   2.87692   2.97282
   3.06872   3.16461   3.26051   3.35641   3.45230   3.54820   3.64410   3.74000
   3.83589   3.93179   4.02769   4.12359   4.21948   4.31538   4.41128   4.50718
   4.60307   4.69897
================================================================================
 -59.99754 -59.99821 -59.99870 -59.99906 -59.99932
 -59.99520 -59.99650 -59.99746 -59.99816 -59.99867
 -59.99230 -59.99438 -59.99592 -59.99704 -59.99786
 -59.98945 -59.99230 -59.99440 -59.99594 -59.99706
 -59.98723 -59.99067 -59.99321 -59.99508 -59.99644
 -59.98602 -59.98978 -59.99256 -59.99460 -59.99609
 -59.98587 -59.98967 -59.99248 -59.99454 -59.99605
 -59.98660 -59.99020 -59.99287 -59.99482 -59.99625
 -59.98792 -59.99117 -59.99358 -59.99534 -59.99662
 -59.98956 -59.99237 -59.99445 -59.99597 -59.99708
 -59.99127 -59.99362 -59.99536 -59.99663 -59.99756
 -59.99289 -59.99481 -59.99623 -59.99726 -59.99802
 -59.22898 -59.22924 -59.22943 -59.22957 -59.22968
 -54.86956 -54.86956 -54.86957 -54.86957 -54.86957
 -51.16140 -51.16141 -51.16149 -51.16149 -51.16149
 -48.00486 -48.00493 -48.00527 -48.00527 -48.00527
 -45.31795 -45.31813 -45.31891 -45.31891 -45.31891
 -43.03573 -43.03600 -43.03718 -43.03718 -43.03718
 -41.10196 -41.10228 -41.10278 -41.10365 -41.10365
 -39.46439 -39.46490 -39.46540 -39.46626 -39.46626
 -38.07661 -38.07707 -38.07751 -38.07827 -38.07827
 -36.89911 -36.89949 -36.89986 -36.90050 -36.90050
 -35.89952 -35.89983 -35.90013 -35.90065 -35.90065
 -35.05159 -35.05184 -35.05208 -35.05249 -35.05249
 -34.33231 -34.33250 -34.33268 -34.33300 -34.33300
 -33.72116 -33.72130 -33.72145 -33.72169 -33.72169
 -33.19976 -33.19987 -33.19997 -33.20016 -33.20016
 -32.75209 -32.75218 -32.75226 -32.75240 -32.75240
 -32.36532 -32.36535 -32.36545 -32.36555 -32.36555
 -32.02919 -32.02922 -32.02929 -32.02937 -32.02937
 -31.73554 -31.73556 -31.73561 -31.73567 -31.73567
 -31.47843 -31.47845 -31.47849 -31.47853 -31.47853
 -31.25263 -31.25265 -31.25267 -31.25271 -31.25271
 -31.05452 -31.05453 -31.05455 -31.05457 -31.05457
 -30.88072 -30.88073 -30.88074 -30.88076 -30.88076
 -30.72869 -30.72869 -30.72869 -30.72871 -30.72871
 -30.59630 -30.59630 -30.59630 -30.59632 -30.59632
 -30.48160 -30.48160 -30.48160 -30.48161 -30.48161
 -30.38307 -30.38307 -30.38307 -30.38308 -30.38308
 -30.29930 -30.29930 -30.29930 -30.29930 -30.29931
 -30.22896 -30.22896 -30.22897 -30.22897 -30.22897
 -30.17081 -30.17081 -30.17081 -30.17081 -30.17081
 -30.12364 -30.12364 -30.12364 -30.12364 -30.12364
 -30.08632 -30.08632 -30.08632 -30.08632 -30.08632
 -30.05776 -30.05776 -30.05776 -30.05776 -30.05776
 -30.03698 -30.03698 -30.03698 -30.03698 -30.03698
 -30.02304 -30.02304 -30.02304 -30.02304 -30.02304
 -30.01512 -30.01512 -30.01512 -30.01512 -30.01512
 -30.01248 -30.01248 -30.01248 -30.01248 -30.01248
 -30.01444 -30.01444 -30.01444 -30.01444 -30.01444
================================================================================
 -59.99996 -59.99997 -59.99998 -59.99998 -59.99999
 -59.99966 -59.99975 -59.99982 -59.99987 -59.99991
 -59.99839 -59.99882 -59.99914 -59.99937 -59.99955
 -59.99473 -59.99613 -59.99717 -59.99794 -59.99851
 -59.98724 -59.99060 -59.99312 -59.99499 -59.99636
 -59.97580 -59.98210 -59.98686 -59.99041 -59.99302
 -59.96221 -59.97194 -59.97933 -59.98487 -59.98897
 -59.94939 -59.96227 -59.97212 -59.97954 -59.98506
 -59.93987 -59.95503 -59.96669 -59.97551 -59.98210
 -59.93495 -59.95127 -59.96386 -59.97340 -59.98054
 -59.93465 -59.95102 -59.96367 -59.97326 -59.98043
 -59.93813 -59.95366 -59.96564 -59.97472 -59.98151
 -58.47526 -58.47573 -58.47608 -58.47634 -58.47653
 -54.11445 -54.11445 -54.11446 -54.11449 -54.11452
 -50.40435 -50.40441 -50.40452 -50.40477 -50.40505
 -47.24619 -47.24643 -47.24688 -47.24794 -47.24911
 -44.55814 -44.55887 -44.55992 -44.56236 -44.56502
 -42.27592 -42.27703 -42.27863 -42.28235 -42.28639
 -40.34332 -40.34463 -40.34651 -40.34818 -40.35561
 -38.70819 -38.70950 -38.71138 -38.71305 -38.72044
 -37.32358 -37.32477 -37.32649 -37.32800 -37.33471
 -36.15017 -36.15120 -36.15267 -36.15398 -36.15971
 -35.15557 -35.15606 -35.15766 -35.15875 -35.16049
 -34.31337 -34.31391 -34.31463 -34.31611 -34.31752
 -33.60075 -33.60118 -33.60176 -33.60295 -33.60408
 -32.99687 -32.99722 -32.99767 -32.99862 -32.99952
 -32.48318 -32.48345 -32.48381 -32.48455 -32.48525
 -32.04347 -32.04369 -32.04397 -32.04456 -32.04511
 -31.66479 -31.66495 -31.66518 -31.66564 -31.66607
 -31.33676 -31.33691 -31.33708 -31.33743 -31.33777
 -31.05112 -31.05120 -31.05137 -31.05164 -31.05190
 -30.80187 -30.80193 -30.80206 -30.80226 -30.80245
 -30.58360 -30.58365 -30.58375 -30.58381 -30.58406
 -30.39268 -30.39272 -30.39279 -30.39284 -30.39302
 -30.22564 -30.22567 -30.22570 -30.22576 -30.22590
 -30.07990 -30.07992 -30.07994 -30.07999 -30.08010
 -29.95333 -29.95335 -29.95336 -29.95340 -29.95347
 -29.84393 -29.84394 -29.84396 -29.84398 -29.84404
 -29.75021 -29.75022 -29.75023 -29.75025 -29.75029
 -29.67077 -29.67077 -29.67078 -29.67080 -29.67081
 -29.60430 -29.60430 -29.60431 -29.60432 -29.60433
 -29.54957 -29.54957 -29.54958 -29.54959 -29.54959
 -29.50541 -29.50542 -29.50542 -29.50543 -29.50543
 -29.47072 -29.47072 -29.47072 -29.47073 -29.47073
 -29.44444 -29.44444 -29.44445 -29.44445 -29.44445
 -29.42562 -29.42562 -29.42562 -29.42562 -29.42562
 -29.41335 -29.41335 -29.41335 -29.41335 -29.41335
 -29.40685 -29.40685 -29.40685 -29.40685 -29.40685
 -29.40539 -29.40539 -29.40539 -29.40539 -29.40539
 -29.40834 -29.40834 -29.40834 -29.40834 -29.40834
================================================================================
 -60.00000 -60.00000 -60.00000 -60.00000 -60.00000
 -60.00000 -60.00000 -60.00000 -60.00000 -60.00000
 -59.99997 -59.99997 -59.99997 -59.99998 -59.99999
 -59.99955 -59.99958 -59.99964 -59.99971 -59.99979
 -59.99644 -59.99671 -59.99713 -59.99769 -59.99832
 -59.98285 -59.98408 -59.98602 -59.98869 -59.99173
 -59.94502 -59.94872 -59.95462 -59.96286 -59.97250
 -59.87506 -59.88267 -59.89500 -59.91269 -59.93410
 -59.78387 -59.79553 -59.81478 -59.84318 -59.87888
 -59.69345 -59.70817 -59.73281 -59.77002 -59.81843
 -59.62090 -59.63741 -59.66533 -59.70827 -59.76559
 -59.57348 -59.59074 -59.62017 -59.66598 -59.72825
 -58.06388 -58.06444 -58.06533 -58.06663 -58.06820
 -53.70741 -53.70742 -53.70743 -53.70746 -53.70752
 -49.98902 -49.98914 -49.98927 -49.98952 -49.99012
 -46.81256 -46.81288 -46.81356 -46.81456 -46.81696
 -44.10239 -44.10310 -44.10459 -44.10678 -44.11198
 -41.80516 -41.80620 -41.80841 -41.81163 -41.81452
 -39.86771 -39.86920 -39.87177 -39.87552 -39.87888
 -38.23548 -38.23698 -38.23958 -38.24336 -38.24675
 -36.85711 -36.85851 -36.86093 -36.86443 -36.86756
 -35.69087 -35.69211 -35.69332 -35.69732 -35.70006
 -34.70302 -34.70372 -34.70512 -34.70699 -34.71088
 -33.86722 -33.86794 -33.86911 -33.87067 -33.87391
 -33.16043 -33.16102 -33.16199 -33.16327 -33.16593
 -32.56191 -32.56239 -32.56317 -32.56422 -32.56637
 -32.05317 -32.05356 -32.05419 -32.05503 -32.05676
 -31.61790 -31.61821 -31.61872 -31.61940 -31.62081
 -31.24347 -31.24368 -31.24417 -31.24472 -31.24585
 -30.91983 -30.91999 -30.92025 -30.92081 -30.92170
 -30.63835 -30.63849 -30.63869 -30.63914 -30.63985
 -30.39357 -30.39367 -30.39382 -30.39416 -30.39438
 -30.17945 -30.17955 -30.17967 -30.17983 -30.18012
 -29.99292 -29.99299 -29.99309 -29.99320 -29.99343
 -29.83014 -29.83018 -29.83027 -29.83036 -29.83054
 -29.68862 -29.68866 -29.68873 -29.68880 -29.68894
 -29.56630 -29.56632 -29.56636 -29.56643 -29.56653
 -29.46084 -29.46086 -29.46089 -29.46095 -29.46102
 -29.37086 -29.37088 -29.37090 -29.37094 -29.37100
 -29.29491 -29.29492 -29.29494 -29.29497 -29.29502
 -29.23167 -29.23167 -29.23169 -29.23171 -29.23175
 -29.17987 -29.17988 -29.17989 -29.17990 -29.17993
 -29.13836 -29.13836 -29.13837 -29.13837 -29.13840
 -29.10600 -29.10601 -29.10601 -29.10602 -29.10603
 -29.08179 -29.08179 -29.08179 -29.08180 -29.08180
 -29.06475 -29.06475 -29.06475 -29.06475 -29.06476
 -29.05402 -29.05402 -29.05402 -29.05403 -29.05403
 -29.04883 -29.04883 -29.04883 -29.04883 -29.04884
 -29.04848 -29.04848 -29.04848 -29.04848 -29.04848
 -29.05236 -29.05236 -29.05236 -29.05236 -29.05236
================================================================================
 -60.00000 -60.00000 -60.00000 -60.00000 -60.00000
 -60.00000 -60.00000 -60.00000 -60.00000 -60.00000
 -60.00000 -60.00000 -60.00000 -60.00000 -60.00000
 -59.99999 -59.99999 -60.00000 -60.00000 -60.00000
 -59.99987 -59.99990 -59.99993 -59.99995 -59.99996
 -59.99882 -59.99912 -59.99935 -59.99953 -59.99965
 -59.99355 -59.99519 -59.99644 -59.99739 -59.99809
 -59.97667 -59.98249 -59.98700 -59.99043 -59.99299
 -59.94018 -59.95463 -59.96603 -59.97482 -59.98147
 -59.88430 -59.91089 -59.93243 -59.94940 -59.96249
 -59.82011 -59.85916 -59.89168 -59.91794 -59.93859
 -59.76174 -59.81084 -59.85270 -59.88721 -59.91485
 -57.79995 -57.80058 -57.80107 -57.80143 -57.80171
 -53.42889 -53.42890 -53.42892 -53.42896 -53.42904
 -49.68041 -49.68052 -49.68068 -49.68106 -49.68171
 -46.45425 -46.45463 -46.45522 -46.45660 -46.45749
 -43.70691 -43.70768 -43.70886 -43.71160 -43.71337
 -41.39875 -41.40002 -41.40172 -41.40390 -41.40818
 -39.46909 -39.47018 -39.47263 -39.47521 -39.48026
 -37.85250 -37.85365 -37.85622 -37.85893 -37.86420
 -36.49101 -36.49212 -36.49376 -36.49723 -36.50230
 -35.33988 -35.34107 -35.34257 -35.34574 -35.35036
 -34.36448 -34.36553 -34.36686 -34.36966 -34.37373
 -33.53910 -33.53976 -33.54115 -33.54356 -33.54704
 -32.84051 -32.84106 -32.84223 -32.84426 -32.84719
 -32.24856 -32.24902 -32.25000 -32.25168 -32.25410
 -31.74514 -31.74552 -31.74632 -31.74710 -31.74967
 -31.31390 -31.31422 -31.31465 -31.31552 -31.31668
 -30.94296 -30.94313 -30.94357 -30.94428 -30.94522
 -30.62253 -30.62267 -30.62302 -30.62359 -30.62434
 -30.34372 -30.34384 -30.34412 -30.34458 -30.34520
 -30.10186 -30.10194 -30.10216 -30.10252 -30.10299
 -29.89013 -29.89020 -29.89038 -29.89067 -29.89106
 -29.70626 -29.70629 -29.70641 -29.70668 -29.70698
 -29.54603 -29.54606 -29.54615 -29.54630 -29.54662
 -29.40717 -29.40720 -29.40727 -29.40739 -29.40765
 -29.28775 -29.28777 -29.28782 -29.28791 -29.28810
 -29.18502 -29.18502 -29.18507 -29.18514 -29.18529
 -29.09774 -29.09775 -29.09779 -29.09784 -29.09790
 -29.02444 -29.02444 -29.02446 -29.02451 -29.02456
 -28.96373 -28.96373 -28.96375 -28.96378 -28.96382
 -28.91433 -28.91433 -28.91434 -28.91436 -28.91440
 -28.87503 -28.87503 -28.87504 -28.87505 -28.87508
 -28.84469 -28.84469 -28.84470 -28.84471 -28.84473
 -28.82228 -28.82228 -28.82228 -28.82229 -28.82231
 -28.80684 -28.80684 -28.80684 -28.80685 -28.80686
 -28.79751 -28.79751 -28.79751 -28.79751 -28.79752
 -28.79352 -28.79352 -28.79352 -28.79352 -28.79353
 -28.79419 -28.79419 -28.79419 -28.79420 -28.79420
 -28.79893 -28.79893 -28.79893 -28.79893 -28.79893
================================================================================
 -60.00000 -60.00000 -60.00000 -60.00000 -60.00000
 -60.00000 -60.00000 -60.00000 -60.00000 -60.00000
 -60.00000 -60.00000 -60.00000 -60.00000 -60.00000
 -60.00000 -60.00000 -60.00000 -60.00000 -60.00000
 -59.99999 -59.99999 -60.00000 -60.00000 -60.00000
 -59.99985 -59.99989 -59.99992 -59.99994 -59.99996
 -59.99853 -59.99890 -59.99918 -59.99940 -59.99956
 -59.99129 -59.99345 -59.99513 -59.99641 -59.99737
 -59.96676 -59.97481 -59.98116 -59.98604 -59.98974
 -59.91230 -59.93254 -59.94891 -59.96178 -59.97169
 -59.82930 -59.86588 -59.89656 -59.92146 -59.94112
 -59.73618 -59.78823 -59.83348 -59.87142 -59.90224
 -57.59563 -57.59615 -57.59655 -57.59686 -57.59710
 -53.19735 -53.19736 -53.19738 -53.19743 -53.19751
 -49.37658 -49.37667 -49.37687 -49.37707 -49.37779
 -46.08376 -46.08404 -46.08445 -46.08527 -46.08642
 -43.31539 -43.31576 -43.31670 -43.31826 -43.32042
 -41.01772 -41.01826 -41.01964 -41.02193 -41.02509
 -39.11077 -39.11145 -39.11318 -39.11603 -39.11995
 -37.51946 -37.52022 -37.52215 -37.52531 -37.52965
 -36.18112 -36.18190 -36.18387 -36.18710 -36.19150
 -35.04975 -35.05021 -35.05177 -35.05548 -35.05967
 -34.08980 -34.09023 -34.09166 -34.09387 -34.09890
 -33.27681 -33.27719 -33.27846 -33.28041 -33.28485
 -32.58784 -32.58816 -32.58926 -32.59095 -32.59476
 -32.00335 -32.00347 -32.00455 -32.00598 -32.00777
 -31.50568 -31.50578 -31.50668 -31.50786 -31.50936
 -31.07853 -31.07862 -31.07916 -31.08036 -31.08161
 -30.71081 -30.71088 -30.71133 -30.71232 -30.71335
 -30.39318 -30.39318 -30.39360 -30.39413 -30.39524
 -30.11643 -30.11643 -30.11677 -30.11721 -30.11812
 -29.87675 -29.87675 -29.87702 -29.87736 -29.87806
 -29.66650 -29.66650 -29.66667 -29.66701 -29.66760
 -29.48436 -29.48436 -29.48449 -29.48476 -29.48522
 -29.32568 -29.32568 -29.32579 -29.32601 -29.32639
 -29.18847 -29.18847 -29.18856 -29.18874 -29.18891
 -29.07098 -29.07098 -29.07104 -29.07113 -29.07130
 -28.97003 -28.97003 -28.97006 -28.97015 -28.97029
 -28.88461 -28.88461 -28.88463 -28.88470 -28.88481
 -28.81319 -28.81319 -28.81321 -28.81327 -28.81335
 -28.75438 -28.75438 -28.75440 -28.75444 -28.75450
 -28.70684 -28.70684 -28.70685 -28.70688 -28.70693
 -28.66932 -28.66932 -28.66932 -28.66934 -28.66939
 -28.64065 -28.64065 -28.64065 -28.64067 -28.64069
 -28.61977 -28.61977 -28.61977 -28.61978 -28.61980
 -28.60571 -28.60571 -28.60571 -28.60572 -28.60573
 -28.59760 -28.59760 -28.59760 -28.59761 -28.59762
 -28.59469 -28.59469 -28.59469 -28.59469 -28.59470
 -28.59629 -28.59629 -28.59629 -28.59629 -28.59630
 -28.60181 -28.60181 -28.60181 -28.60181 -28.60181
================================================================================
 -60.00000 -60.00000 -60.00000 -60.00000 -60.00000
 -60.00000 -60.00000 -60.00000 -60.00000 -60.00000
 -60.00000 -60.00000 -60.00000 -60.00000 -60.00000
 -60.00000 -60.00000 -60.00000 -60.00000 -60.00000
 -60.00000 -60.00000 -60.00000 -60.00000 -60.00000
 -59.99991 -59.99991 -59.99991 -59.99992 -59.99992
 -59.99862 -59.99863 -59.99865 -59.99869 -59.99876
 -59.98841 -59.98850 -59.98867 -59.98899 -59.98955
 -59.94277 -59.94318 -59.94397 -59.94541 -59.94801
 -59.82529 -59.82636 -59.82840 -59.83220 -59.83908
 -59.64374 -59.64550 -59.64886 -59.65514 -59.66663
 -59.45158 -59.45377 -59.45795 -59.46581 -59.48028
 -57.40877 -57.40880 -57.40886 -57.40898 -57.40918
 -52.89596 -52.89596 -52.89598 -52.89601 -52.89609
 -48.93185 -48.93188 -48.93198 -48.93214 -48.93254
 -45.59544 -45.59547 -45.59579 -45.59623 -45.59730
 -42.84955 -42.84962 -42.85026 -42.85114 -42.85229
 -40.59516 -40.59528 -40.59603 -40.59774 -40.59958
 -38.73351 -38.73367 -38.73471 -38.73707 -38.73960
 -37.18337 -37.18358 -37.18485 -37.18673 -37.19079
 -35.87983 -35.87983 -35.88147 -35.88355 -35.88802
 -34.77679 -34.77679 -34.77847 -34.78060 -34.78515
 -33.83891 -33.83891 -33.84008 -33.84259 -33.84697
 -33.04332 -33.04332 -33.04441 -33.04672 -33.05075
 -32.36775 -32.36775 -32.36872 -32.37078 -32.37436
 -31.79355 -31.79355 -31.79439 -31.79617 -31.79793
 -31.30373 -31.30373 -31.30444 -31.30545 -31.30745
 -30.88212 -30.88212 -30.88254 -30.88358 -30.88527
 -30.51863 -30.51863 -30.51898 -30.51985 -30.52127
 -30.20449 -30.20449 -30.20478 -30.20549 -30.20665
 -29.93013 -29.93013 -29.93036 -29.93096 -29.93191
 -29.69283 -29.69283 -29.69302 -29.69348 -29.69424
 -29.48396 -29.48396 -29.48406 -29.48438 -29.48514
 -29.30335 -29.30335 -29.30343 -29.30368 -29.30408
 -29.14588 -29.14588 -29.14594 -29.14616 -29.14648
 -29.00989 -29.00989 -29.00994 -29.01011 -29.01038
 -28.89388 -28.89388 -28.89390 -28.89405 -28.89425
 -28.79421 -28.79421 -28.79422 -28.79434 -28.79450
 -28.71011 -28.71011 -28.71012 -28.71019 -28.71034
 -28.64008 -28.64008 -28.64009 -28.64014 -28.64026
 -28.58270 -28.58270 -28.58270 -28.58275 -28.58281
 -28.53660 -28.53660 -28.53660 -28.53664 -28.53668
 -28.50050 -28.50050 -28.50050 -28.50053 -28.50056
 -28.47320 -28.47320 -28.47320 -28.47321 -28.47325
 -28.45360 -28.45360 -28.45360 -28.45361 -28.45364
 -28.44072 -28.44072 -28.44072 -28.44073 -28.44075
 -28.43369 -28.43369 -28.43369 -28.43370 -28.43371
 -28.43174 -28.43174 -28.43174 -28.43174 -28.43174
 -28.43417 -28.43417 -28.43417 -28.43417 -28.43418
 -28.44040 -28.44040 -28.44040 -28.44040 -28.44040
================================================================================
 -60.00000 -60.00000 -60.00000 -60.00000 -60.00000
 -60.00000 -60.00000 -60.00000 -60.00000 -60.00000
 -60.00000 -60.00000 -60.00000 -60.00000 -60.00000
 -60.00000 -60.00000 -60.00000 -60.00000 -60.00000
 -60.00000 -60.00000 -60.00000 -60.00000 -60.00000
 -60.00000 -60.00000 -60.00000 -60.00000 -60.00000
 -59.99998 -59.99999 -59.99999 -59.99999 -59.99999
 -59.99958 -59.99968 -59.99976 -59.99982 -59.99987
 -59.99488 -59.99610 -59.99708 -59.99783 -59.99840
 -59.96506 -59.97319 -59.97975 -59.98488 -59.98882
 -59.86109 -59.89054 -59.91539 -59.93566 -59.95171
 -59.66115 -59.72134 -59.77588 -59.82342 -59.86340
 -57.11241 -57.11278 -57.11308 -57.11331 -57.11349
 -52.33055 -52.33055 -52.33056 -52.33058 -52.33060
 -48.29405 -48.29405 -48.29408 -48.29415 -48.29428
 -45.00077 -45.00077 -45.00086 -45.00107 -45.00145
 -42.32352 -42.32352 -42.32373 -42.32421 -42.32469
 -40.13698 -40.13698 -40.13739 -40.13827 -40.13918
 -38.33578 -38.33578 -38.33643 -38.33736 -38.33926
 -36.83748 -36.83748 -36.83809 -36.83965 -36.84225
 -35.57700 -35.57700 -35.57775 -35.57965 -35.58280
 -34.50895 -34.50895 -34.50978 -34.51189 -34.51537
 -33.59854 -33.59854 -33.59940 -33.60157 -33.60514
 -32.82469 -32.82469 -32.82520 -32.82763 -32.83108
 -32.16596 -32.16596 -32.16644 -32.16804 -32.17052
 -31.60475 -31.60475 -31.60517 -31.60661 -31.60883
 -31.12490 -31.12490 -31.12526 -31.12651 -31.12843
 -30.71040 -30.71040 -30.71072 -30.71180 -30.71345
 -30.35234 -30.35234 -30.35246 -30.35352 -30.35493
 -30.04260 -30.04260 -30.04270 -30.04333 -30.04474
 -29.77121 -29.77121 -29.77129 -29.77182 -29.77299
 -29.53674 -29.53674 -29.53681 -29.53723 -29.53816
 -29.32941 -29.32941 -29.32941 -29.32982 -29.33034
 -29.15041 -29.15041 -29.15041 -29.15074 -29.15116
 -28.99408 -28.99408 -28.99408 -28.99435 -28.99469
 -28.85915 -28.85915 -28.85915 -28.85931 -28.85966
 -28.74445 -28.74445 -28.74445 -28.74458 -28.74483
 -28.64576 -28.64576 -28.64576 -28.64586 -28.64607
 -28.56268 -28.56268 -28.56268 -28.56276 -28.56287
 -28.49370 -28.49370 -28.49370 -28.49377 -28.49385
 -28.43742 -28.43742 -28.43742 -28.43745 -28.43754
 -28.39244 -28.39244 -28.39244 -28.39247 -28.39254
 -28.35748 -28.35748 -28.35748 -28.35750 -28.35755
 -28.33129 -28.33129 -28.33129 -28.33130 -28.33134
 -28.31276 -28.31276 -28.31276 -28.31277 -28.31280
 -28.30089 -28.30089 -28.30089 -28.30089 -28.30091
 -28.29478 -28.29478 -28.29478 -28.29478 -28.29479
 -28.29366 -28.29366 -28.29366 -28.29366 -28.29367
 -28.29684 -28.29684 -28.29684 -28.29685 -28.29685
 -28.30371 -28.30371 -28.30371 -28.30371 -28.30371
================================================================================
 -60.00000 -60.00000 -60.00000 -60.00000 -60.00000
 -60.00000 -60.00000 -60.00000 -60.00000 -60.00000
 -60.00000 -60.00000 -60.00000 -60.00000 -60.00000
 -60.00000 -60.00000 -60.00000 -60.00000 -60.00000
 -60.00000 -60.00000 -60.00000 -60.00000 -60.00000
 -60.00000 -60.00000 -60.00000 -60.00000 -60.00000
 -59.99996 -59.99997 -59.99998 -59.99998 -59.99999
 -59.99916 -59.99936 -59.99952 -59.99964 -59.99974
 -59.99011 -59.99243 -59.99429 -59.99574 -59.99686
 -59.93641 -59.95060 -59.96228 -59.97161 -59.97887
 -59.77149 -59.81546 -59.85418 -59.88698 -59.91383
 -59.50429 -59.57981 -59.65156 -59.71721 -59.77511
 -56.43832 -56.43846 -56.43857 -56.43866 -56.43872
 -51.55093 -51.55093 -51.55093 -51.55093 -51.55094
 -47.58516 -47.58516 -47.58516 -47.58518 -47.58522
 -44.38317 -44.38317 -44.38319 -44.38326 -44.38338
 -41.78985 -41.78985 -41.78989 -41.79005 -41.79045
 -39.67644 -39.67644 -39.67654 -39.67689 -39.67745
 -37.93800 -37.93800 -37.93819 -37.93883 -37.93984
 -36.49316 -36.49316 -36.49345 -36.49445 -36.49601
 -35.27755 -35.27755 -35.27794 -35.27929 -35.28140
 -34.24662 -34.24662 -34.24684 -34.24871 -34.25124
 -33.36603 -33.36603 -33.36627 -33.36776 -33.37112
 -32.61619 -32.61619 -32.61644 -32.61796 -32.62140
 -31.97640 -31.97640 -31.97664 -31.97811 -31.98029
 -31.43002 -31.43002 -31.43002 -31.43160 -31.43362
 -30.96169 -30.96169 -30.96169 -30.96311 -30.96490
 -30.55559 -30.55559 -30.55559 -30.55650 -30.55842
 -30.20398 -30.20398 -30.20398 -30.20476 -30.20642
 -29.89948 -29.89948 -29.89948 -29.90014 -29.90152
 -29.63167 -29.63167 -29.63167 -29.63222 -29.63339
 -29.40053 -29.40053 -29.40053 -29.40098 -29.40160
 -29.19500 -29.19500 -29.19500 -29.19526 -29.19590
 -29.01780 -29.01780 -29.01780 -29.01801 -29.01853
 -28.86266 -28.86266 -28.86266 -28.86283 -28.86326
 -28.72878 -28.72878 -28.72878 -28.72892 -28.72928
 -28.61534 -28.61534 -28.61534 -28.61545 -28.61572
 -28.51750 -28.51750 -28.51750 -28.51755 -28.51773
 -28.43524 -28.43524 -28.43524 -28.43529 -28.43543
 -28.36712 -28.36712 -28.36712 -28.36715 -28.36727
 -28.31170 -28.31170 -28.31170 -28.31173 -28.31182
 -28.26763 -28.26763 -28.26763 -28.26764 -28.26772
 -28.23357 -28.23357 -28.23357 -28.23358 -28.23364
 -28.20829 -28.20829 -28.20829 -28.20829 -28.20833
 -28.19064 -28.19064 -28.19064 -28.19064 -28.19067
 -28.17961 -28.17961 -28.17961 -28.17961 -28.17963
 -28.17429 -28.17429 -28.17429 -28.17429 -28.17431
 -28.17391 -28.17391 -28.17391 -28.17391 -28.17392
 -28.17774 -28.17774 -28.17774 -28.17774 -28.17775
 -28.18518 -28.18518 -28.18518 -28.18518 -28.18518
================================================================================
 -60.00000 -60.00000 -60.00000 -60.00000 -60.00000
 -60.00000 -60.00000 -60.00000 -60.00000 -60.00000
 -60.00000 -60.00000 -60.00000 -60.00000 -60.00000
 -59.99998 -59.99999 -59.99999 -59.99999 -59.99999
 -59.99967 -59.99975 -59.99981 -59.99986 -59.99990
 -59.99687 -59.99760 -59.99819 -59.99865 -59.99900
 -59.98218 -59.98628 -59.98961 -59.99222 -59.99424
 -59.93413 -59.94862 -59.96065 -59.97030 -59.97785
 -59.82846 -59.86275 -59.89249 -59.91732 -59.93739
 -59.65513 -59.71419 -59.76850 -59.81646 -59.85725
 -59.42516 -59.50598 -59.58444 -59.65790 -59.72423
 -58.85919 -58.90266 -58.94134 -58.97439 -59.00165
 -53.61782 -53.61782 -53.61782 -53.61782 -53.61782
 -49.18062 -49.18062 -49.18062 -49.18062 -49.18062
 -45.61612 -45.61612 -45.61612 -45.61612 -45.61612
 -42.74637 -42.74637 -42.74637 -42.74637 -42.74637
 -40.42797 -40.42797 -40.42797 -40.42798 -40.42800
 -38.54475 -38.54475 -38.54476 -38.54479 -38.54487
 -37.00134 -37.00134 -37.00134 -37.00146 -37.00161
 -35.72272 -35.72272 -35.72272 -35.72298 -35.72332
 -34.64788 -34.64788 -34.64788 -34.64837 -34.64900
 -33.73424 -33.73424 -33.73424 -33.73479 -33.73600
 -32.94841 -32.94841 -32.94841 -32.94918 -32.95082
 -32.27375 -32.27375 -32.27375 -32.27468 -32.27667
 -31.69197 -31.69197 -31.69197 -31.69300 -31.69520
 -31.18964 -31.18964 -31.18964 -31.19070 -31.19219
 -30.75441 -30.75441 -30.75441 -30.75511 -30.75687
 -30.37199 -30.37199 -30.37199 -30.37264 -30.37427
 -30.03803 -30.03803 -30.03803 -30.03861 -30.04008
 -29.74732 -29.74732 -29.74732 -29.74782 -29.74909
 -29.48899 -29.48899 -29.48899 -29.48943 -29.49053
 -29.26617 -29.26617 -29.26617 -29.26639 -29.26713
 -29.06542 -29.06542 -29.06542 -29.06561 -29.06624
 -28.89263 -28.89263 -28.89263 -28.89279 -28.89330
 -28.74040 -28.74040 -28.74040 -28.74053 -28.74096
 -28.60890 -28.60890 -28.60890 -28.60895 -28.60936
 -28.49800 -28.49800 -28.49800 -28.49804 -28.49836
 -28.40171 -28.40171 -28.40171 -28.40174 -28.40193
 -28.32080 -28.32080 -28.32080 -28.32082 -28.32097
 -28.25387 -28.25387 -28.25387 -28.25387 -28.25401
 -28.19958 -28.19958 -28.19958 -28.19958 -28.19969
 -28.15656 -28.15656 -28.15656 -28.15656 -28.15665
 -28.12351 -28.12351 -28.12351 -28.12351 -28.12356
 -28.09918 -28.09918 -28.09918 -28.09918 -28.09922
 -28.08243 -28.08243 -28.08243 -28.08243 -28.08246
 -28.07224 -28.07224 -28.07224 -28.07224 -28.07226
 -28.06770 -28.06770 -28.06770 -28.06770 -28.06772
 -28.06803 -28.06803 -28.06803 -28.06803 -28.06804
 -28.07252 -28.07252 -28.07252 -28.07252 -28.07252
 -28.08049 -28.08049 -28.08049 -28.08049 -28.08050
================================================================================
 -60.00000 -60.00000 -60.00000 -60.00000 -60.00000
 -60.00000 -60.00000 -60.00000 -60.00000 -60.00000
 -60.00000 -60.00000 -60.00000 -60.00000 -60.00000
 -59.99995 -59.99996 -59.99997 -59.99998 -59.99998
 -59.99906 -59.99928 -59.99946 -59.99959 -59.99970
 -59.99135 -59.99333 -59.99494 -59.99621 -59.99719
 -59.95337 -59.96367 -59.97220 -59.97904 -59.98438
 -59.84448 -59.87558 -59.90257 -59.92510 -59.94329
 -59.65419 -59.71253 -59.76649 -59.81440 -59.85534
 -59.41967 -59.49970 -59.57787 -59.65146 -59.71827
 -59.17782 -59.27113 -59.36557 -59.45828 -59.54654
 -57.89908 -57.90712 -57.91380 -57.91917 -57.92337
 -52.61469 -52.61469 -52.61469 -52.61469 -52.61469
 -48.34165 -48.34165 -48.34165 -48.34165 -48.34165
 -44.90888 -44.90888 -44.90888 -44.90888 -44.90888
 -42.14494 -42.14494 -42.14494 -42.14495 -42.14495
 -39.91185 -39.91185 -39.91185 -39.91185 -39.91186
 -38.09791 -38.09791 -38.09791 -38.09793 -38.09797
 -36.61152 -36.61152 -36.61152 -36.61157 -36.61169
 -35.38068 -35.38068 -35.38068 -35.38082 -35.38101
 -34.34672 -34.34672 -34.34672 -34.34690 -34.34738
 -33.46858 -33.46858 -33.46858 -33.46890 -33.46971
 -32.71360 -32.71360 -32.71360 -32.71407 -32.71525
 -32.06565 -32.06565 -32.06565 -32.06625 -32.06778
 -31.50653 -31.50653 -31.50653 -31.50723 -31.50901
 -31.02305 -31.02305 -31.02305 -31.02351 -31.02507
 -30.60320 -30.60320 -30.60320 -30.60366 -30.60522
 -30.23259 -30.23259 -30.23259 -30.23302 -30.23451
 -29.90794 -29.90794 -29.90794 -29.90834 -29.90971
 -29.62485 -29.62485 -29.62485 -29.62501 -29.62640
 -29.37195 -29.37195 -29.37195 -29.37209 -29.37331
 -29.15401 -29.15401 -29.15401 -29.15413 -29.15486
 -28.95609 -28.95609 -28.95609 -28.95620 -28.95682
 -28.78594 -28.78594 -28.78594 -28.78603 -28.78654
 -28.63543 -28.63543 -28.63543 -28.63543 -28.63593
 -28.50532 -28.50532 -28.50532 -28.50532 -28.50574
 -28.39596 -28.39596 -28.39596 -28.39596 -28.39619
 -28.30057 -28.30057 -28.30057 -28.30057 -28.30076
 -28.22044 -28.22044 -28.22044 -28.22044 -28.22060
 -28.15425 -28.15425 -28.15425 -28.15425 -28.15437
 -28.10064 -28.10064 -28.10064 -28.10064 -28.10074
 -28.05830 -28.05830 -28.05830 -28.05830 -28.05835
 -28.02592 -28.02592 -28.02592 -28.02592 -28.02596
 -28.00224 -28.00224 -28.00224 -28.00224 -28.00227
 -27.98613 -27.98613 -27.98613 -27.98613 -27.98615
 -27.97654 -27.97654 -27.97654 -27.97654 -27.97656
 -27.97259 -27.97259 -27.97259 -27.97259 -27.97260
 -27.97348 -27.97348 -27.97348 -27.97348 -27.97348
 -27.97847 -27.97847 -27.97847 -27.97847 -27.97848
 -27.98690 -27.98690 -27.98690 -27.98690 -27.98690
================================================================================
 -60.00000 -60.00000 -60.00000 -60.00000 -60.00000
 -60.00000 -60.00000 -60.00000 -60.00000 -60.00000
 -60.00000 -60.00000 -60.00000 -60.00000 -60.00000
 -59.99983 -59.99987 -59.99990 -59.99992 -59.99994
 -59.99725 -59.99788 -59.99839 -59.99879 -59.99910
 -59.97664 -59.98184 -59.98613 -59.98956 -59.99223
 -59.88762 -59.91069 -59.93048 -59.94683 -59.95992
 -59.68251 -59.73669 -59.78666 -59.83087 -59.86851
 -59.40364 -59.48370 -59.56247 -59.63718 -59.70549
 -59.12164 -59.21585 -59.31213 -59.40769 -59.49977
 -58.86804 -58.96904 -59.07433 -59.18145 -59.28789
 -56.70301 -56.70405 -56.70491 -56.70560 -56.70613
 -51.59551 -51.59551 -51.59551 -51.59551 -51.59551
 -47.49274 -47.49274 -47.49274 -47.49274 -47.49274
 -44.19654 -44.19654 -44.19654 -44.19654 -44.19654
 -41.54221 -41.54221 -41.54221 -41.54221 -41.54222
 -39.39729 -39.39729 -39.39729 -39.39729 -39.39729
 -37.65465 -37.65465 -37.65465 -37.65465 -37.65467
 -36.22646 -36.22646 -36.22646 -36.22648 -36.22654
 -35.04388 -35.04388 -35.04388 -35.04394 -35.04410
 -34.05066 -34.05066 -34.05066 -34.05074 -34.05103
 -33.20756 -33.20756 -33.20756 -33.20772 -33.20825
 -32.48294 -32.48294 -32.48294 -32.48318 -32.48402
 -31.86138 -31.86138 -31.86138 -31.86172 -31.86287
 -31.32494 -31.32494 -31.32494 -31.32513 -31.32677
 -30.86066 -30.86066 -30.86066 -30.86087 -30.86269
 -30.45676 -30.45676 -30.45676 -30.45698 -30.45833
 -30.09866 -30.09866 -30.09866 -30.09888 -30.10021
 -29.78405 -29.78405 -29.78405 -29.78405 -29.78551
 -29.50927 -29.50927 -29.50927 -29.50927 -29.51057
 -29.26240 -29.26240 -29.26240 -29.26240 -29.26356
 -29.04992 -29.04992 -29.04992 -29.04992 -29.05063
 -28.85525 -28.85525 -28.85525 -28.85525 -28.85586
 -28.68810 -28.68810 -28.68810 -28.68810 -28.68861
 -28.53957 -28.53957 -28.53957 -28.53957 -28.53999
 -28.41104 -28.41104 -28.41104 -28.41104 -28.41140
 -28.30338 -28.30338 -28.30338 -28.30338 -28.30357
 -28.20898 -28.20898 -28.20898 -28.20898 -28.20914
 -28.12968 -28.12968 -28.12968 -28.12968 -28.12980
 -28.06420 -28.06420 -28.06420 -28.06420 -28.06430
 -28.01127 -28.01127 -28.01127 -28.01127 -28.01135
 -27.96956 -27.96956 -27.96956 -27.96956 -27.96959
 -27.93777 -27.93777 -27.93777 -27.93777 -27.93780
 -27.91468 -27.91468 -27.91468 -27.91468 -27.91470
 -27.89911 -27.89911 -27.89911 -27.89911 -27.89913
 -27.89006 -27.89006 -27.89006 -27.89006 -27.89007
 -27.88662 -27.88662 -27.88662 -27.88662 -27.88662
 -27.88799 -27.88799 -27.88799 -27.88799 -27.88799
 -27.89343 -27.89343 -27.89343 -27.89343 -27.89344
 -27.90225 -27.90225 -27.90225 -27.90225 -27.90225
================================================================================
 -60.00000 -60.00000 -60.00000 -60.00000 -60.00000
 -60.00000 -60.00000 -60.00000 -60.00000 -60.00000
 -59.99999 -59.99999 -59.99999 -60.00000 -60.00000
 -59.99964 -59.99972 -59.99979 -59.99984 -59.99988
 -59.99445 -59.99569 -59.99671 -59.99753 -59.99816
 -59.95531 -59.96494 -59.97301 -59.97956 -59.98471
 -59.80588 -59.84236 -59.87487 -59.90268 -59.92560
 -59.52295 -59.59278 -59.66023 -59.72280 -59.77864
 -59.20297 -59.29269 -59.38396 -59.47390 -59.55972
 -58.91937 -59.01789 -59.12066 -59.22513 -59.32870
 -58.68752 -58.78918 -58.89631 -59.00667 -59.11790
 -54.97565 -54.97568 -54.97570 -54.97572 -54.97573
 -50.17429 -50.17429 -50.17429 -50.17429 -50.17429
 -46.32086 -46.32086 -46.32086 -46.32086 -46.32086
 -43.22460 -43.22460 -43.22460 -43.22460 -43.22460
 -40.73071 -40.73071 -40.73071 -40.73071 -40.73071
 -38.71472 -38.71472 -38.71472 -38.71472 -38.71472
 -37.07615 -37.07615 -37.07615 -37.07615 -37.07616
 -35.73266 -35.73266 -35.73266 -35.73267 -35.73269
 -34.61990 -34.61990 -34.61990 -34.61991 -34.61999
 -33.68515 -33.68515 -33.68515 -33.68517 -33.68538
 -32.89175 -32.89175 -32.89175 -32.89180 -32.89210
 -32.20968 -32.20968 -32.20968 -32.20976 -32.21029
 -31.62465 -31.62465 -31.62465 -31.62477 -31.62556
 -31.11926 -31.11926 -31.11926 -31.11926 -31.12046
 -30.68101 -30.68101 -30.68101 -30.68101 -30.68244
 -30.29862 -30.29862 -30.29862 -30.29862 -30.29974
 -29.95742 -29.95742 -29.95742 -29.95742 -29.95857
 -29.65629 -29.65629 -29.65629 -29.65629 -29.65740
 -29.39257 -29.39257 -29.39257 -29.39257 -29.39359
 -29.15381 -29.15381 -29.15381 -29.15381 -29.15473
 -28.94855 -28.94855 -28.94855 -28.94855 -28.94909
 -28.75829 -28.75829 -28.75829 -28.75829 -28.75876
 -28.59517 -28.59517 -28.59517 -28.59517 -28.59557
 -28.44932 -28.44932 -28.44932 -28.44932 -28.44966
 -28.32294 -28.32294 -28.32294 -28.32294 -28.32322
 -28.21751 -28.21751 -28.21751 -28.21751 -28.21764
 -28.12439 -28.12439 -28.12439 -28.12439 -28.12450
 -28.04613 -28.04613 -28.04613 -28.04613 -28.04622
 -27.98154 -27.98154 -27.98154 -27.98154 -27.98161
 -27.92937 -27.92937 -27.92937 -27.92937 -27.92940
 -27.88835 -27.88835 -27.88835 -27.88835 -27.88837
 -27.85720 -27.85720 -27.85720 -27.85720 -27.85722
 -27.83469 -27.83469 -27.83469 -27.83469 -27.83470
 -27.81967 -27.81967 -27.81967 -27.81967 -27.81967
 -27.81112 -27.81112 -27.81112 -27.81112 -27.81112
 -27.80815 -27.80815 -27.80815 -27.80815 -27.80815
 -27.80997 -27.80997 -27.80997 -27.80997 -27.80997
 -27.81583 -27.81583 -27.81583 -27.81583 -27.81583
 -27.82500 -27.82500 -27.82500 -27.82500 -27.82500
================================================================================
 -60.00000 -60.00000 -60.00000 -60.00000 -60.00000
 -60.00000 -60.00000 -60.00000 -60.00000 -60.00000
 -59.99998 -59.99999 -59.99999 -59.99999 -59.99999
 -59.99946 -59.99958 -59.99968 -59.99976 -59.99982
 -59.99173 -59.99355 -59.99506 -59.99628 -59.99722
 -59.93456 -59.94820 -59.95983 -59.96938 -59.97698
 -59.73328 -59.77958 -59.82212 -59.85954 -59.89121
 -59.39718 -59.47539 -59.55316 -59.62762 -59.69632
 -59.05300 -59.14674 -59.24391 -59.34181 -59.43763
 -58.76732 -58.86714 -58.97251 -59.08114 -59.19062
 -58.49200 -58.58002 -58.67028 -58.75990 -58.84604
 -53.69186 -53.69186 -53.69186 -53.69186 -53.69186
 -49.11789 -49.11789 -49.11789 -49.11789 -49.11789
 -45.44688 -45.44688 -45.44688 -45.44688 -45.44688
 -42.49692 -42.49692 -42.49692 -42.49692 -42.49692
 -40.12035 -40.12035 -40.12035 -40.12035 -40.12035
 -38.19852 -38.19852 -38.19852 -38.19852 -38.19852
 -36.63567 -36.63567 -36.63567 -36.63567 -36.63568
 -35.35335 -35.35335 -35.35335 -35.35335 -35.35336
 -34.29041 -34.29041 -34.29041 -34.29041 -34.29045
 -33.39678 -33.39678 -33.39678 -33.39678 -33.39690
 -32.63791 -32.63791 -32.63791 -32.63791 -32.63818
 -31.98529 -31.98529 -31.98529 -31.98529 -31.98565
 -31.42576 -31.42576 -31.42576 -31.42576 -31.42634
 -30.94253 -30.94253 -30.94253 -30.94253 -30.94333
 -30.52349 -30.52349 -30.52349 -30.52349 -30.52448
 -30.15757 -30.15757 -30.15757 -30.15757 -30.15868
 -29.82986 -29.82986 -29.82986 -29.82986 -29.83066
 -29.53988 -29.53988 -29.53988 -29.53988 -29.54067
 -29.28561 -29.28561 -29.28561 -29.28561 -29.28636
 -29.05398 -29.05398 -29.05398 -29.05398 -29.05467
 -28.85523 -28.85523 -28.85523 -28.85523 -28.85583
 -28.66906 -28.66906 -28.66906 -28.66906 -28.66938
 -28.50970 -28.50970 -28.50970 -28.50970 -28.50998
 -28.36640 -28.36640 -28.36640 -28.36640 -28.36664
 -28.24207 -28.24207 -28.24207 -28.24207 -28.24226
 -28.13875 -28.13875 -28.13875 -28.13875 -28.13882
 -28.04687 -28.04687 -28.04687 -28.04687 -28.04692
 -27.96958 -27.96958 -27.96958 -27.96958 -27.96963
 -27.90581 -27.90581 -27.90581 -27.90581 -27.90584
 -27.85435 -27.85435 -27.85435 -27.85435 -27.85435
 -27.81395 -27.81395 -27.81395 -27.81395 -27.81395
 -27.78336 -27.78336 -27.78336 -27.78336 -27.78336
 -27.76136 -27.76136 -27.76136 -27.76136 -27.76136
 -27.74680 -27.74680 -27.74680 -27.74680 -27.74680
 -27.73868 -27.73868 -27.73868 -27.73868 -27.73868
 -27.73612 -27.73612 -27.73612 -27.73612 -27.73612
 -27.73832 -27.73832 -27.73832 -27.73832 -27.73832
 -27.74454 -27.74454 -27.74454 -27.74454 -27.74454
 -27.75401 -27.75401 -27.75401 -27.75401 -27.75401
================================================================================
 -60.00000 -60.00000 -60.00000 -60.00000 -60.00000
 -60.00000 -60.00000 -60.00000 -60.00000 -60.00000
 -60.00000 -60.00000 -60.00000 -60.00000 -60.00000
 -59.99997 -59.99998 -59.99998 -59.99999 -59.99999
 -59.99920 -59.99937 -59.99952 -59.99964 -59.99973
 -59.98833 -59.99085 -59.99296 -59.99467 -59.99601
 -59.91317 -59.93061 -59.94575 -59.95836 -59.96852
 -59.67471 -59.72735 -59.77690 -59.82155 -59.86018
 -59.31641 -59.39788 -59.48037 -59.56094 -59.63688
 -58.97258 -59.06667 -59.16531 -59.26590 -59.36571
 -57.73876 -57.74856 -57.75699 -57.76395 -57.76953
 -52.37858 -52.37858 -52.37858 -52.37858 -52.37858
 -48.03969 -48.03969 -48.03969 -48.03969 -48.03969
 -44.55719 -44.55719 -44.55719 -44.55719 -44.55719
 -41.75839 -41.75839 -41.75839 -41.75839 -41.75839
 -39.50305 -39.50305 -39.50305 -39.50305 -39.50305
 -37.67849 -37.67849 -37.67849 -37.67849 -37.67849
 -36.19378 -36.19378 -36.19378 -36.19378 -36.19378
 -34.97444 -34.97444 -34.97444 -34.97444 -34.97444
 -33.96260 -33.96260 -33.96260 -33.96260 -33.96262
 -33.11086 -33.11086 -33.11086 -33.11086 -33.11092
 -32.38685 -32.38685 -32.38685 -32.38685 -32.38700
 -31.76370 -31.76370 -31.76370 -31.76370 -31.76399
 -31.22948 -31.22948 -31.22948 -31.22948 -31.22982
 -30.76818 -30.76818 -30.76818 -30.76818 -30.76867
 -30.36818 -30.36818 -30.36818 -30.36818 -30.36881
 -30.01871 -30.01871 -30.01871 -30.01871 -30.01946
 -29.70467 -29.70467 -29.70467 -29.70467 -29.70548
 -29.42613 -29.42613 -29.42613 -29.42613 -29.42663
 -29.18165 -29.18165 -29.18165 -29.18165 -29.18214
 -28.95756 -28.95756 -28.95756 -28.95756 -28.95801
 -28.76570 -28.76570 -28.76570 -28.76570 -28.76610
 -28.58396 -28.58396 -28.58396 -28.58396 -28.58412
 -28.42870 -28.42870 -28.42870 -28.42870 -28.42884
 -28.28821 -28.28821 -28.28821 -28.28821 -28.28833
 -28.16614 -28.16614 -28.16614 -28.16614 -28.16624
 -28.06515 -28.06515 -28.06515 -28.06515 -28.06515
 -27.97463 -27.97463 -27.97463 -27.97463 -27.97463
 -27.89842 -27.89842 -27.89842 -27.89842 -27.89842
 -27.83553 -27.83553 -27.83553 -27.83553 -27.83553
 -27.78482 -27.78482 -27.78482 -27.78482 -27.78482
 -27.74507 -27.74507 -27.74507 -27.74507 -27.74507
 -27.71505 -27.71505 -27.71505 -27.71505 -27.71505
 -27.69355 -27.69355 -27.69355 -27.69355 -27.69355
 -27.67943 -27.67943 -27.67943 -27.67943 -27.67943
 -27.67172 -27.67172 -27.67172 -27.67172 -27.67172
 -27.66952 -27.66952 -27.66952 -27.66952 -27.66952
 -27.67207 -27.67207 -27.67207 -27.67207 -27.67207
 -27.67861 -27.67861 -27.67861 -27.67861 -27.67861
 -27.68836 -27.68836 -27.68836 -27.68836 -27.68836
================================================================================
 -59.96729 -59.97425 -59.98012 -59.98490 -59.98869
 -58.60552 -58.70760 -58.81597 -58.92855 -59.04316
 -56.65949 -56.76595 -56.88056 -57.00184 -57.12841
 -55.11260 -55.21869 -55.33301 -55.45410 -55.58059
 -53.89961 -54.00526 -54.11923 -54.24003 -54.36630
 -52.95451 -53.05973 -53.17333 -53.29384 -53.41987
 -52.22423 -52.32901 -52.44224 -52.56245 -52.68825
 -51.66621 -51.77055 -51.88341 -52.00332 -52.12887
 -51.24632 -51.35022 -51.46271 -51.58231 -51.70763
 -50.93721 -51.04066 -51.15277 -51.27206 -51.39714
 -50.71687 -50.81985 -50.93155 -51.05050 -51.17528
 -49.68015 -49.69214 -49.70259 -49.71133 -49.71840
 -45.89441 -45.89441 -45.89442 -45.89442 -45.89442
 -42.80719 -42.80719 -42.80719 -42.80719 -42.80719
 -40.32535 -40.32535 -40.32535 -40.32535 -40.32535
 -38.32420 -38.32420 -38.32420 -38.32420 -38.32420
 -36.70358 -36.70358 -36.70358 -36.70358 -36.70358
 -35.38276 -35.38276 -35.38276 -35.38276 -35.38276
 -34.29562 -34.29562 -34.29562 -34.29562 -34.29562
 -33.39115 -33.39115 -33.39115 -33.39115 -33.39115
 -32.62751 -32.62751 -32.62751 -32.62751 -32.62753
 -31.97664 -31.97664 -31.97664 -31.97664 -31.97670
 -31.41487 -31.41487 -31.41487 -31.41487 -31.41499
 -30.93257 -30.93257 -30.93257 -30.93257 -30.93279
 -30.51523 -30.51523 -30.51523 -30.51523 -30.51545
 -30.15232 -30.15232 -30.15232 -30.15232 -30.15263
 -29.83390 -29.83390 -29.83390 -29.83390 -29.83429
 -29.54502 -29.54502 -29.54502 -29.54502 -29.54547
 -29.28689 -29.28689 -29.28689 -29.28689 -29.28711
 -29.05931 -29.05931 -29.05931 -29.05931 -29.05953
 -28.84803 -28.84803 -28.84803 -28.84803 -28.84825
 -28.66747 -28.66747 -28.66747 -28.66747 -28.66766
 -28.49309 -28.49309 -28.49309 -28.49309 -28.49309
 -28.34442 -28.34442 -28.34442 -28.34442 -28.34442
 -28.20850 -28.20850 -28.20850 -28.20850 -28.20850
 -28.09007 -28.09007 -28.09007 -28.09007 -28.09007
 -27.99272 -27.99272 -27.99272 -27.99272 -27.99272
 -27.90437 -27.90437 -27.90437 -27.90437 -27.90437
 -27.82987 -27.82987 -27.82987 -27.82987 -27.82987
 -27.76836 -27.76836 -27.76836 -27.76836 -27.76836
 -27.71878 -27.71878 -27.71878 -27.71878 -27.71878
 -27.67997 -27.67997 -27.67997 -27.67997 -27.67997
 -27.65075 -27.65075 -27.65075 -27.65075 -27.65075
 -27.62992 -27.62992 -27.62992 -27.62992 -27.62992
 -27.61638 -27.61638 -27.61638 -27.61638 -27.61638
 -27.60915 -27.60915 -27.60915 -27.60915 -27.60915
 -27.60739 -27.60739 -27.60739 -27.60739 -27.60739
 -27.61034 -27.61034 -27.61034 -27.61034 -27.61034
 -27.61723 -27.61723 -27.61723 -27.61723 -27.61723
 -27.62725 -27.62725 -27.62725 -27.62725 -27.62725
================================================================================
 -60.00000 -60.00000 -60.00000 -60.00000 -60.00000
 -60.00000 -60.00000 -60.00000 -60.00000 -60.00000
 -60.00000 -60.00000 -60.00000 -60.00000 -60.00000
 -60.00000 -60.00000 -60.00000 -60.00000 -60.00000
 -60.00000 -60.00000 -60.00000 -60.00000 -60.00000
 -60.00000 -60.00000 -60.00000 -60.00000 -60.00000
 -60.00000 -60.00000 -60.00000 -60.00000 -60.00000
 -60.00000 -60.00000 -60.00000 -60.00000 -60.00000
 -60.00000 -60.00000 -60.00000 -60.00000 -60.00000
 -58.43313 -58.43313 -58.43313 -58.43313 -58.43313
 -52.85112 -52.85112 -52.85112 -52.85112 -52.85112
 -48.36728 -48.36728 -48.36728 -48.36728 -48.36728
 -44.77155 -44.77155 -44.77155 -44.77155 -44.77155
 -41.88463 -41.88463 -41.88463 -41.88463 -41.88463
 -39.56085 -39.56086 -39.56086 -39.56086 -39.56086
 -37.67487 -37.67487 -37.67487 -37.67489 -37.67491
 -36.11469 -36.11470 -36.11472 -36.11476 -36.11484
 -34.79301 -34.79303 -34.79308 -34.79316 -34.79333
 -33.66821 -33.66824 -33.66831 -33.66843 -33.66868
 -32.73004 -32.73008 -32.73016 -32.73031 -32.73061
 -31.96455 -31.96460 -31.96468 -31.96484 -31.96515
 -31.34907 -31.34911 -31.34919 -31.34935 -31.34966
 -30.85414 -30.85418 -30.85425 -30.85439 -30.85469
 -30.45405 -30.45409 -30.45415 -30.45427 -30.45456
 -30.12268 -30.12271 -30.12276 -30.12285 -30.12315
 -29.83929 -29.83931 -29.83934 -29.83942 -29.83965
 -29.58801 -29.58802 -29.58805 -29.58810 -29.58833
 -29.35255 -29.35256 -29.35258 -29.35261 -29.35284
 -29.13333 -29.13334 -29.13335 -29.13337 -29.13361
 -28.93315 -28.93315 -28.93316 -28.93317 -28.93320
 -28.74087 -28.74087 -28.74088 -28.74088 -28.74090
 -28.57402 -28.57402 -28.57402 -28.57403 -28.57404
 -28.40855 -28.40856 -28.40856 -28.40856 -28.40856
 -28.26671 -28.26671 -28.26671 -28.26671 -28.26671
 -28.13538 -28.13538 -28.13538 -28.13538 -28.13538
 -28.02039 -28.02039 -28.02039 -28.02039 -28.02039
 -27.92623 -27.92623 -27.92623 -27.92623 -27.92623
 -27.83980 -27.83980 -27.83980 -27.83980 -27.83981
 -27.76678 -27.76678 -27.76678 -27.76678 -27.76678
 -27.70642 -27.70642 -27.70642 -27.70642 -27.70642
 -27.65778 -27.65778 -27.65778 -27.65778 -27.65778
 -27.61974 -27.61974 -27.61974 -27.61974 -27.61974
 -27.59116 -27.59116 -27.59116 -27.59116 -27.59116
 -27.57088 -27.57088 -27.57088 -27.57088 -27.57088
 -27.55779 -27.55779 -27.55779 -27.55779 -27.55779
 -27.55096 -27.55096 -27.55096 -27.55096 -27.55096
 -27.54954 -27.54954 -27.54954 -27.54954 -27.54954
 -27.55280 -27.55280 -27.55280 -27.55280 -27.55280
 -27.55997 -27.55997 -27.55997 -27.55997 -27.55997
 -27.57022 -27.57022 -27.57022 -27.57022 -27.57022
================================================================================
 -28.41154 -28.41154 -28.41154 -28.41154 -28.41154
 -28.45875 -28.45875 -28.45875 -28.45875 -28.45875
 -28.50578 -28.50578 -28.50578 -28.50578 -28.50578
 -28.55258 -28.55258 -28.55258 -28.55258 -28.55258
 -28.59911 -28.59911 -28.59911 -28.59911 -28.59911
 -28.64529 -28.64529 -28.64529 -28.64529 -28.64529
 -28.69105 -28.69105 -28.69105 -28.69105 -28.69105
 -28.73628 -28.73628 -28.73628 -28.73628 -28.73628
 -28.78084 -28.78084 -28.78084 -28.78084 -28.78084
 -28.82449 -28.82451 -28.82452 -28.82454 -28.82455
 -28.86609 -28.86634 -28.86654 -28.86672 -28.86685
 -28.89931 -28.90121 -28.90285 -28.90421 -28.90531
 -28.90311 -28.91197 -28.91975 -28.92632 -28.93166
 -28.84514 -28.87028 -28.89324 -28.91328 -28.93007
 -28.72224 -28.76825 -28.81247 -28.85302 -28.88863
 -28.57504 -28.63764 -28.70041 -28.76067 -28.81615
 -28.44416 -28.51681 -28.59169 -28.66591 -28.73668
 -28.34755 -28.42555 -28.50724 -28.58977 -28.67024
 -28.28619 -28.36633 -28.45091 -28.53719 -28.62223
 -28.24434 -28.32205 -28.40376 -28.48667 -28.56785
 -28.17462 -28.23921 -28.30505 -28.36942 -28.42983
 -28.01709 -28.05779 -28.09705 -28.13320 -28.16514
 -27.78833 -27.80913 -27.82837 -27.84539 -27.85996
 -27.56124 -27.57162 -27.58104 -27.58927 -27.59631
 -27.37851 -27.38410 -27.38917 -27.39360 -27.39747
 -27.24925 -27.25259 -27.25562 -27.25831 -27.26073
 -27.16934 -27.17153 -27.17354 -27.17535 -27.17704
 -27.13126 -27.13282 -27.13426 -27.13559 -27.13688
 -27.12700 -27.12818 -27.12929 -27.13033 -27.13137
 -27.14983 -27.15078 -27.15167 -27.15253 -27.15341
 -27.19239 -27.19318 -27.19393 -27.19466 -27.19543
 -27.24931 -27.24998 -27.25062 -27.25126 -27.25194
 -27.31319 -27.31376 -27.31432 -27.31487 -27.31547
 -27.37791 -27.37840 -27.37888 -27.37936 -27.37989
 -27.43930 -27.43971 -27.44012 -27.44053 -27.44098
 -27.48709 -27.48743 -27.48776 -27.48809 -27.48847
 -27.51911 -27.51937 -27.51963 -27.51989 -27.52019
 -27.53502 -27.53522 -27.53542 -27.53562 -27.53584
 -27.53743 -27.53758 -27.53772 -27.53787 -27.53803
 -27.53067 -27.53077 -27.53087 -27.53098 -27.53110
 -27.51923 -27.51930 -27.51938 -27.51945 -27.51953
 -27.50676 -27.50681 -27.50686 -27.50691 -27.50697
 -27.49572 -27.49576 -27.49579 -27.49583 -27.49587
 -27.48754 -27.48757 -27.48759 -27.48762 -27.48765
 -27.48290 -27.48292 -27.48294 -27.48296 -27.48298
 -27.48204 -27.48205 -27.48206 -27.48208 -27.48209
 -27.48491 -27.48492 -27.48493 -27.48494 -27.48495
 -27.49129 -27.49130 -27.49131 -27.49131 -27.49132
 -27.50075 -27.50075 -27.50076 -27.50076 -27.50077
 -27.51264 -27.51265 -27.51265 -27.51266 -27.51266
================================================================================
 -27.79106 -27.79106 -27.79106 -27.79106 -27.79106
 -27.83846 -27.83846 -27.83846 -27.83846 -27.83846
 -27.88572 -27.88572 -27.88572 -27.88572 -27.88572
 -27.93281 -27.93281 -27.93281 -27.93281 -27.93281
 -27.97970 -27.97970 -27.97970 -27.97970 -27.97970
 -28.02633 -28.02633 -28.02633 -28.02633 -28.02633
 -28.07264 -28.07264 -28.07264 -28.07264 -28.07264
 -28.11854 -28.11854 -28.11854 -28.11854 -28.11854
 -28.16390 -28.16391 -28.16392 -28.16393 -28.16393
 -28.20803 -28.20817 -28.20829 -28.20840 -28.20848
 -28.24652 -28.24777 -28.24886 -28.24977 -28.25049
 -28.26255 -28.26906 -28.27478 -28.27959 -28.28351
 -28.22429 -28.24482 -28.26346 -28.27963 -28.29311
 -28.11790 -28.15892 -28.19806 -28.23368 -28.26472
 -27.97613 -28.03506 -28.09390 -28.15009 -28.20149
 -27.84278 -27.91314 -27.98558 -28.05725 -28.12539
 -27.74096 -27.81763 -27.89805 -27.97940 -28.05873
 -27.67621 -27.75610 -27.84079 -27.92758 -28.01355
 -27.64609 -27.72736 -27.81404 -27.90350 -27.99286
 -27.64512 -27.72648 -27.81350 -27.90358 -27.99387
 -27.66532 -27.74531 -27.83075 -27.91903 -28.00726
 -27.69287 -27.76851 -27.84859 -27.93038 -28.01094
 -27.70617 -27.77214 -27.84044 -27.90832 -27.97306
 -27.68671 -27.73800 -27.78935 -27.83843 -27.88333
 -27.63670 -27.67286 -27.70787 -27.74016 -27.76871
 -27.57768 -27.60222 -27.62540 -27.64629 -27.66439
 -27.52970 -27.54656 -27.56225 -27.57622 -27.58821
 -27.50157 -27.51357 -27.52465 -27.53445 -27.54284
 -27.49601 -27.50492 -27.51312 -27.52036 -27.52656
 -27.50969 -27.51655 -27.52286 -27.52843 -27.53322
 -27.53707 -27.54249 -27.54747 -27.55187 -27.55567
 -27.56978 -27.57409 -27.57805 -27.58156 -27.58460
 -27.60118 -27.60457 -27.60770 -27.61048 -27.61289
 -27.62825 -27.63090 -27.63334 -27.63550 -27.63739
 -27.64211 -27.64409 -27.64593 -27.64757 -27.64899
 -27.63779 -27.63922 -27.64054 -27.64172 -27.64275
 -27.62015 -27.62115 -27.62207 -27.62290 -27.62362
 -27.59340 -27.59408 -27.59471 -27.59528 -27.59577
 -27.56238 -27.56284 -27.56327 -27.56365 -27.56398
 -27.53122 -27.53153 -27.53182 -27.53207 -27.53230
 -27.50284 -27.50305 -27.50325 -27.50342 -27.50357
 -27.47898 -27.47913 -27.47926 -27.47938 -27.47949
 -27.46043 -27.46053 -27.46062 -27.46070 -27.46077
 -27.44733 -27.44740 -27.44746 -27.44752 -27.44757
 -27.43948 -27.43953 -27.43958 -27.43962 -27.43966
 -27.43654 -27.43657 -27.43661 -27.43664 -27.43666
 -27.43810 -27.43812 -27.43814 -27.43817 -27.43818
 -27.44368 -27.44369 -27.44371 -27.44373 -27.44374
 -27.45262 -27.45264 -27.45265 -27.45266 -27.45267
 -27.46414 -27.46415 -27.46416 -27.46416 -27.46417
================================================================================
 -27.34867 -27.34867 -27.34867 -27.34867 -27.34867
 -27.39621 -27.39621 -27.39621 -27.39621 -27.39621
 -27.44364 -27.44364 -27.44364 -27.44364 -27.44364
 -27.49095 -27.49095 -27.49095 -27.49095 -27.49095
 -27.53810 -27.53810 -27.53810 -27.53810 -27.53810
 -27.58506 -27.58506 -27.58506 -27.58506 -27.58506
 -27.63177 -27.63177 -27.63177 -27.63177 -27.63177
 -27.67817 -27.67817 -27.67817 -27.67817 -27.67817
 -27.72404 -27.72407 -27.72410 -27.72412 -27.72414
 -27.76788 -27.76825 -27.76858 -27.76885 -27.76907
 -27.80181 -27.80436 -27.80659 -27.80846 -27.80998
 -27.80323 -27.81377 -27.82317 -27.83119 -27.83778
 -27.74394 -27.77107 -27.79624 -27.81851 -27.83742
 -27.62833 -27.67507 -27.72057 -27.76283 -27.80038
 -27.49622 -27.55805 -27.62065 -27.68133 -27.73770
 -27.38257 -27.45361 -27.52738 -27.60104 -27.67176
 -27.30219 -27.37826 -27.45849 -27.54009 -27.62013
 -27.25695 -27.33557 -27.41923 -27.50525 -27.59072
 -27.24346 -27.32310 -27.40827 -27.49639 -27.58456
 -27.25665 -27.33628 -27.42165 -27.51020 -27.59907
 -27.29013 -27.36869 -27.45291 -27.54019 -27.62766
 -27.33375 -27.40928 -27.48981 -27.57266 -27.65491
 -27.37046 -27.43898 -27.51089 -27.58344 -27.65379
 -27.38056 -27.43694 -27.49449 -27.55065 -27.60312
 -27.35787 -27.39974 -27.44110 -27.48005 -27.51511
 -27.31657 -27.34585 -27.37401 -27.39980 -27.42242
 -27.27604 -27.29632 -27.31547 -27.33271 -27.34763
 -27.25176 -27.26621 -27.27972 -27.29177 -27.30213
 -27.24675 -27.25743 -27.26736 -27.27619 -27.28376
 -27.26175 -27.26996 -27.27758 -27.28433 -27.29014
 -27.29070 -27.29718 -27.30319 -27.30852 -27.31311
 -27.32946 -27.33467 -27.33950 -27.34379 -27.34749
 -27.37599 -27.38024 -27.38418 -27.38768 -27.39071
 -27.41810 -27.42152 -27.42468 -27.42751 -27.42995
 -27.44999 -27.45266 -27.45514 -27.45736 -27.45928
 -27.46966 -27.47169 -27.47357 -27.47526 -27.47673
 -27.47609 -27.47758 -27.47897 -27.48022 -27.48130
 -27.47107 -27.47214 -27.47314 -27.47403 -27.47481
 -27.45815 -27.45890 -27.45960 -27.46022 -27.46077
 -27.44122 -27.44174 -27.44223 -27.44267 -27.44305
 -27.42370 -27.42406 -27.42440 -27.42470 -27.42497
 -27.40795 -27.40820 -27.40844 -27.40865 -27.40884
 -27.39543 -27.39560 -27.39577 -27.39592 -27.39605
 -27.38681 -27.38694 -27.38705 -27.38716 -27.38725
 -27.38231 -27.38240 -27.38249 -27.38256 -27.38263
 -27.38189 -27.38196 -27.38202 -27.38207 -27.38212
 -27.38538 -27.38543 -27.38547 -27.38551 -27.38555
 -27.39248 -27.39251 -27.39254 -27.39257 -27.39260
 -27.40259 -27.40262 -27.40264 -27.40266 -27.40268
 -27.41492 -27.41494 -27.41495 -27.41497 -27.41498
================================================================================
 -26.55633 -26.55633 -26.55633 -26.55633 -26.60147
 -26.60545 -26.60545 -26.60545 -26.60545 -26.65019
 -26.65481 -26.65481 -26.65481 -26.65481 -26.69908
 -26.70445 -26.70445 -26.70445 -26.70445 -26.73561
 -26.75441 -26.75441 -26.75441 -26.75441 -26.78509
 -26.80473 -26.80473 -26.80473 -26.80473 -26.83486
 -26.85545 -26.85545 -26.85545 -26.85545 -26.88496
 -26.90660 -26.90660 -26.90660 -26.90660 -26.93541
 -26.95816 -26.95817 -26.95817 -26.95818 -26.97594
 -27.00974 -27.00984 -27.00993 -27.01001 -27.02728
 -27.05887 -27.05964 -27.06031 -27.06087 -27.07791
 -27.09681 -27.10046 -27.10368 -27.10641 -27.12440
 -27.10682 -27.11830 -27.12866 -27.13757 -27.15948
 -27.07614 -27.10105 -27.12425 -27.14483 -27.16838
 -27.01359 -27.05360 -27.09225 -27.12786 -27.16424
 -26.94379 -26.99619 -27.04849 -27.09832 -27.14776
 -26.88760 -26.94846 -27.01061 -27.07140 -27.13154
 -26.85500 -26.92106 -26.98958 -27.05779 -27.12294
 -26.84801 -26.91701 -26.98930 -27.06210 -27.13255
 -26.86466 -26.93508 -27.00931 -27.08458 -27.15800
 -26.90098 -26.97162 -27.04632 -27.12232 -27.19673
 -26.95049 -27.01995 -27.09336 -27.16797 -27.24090
 -27.00243 -27.06829 -27.13742 -27.20710 -27.27451
 -27.04313 -27.10187 -27.16257 -27.22262 -27.27951
 -27.06136 -27.10968 -27.15847 -27.20547 -27.24875
 -27.06063 -27.09788 -27.13461 -27.16909 -27.20002
 -27.05235 -27.08018 -27.10708 -27.13184 -27.15364
 -27.04931 -27.07013 -27.08999 -27.10803 -27.12373
 -27.05822 -27.07411 -27.08913 -27.10267 -27.11438
 -27.08153 -27.09397 -27.10568 -27.11618 -27.12524
 -27.12023 -27.13028 -27.13970 -27.14813 -27.15540
 -27.16764 -27.17587 -27.18358 -27.19048 -27.19642
 -27.21714 -27.22388 -27.23020 -27.23585 -27.24072
 -27.26561 -27.27111 -27.27626 -27.28087 -27.28484
 -27.30776 -27.31217 -27.31630 -27.31999 -27.32317
 -27.33964 -27.34309 -27.34631 -27.34920 -27.35169
 -27.35939 -27.36199 -27.36444 -27.36663 -27.36852
 -27.36758 -27.36950 -27.37130 -27.37292 -27.37432
 -27.36666 -27.36805 -27.36935 -27.37052 -27.37153
 -27.35999 -27.36097 -27.36190 -27.36273 -27.36346
 -27.35079 -27.35149 -27.35214 -27.35273 -27.35324
 -27.34161 -27.34210 -27.34256 -27.34298 -27.34335
 -27.33420 -27.33455 -27.33488 -27.33517 -27.33543
 -27.32951 -27.32976 -27.33000 -27.33021 -27.33039
 -27.32803 -27.32821 -27.32837 -27.32853 -27.32866
 -27.32993 -27.33006 -27.33018 -27.33030 -27.33039
 -27.33525 -27.33535 -27.33544 -27.33552 -27.33559
 -27.34380 -27.34387 -27.34394 -27.34400 -27.34405
 -27.35503 -27.35508 -27.35513 -27.35517 -27.35521
 -27.36815 -27.36818 -27.36822 -27.36825 -27.36828
================================================================================
 -26.31669 -26.31669 -26.31669 -26.31669 -26.35722
 -26.36562 -26.36562 -26.36562 -26.36562 -26.39434
 -26.41475 -26.41475 -26.41475 -26.41475 -26.44317
 -26.46412 -26.46412 -26.46412 -26.46412 -26.49219
 -26.51377 -26.51377 -26.51377 -26.51377 -26.54142
 -26.56374 -26.56374 -26.56374 -26.56374 -26.58100
 -26.61405 -26.61405 -26.61405 -26.61405 -26.63095
 -26.66473 -26.66473 -26.66474 -26.66474 -26.68124
 -26.71569 -26.71572 -26.71575 -26.71577 -26.73185
 -26.76595 -26.76622 -26.76646 -26.76666 -26.78240
 -26.81085 -26.81248 -26.81392 -26.81514 -26.82325
 -26.83821 -26.84450 -26.85012 -26.85492 -26.86558
 -26.83181 -26.84821 -26.86325 -26.87639 -26.89351
 -26.78799 -26.81856 -26.84756 -26.87377 -26.90168
 -26.72413 -26.76841 -26.81191 -26.85264 -26.88909
 -26.66375 -26.71840 -26.77360 -26.82684 -26.87598
 -26.62207 -26.68356 -26.74687 -26.80929 -26.86827
 -26.60478 -26.67041 -26.73887 -26.80739 -26.87320
 -26.61189 -26.67983 -26.75129 -26.82350 -26.89363
 -26.64069 -26.70966 -26.78257 -26.85670 -26.92915
 -26.68764 -26.75670 -26.82990 -26.90454 -26.97773
 -26.74774 -26.81588 -26.88813 -26.96177 -27.03394
 -26.81441 -26.88021 -26.94973 -27.02027 -27.08899
 -26.87797 -26.93914 -27.00318 -27.06742 -27.12918
 -26.92795 -26.98167 -27.03700 -27.09146 -27.14271
 -26.96187 -27.00642 -27.05141 -27.09470 -27.13449
 -26.98348 -27.01889 -27.05395 -27.08699 -27.11672
 -27.00403 -27.03182 -27.05891 -27.08404 -27.10632
 -27.02995 -27.05186 -27.07299 -27.09238 -27.10940
 -27.06101 -27.07840 -27.09503 -27.11017 -27.12338
 -27.09975 -27.11371 -27.12701 -27.13905 -27.14952
 -27.14428 -27.15561 -27.16636 -27.17606 -27.18447
 -27.19050 -27.19969 -27.20839 -27.21623 -27.22301
 -27.23388 -27.24126 -27.24824 -27.25453 -27.25996
 -27.27022 -27.27605 -27.28155 -27.28650 -27.29078
 -27.29655 -27.30103 -27.30527 -27.30907 -27.31236
 -27.31187 -27.31523 -27.31840 -27.32125 -27.32372
 -27.31714 -27.31960 -27.32192 -27.32401 -27.32581
 -27.31482 -27.31659 -27.31825 -27.31975 -27.32105
 -27.30793 -27.30918 -27.31037 -27.31143 -27.31236
 -27.29930 -27.30019 -27.30103 -27.30178 -27.30244
 -27.29112 -27.29175 -27.29234 -27.29288 -27.29335
 -27.28487 -27.28531 -27.28573 -27.28611 -27.28645
 -27.28133 -27.28165 -27.28195 -27.28223 -27.28247
 -27.28092 -27.28114 -27.28136 -27.28156 -27.28173
 -27.28378 -27.28394 -27.28410 -27.28424 -27.28437
 -27.28996 -27.29008 -27.29019 -27.29030 -27.29039
 -27.29926 -27.29935 -27.29944 -27.29951 -27.29958
 -27.31111 -27.31117 -27.31123 -27.31129 -27.31134
 -27.32464 -27.32469 -27.32473 -27.32478 -27.32482
================================================================================
 -26.13492 -26.13492 -26.13492 -26.13492 -26.16199
 -26.18413 -26.18413 -26.18413 -26.18413 -26.21100
 -26.23362 -26.23362 -26.23362 -26.23362 -26.26027
 -26.28346 -26.28346 -26.28346 -26.28346 -26.30022
 -26.33371 -26.33371 -26.33371 -26.33371 -26.35026
 -26.38445 -26.38445 -26.38445 -26.38445 -26.40075
 -26.43577 -26.43577 -26.43577 -26.43577 -26.45179
 -26.48776 -26.48776 -26.48776 -26.48776 -26.49526
 -26.54045 -26.54047 -26.54049 -26.54051 -26.54785
 -26.59306 -26.59329 -26.59349 -26.59366 -26.60095
 -26.64153 -26.64294 -26.64419 -26.64525 -26.65304
 -26.67458 -26.68015 -26.68516 -26.68946 -26.69960
 -26.67600 -26.69098 -26.70474 -26.71680 -26.72694
 -26.64001 -26.66869 -26.69593 -26.72058 -26.74192
 -26.58171 -26.62410 -26.66580 -26.70488 -26.73988
 -26.52401 -26.57699 -26.63059 -26.68237 -26.73021
 -26.48325 -26.54327 -26.60522 -26.66643 -26.72436
 -26.46574 -26.53001 -26.59724 -26.66469 -26.72961
 -26.47206 -26.53867 -26.60893 -26.68012 -26.74940
 -26.49970 -26.56729 -26.63895 -26.71197 -26.78348
 -26.54476 -26.61225 -26.68396 -26.75721 -26.82912
 -26.60023 -26.66615 -26.73610 -26.80739 -26.87718
 -26.65209 -26.71354 -26.77815 -26.84328 -26.90621
 -26.68137 -26.73395 -26.78816 -26.84156 -26.89182
 -26.67618 -26.71665 -26.75727 -26.79609 -26.83150
 -26.64438 -26.67317 -26.70133 -26.72756 -26.75088
 -26.60647 -26.62643 -26.64562 -26.66317 -26.67853
 -26.57984 -26.59392 -26.60732 -26.61945 -26.62998
 -26.57272 -26.58304 -26.59280 -26.60160 -26.60921
 -26.58656 -26.59445 -26.60189 -26.60858 -26.61438
 -26.61939 -26.62566 -26.63157 -26.63688 -26.64148
 -26.66768 -26.67282 -26.67766 -26.68202 -26.68581
 -26.72732 -26.73162 -26.73568 -26.73934 -26.74253
 -26.79390 -26.79755 -26.80101 -26.80412 -26.80684
 -26.86297 -26.86608 -26.86903 -26.87169 -26.87402
 -26.93022 -26.93286 -26.93536 -26.93762 -26.93960
 -26.99182 -26.99402 -26.99610 -26.99800 -26.99966
 -27.04495 -27.04675 -27.04845 -27.05000 -27.05137
 -27.08820 -27.08963 -27.09099 -27.09223 -27.09332
 -27.12174 -27.12286 -27.12392 -27.12489 -27.12574
 -27.14696 -27.14781 -27.14863 -27.14937 -27.15003
 -27.16591 -27.16655 -27.16717 -27.16773 -27.16822
 -27.18074 -27.18122 -27.18168 -27.18209 -27.18247
 -27.19328 -27.19363 -27.19397 -27.19428 -27.19456
 -27.20496 -27.20522 -27.20547 -27.20570 -27.20591
 -27.21689 -27.21708 -27.21726 -27.21744 -27.21759
 -27.22987 -27.23001 -27.23015 -27.23028 -27.23039
 -27.24429 -27.24440 -27.24450 -27.24460 -27.24468
 -27.25996 -27.26004 -27.26011 -27.26019 -27.26025
 -27.27627 -27.27633 -27.27639 -27.27644 -27.27649
================================================================================
 -26.01822 -26.01822 -26.01822 -26.01822 -26.04095
 -26.06685 -26.06685 -26.06685 -26.06685 -26.08125
 -26.11563 -26.11563 -26.11563 -26.11563 -26.12989
 -26.16459 -26.16459 -26.16459 -26.16459 -26.17868
 -26.21375 -26.21375 -26.21375 -26.21375 -26.22764
 -26.26314 -26.26314 -26.26314 -26.26315 -26.26969
 -26.31266 -26.31269 -26.31272 -26.31274 -26.31916
 -26.36150 -26.36175 -26.36196 -26.36215 -26.36855
 -26.40656 -26.40780 -26.40890 -26.40984 -26.41667
 -26.44091 -26.44517 -26.44899 -26.45226 -26.45496
 -26.45637 -26.46688 -26.47644 -26.48475 -26.49169
 -26.45097 -26.47054 -26.48876 -26.50493 -26.51868
 -26.43279 -26.46212 -26.49012 -26.51557 -26.53769
 -26.41463 -26.45237 -26.48920 -26.52344 -26.55384
 -26.40671 -26.45064 -26.49425 -26.53553 -26.57284
 -26.41416 -26.46210 -26.51030 -26.55650 -26.59881
 -26.43806 -26.48823 -26.53906 -26.58821 -26.63360
 -26.47718 -26.52817 -26.58007 -26.63049 -26.67728
 -26.52923 -26.57995 -26.63166 -26.68198 -26.72877
 -26.59153 -26.64109 -26.69161 -26.74073 -26.78636
 -26.66107 -26.70871 -26.75716 -26.80414 -26.84764
 -26.73330 -26.77815 -26.82357 -26.86739 -26.90774
 -26.79926 -26.83996 -26.88086 -26.92000 -26.95572
 -26.84443 -26.87897 -26.91326 -26.94565 -26.97482
 -26.85666 -26.88343 -26.90958 -26.93389 -26.95544
 -26.83892 -26.85808 -26.87651 -26.89339 -26.90816
 -26.80837 -26.82160 -26.83419 -26.84559 -26.85549
 -26.78269 -26.79188 -26.80057 -26.80840 -26.81517
 -26.77194 -26.77852 -26.78473 -26.79031 -26.79514
 -26.77909 -26.78398 -26.78859 -26.79274 -26.79634
 -26.80281 -26.80658 -26.81014 -26.81334 -26.81612
 -26.83976 -26.84275 -26.84557 -26.84811 -26.85033
 -26.88559 -26.88800 -26.89028 -26.89234 -26.89414
 -26.93568 -26.93764 -26.93950 -26.94118 -26.94266
 -26.98561 -26.98720 -26.98871 -26.99008 -26.99128
 -27.03141 -27.03268 -27.03390 -27.03500 -27.03598
 -27.07031 -27.07132 -27.07228 -27.07315 -27.07393
 -27.10088 -27.10166 -27.10240 -27.10308 -27.10369
 -27.12327 -27.12387 -27.12443 -27.12495 -27.12541
 -27.13882 -27.13926 -27.13968 -27.14007 -27.14042
 -27.14940 -27.14973 -27.15004 -27.15033 -27.15059
 -27.15705 -27.15729 -27.15752 -27.15773 -27.15792
 -27.16349 -27.16366 -27.16383 -27.16399 -27.16413
 -27.16996 -27.17008 -27.17021 -27.17032 -27.17042
 -27.17734 -27.17743 -27.17752 -27.17760 -27.17768
 -27.18627 -27.18634 -27.18640 -27.18647 -27.18652
 -27.19723 -27.19728 -27.19733 -27.19737 -27.19741
 -27.21029 -27.21032 -27.21036 -27.21039 -27.21042
 -27.22499 -27.22501 -27.22504 -27.22507 -27.22509
 -27.24050 -27.24052 -27.24054 -27.24056 -27.24058
================================================================================
 -25.88299 -25.88299 -25.88299 -25.88299 -25.89693
 -25.93152 -25.93152 -25.93152 -25.93152 -25.94536
 -25.98019 -25.98019 -25.98019 -25.98019 -25.99389
 -26.02900 -26.02900 -26.02900 -26.02900 -26.03550
 -26.07800 -26.07800 -26.07800 -26.07800 -26.08441
 -26.12719 -26.12719 -26.12719 -26.12719 -26.13350
 -26.17662 -26.17662 -26.17662 -26.17662 -26.18281
 -26.22631 -26.22631 -26.22631 -26.22631 -26.22631
 -26.27627 -26.27627 -26.27627 -26.27627 -26.27627
 -26.32654 -26.32654 -26.32654 -26.32654 -26.32654
 -26.37711 -26.37711 -26.37711 -26.37711 -26.37711
 -26.42798 -26.42798 -26.42798 -26.42798 -26.42798
 -26.47914 -26.47914 -26.47914 -26.47914 -26.47914
 -26.53057 -26.53057 -26.53057 -26.53057 -26.53057
 -26.58222 -26.58222 -26.58222 -26.58222 -26.58222
 -26.63403 -26.63403 -26.63403 -26.63403 -26.63403
 -26.68590 -26.68590 -26.68590 -26.68590 -26.68590
 -26.73772 -26.73772 -26.73772 -26.73772 -26.73772
 -26.78934 -26.78934 -26.78934 -26.78934 -26.78934
 -26.84053 -26.84053 -26.84053 -26.84053 -26.84053
 -26.89102 -26.89102 -26.89102 -26.89102 -26.89102
 -26.94046 -26.94046 -26.94046 -26.94046 -26.94046
 -26.98839 -26.98839 -26.98839 -26.98839 -26.98839
 -27.03428 -27.03428 -27.03428 -27.03428 -27.03428
 -27.07766 -27.07766 -27.07766 -27.07766 -27.07766
 -27.11792 -27.11792 -27.11792 -27.11792 -27.11792
 -27.15445 -27.15445 -27.15445 -27.15445 -27.15445
 -27.18657 -27.18657 -27.18657 -27.18657 -27.18657
 -27.21275 -27.21275 -27.21275 -27.21275 -27.21275
 -27.22835 -27.22835 -27.22835 -27.22835 -27.22836
 -27.22298 -27.22298 -27.22298 -27.22299 -27.22299
 -27.18524 -27.18524 -27.18524 -27.18525 -27.18526
 -27.11673 -27.11674 -27.11674 -27.11676 -27.11678
 -27.03497 -27.03497 -27.03498 -27.03500 -27.03503
 -26.95986 -26.95987 -26.95988 -26.95990 -26.95994
 -26.90331 -26.90331 -26.90332 -26.90334 -26.90338
 -26.86877 -26.86878 -26.86879 -26.86881 -26.86885
 -26.85485 -26.85485 -26.85486 -26.85488 -26.85492
 -26.85791 -26.85792 -26.85793 -26.85795 -26.85798
 -26.87375 -26.87376 -26.87376 -26.87378 -26.87382
 -26.89830 -26.89830 -26.89831 -26.89833 -26.89836
 -26.92811 -26.92812 -26.92812 -26.92814 -26.92816
 -26.96048 -26.96048 -26.96048 -26.96050 -26.96052
 -26.99339 -26.99340 -26.99340 -26.99341 -26.99343
 -27.02566 -27.02566 -27.02567 -27.02568 -27.02569
 -27.05675 -27.05675 -27.05675 -27.05676 -27.05677
 -27.08665 -27.08665 -27.08665 -27.08666 -27.08667
 -27.11546 -27.11546 -27.11546 -27.11547 -27.11547
 -27.14297 -27.14297 -27.14297 -27.14298 -27.14298
 -27.16872 -27.16872 -27.16872 -27.16872 -27.16873
================================================================================
 -24.52819 -24.52819 -24.52819 -24.52819 -24.53265
 -24.57664 -24.57664 -24.57664 -24.57664 -24.58106
 -24.62519 -24.62519 -24.62519 -24.62519 -24.62958
 -24.67389 -24.67389 -24.67389 -24.67389 -24.67822
 -24.72274 -24.72274 -24.72274 -24.72274 -24.72702
 -24.77178 -24.77178 -24.77178 -24.77178 -24.77178
 -24.82104 -24.82104 -24.82104 -24.82104 -24.82104
 -24.87056 -24.87056 -24.87056 -24.87056 -24.87056
 -24.92036 -24.92036 -24.92036 -24.92036 -24.92036
 -24.97050 -24.97050 -24.97050 -24.97050 -24.97050
 -25.02100 -25.02100 -25.02100 -25.02100 -25.02100
 -25.07190 -25.07190 -25.07190 -25.07190 -25.07190
 -25.12324 -25.12324 -25.12324 -25.12324 -25.12324
 -25.17506 -25.17506 -25.17506 -25.17506 -25.17506
 -25.22740 -25.22740 -25.22740 -25.22740 -25.22740
 -25.28029 -25.28029 -25.28029 -25.28029 -25.28029
 -25.33379 -25.33379 -25.33379 -25.33379 -25.33379
 -25.38793 -25.38793 -25.38793 -25.38793 -25.38793
 -25.44277 -25.44277 -25.44277 -25.44277 -25.44277
 -25.49833 -25.49833 -25.49833 -25.49833 -25.49833
 -25.55466 -25.55466 -25.55466 -25.55466 -25.55466
 -25.61178 -25.61178 -25.61178 -25.61178 -25.61178
 -25.66972 -25.66972 -25.66972 -25.66972 -25.66972
 -25.72848 -25.72848 -25.72848 -25.72848 -25.72848
 -25.78807 -25.78807 -25.78807 -25.78807 -25.78807
 -25.84848 -25.84848 -25.84848 -25.84848 -25.84848
 -25.90969 -25.90969 -25.90969 -25.90969 -25.90969
 -25.97164 -25.97164 -25.97164 -25.97164 -25.97164
 -26.03425 -26.03425 -26.03425 -26.03425 -26.03425
 -26.09711 -26.09711 -26.09711 -26.09711 -26.09711
 -26.15913 -26.15913 -26.15914 -26.15914 -26.15914
 -26.21810 -26.21810 -26.21810 -26.21810 -26.21811
 -26.27129 -26.27129 -26.27129 -26.27129 -26.27130
 -26.31718 -26.31718 -26.31718 -26.31719 -26.31719
 -26.35671 -26.35671 -26.35671 -26.35671 -26.35672
 -26.39313 -26.39313 -26.39314 -26.39314 -26.39315
 -26.43031 -26.43031 -26.43032 -26.43032 -26.43034
 -26.47109 -26.47110 -26.47110 -26.47111 -26.47112
 -26.51680 -26.51680 -26.51681 -26.51681 -26.51683
 -26.56730 -26.56730 -26.56731 -26.56732 -26.56733
 -26.62155 -26.62156 -26.62156 -26.62157 -26.62158
 -26.67810 -26.67810 -26.67811 -26.67812 -26.67813
 -26.73532 -26.73532 -26.73532 -26.73533 -26.73534
 -26.79177 -26.79177 -26.79177 -26.79178 -26.79179
 -26.84624 -26.84624 -26.84625 -26.84625 -26.84626
 -26.89785 -26.89786 -26.89786 -26.89786 -26.89787
 -26.94604 -26.94604 -26.94604 -26.94604 -26.94605
 -26.99055 -26.99055 -26.99055 -26.99055 -26.99056
 -27.03141 -27.03141 -27.03141 -27.03141 -27.03142
 -27.06943 -27.06943 -27.06944 -27.06944 -27.06944
================================================================================
 -24.40178 -24.40178 -24.40178 -24.40178 -24.40547
 -24.45011 -24.45011 -24.45011 -24.45011 -24.45377
 -24.49853 -24.49853 -24.49853 -24.49853 -24.49853
 -24.54705 -24.54705 -24.54705 -24.54705 -24.54705
 -24.59570 -24.59570 -24.59570 -24.59570 -24.59570
 -24.64450 -24.64450 -24.64450 -24.64450 -24.64450
 -24.69347 -24.69347 -24.69347 -24.69347 -24.69347
 -24.74264 -24.74264 -24.74264 -24.74264 -24.74264
 -24.79204 -24.79204 -24.79204 -24.79204 -24.79204
 -24.84170 -24.84170 -24.84170 -24.84170 -24.84170
 -24.89165 -24.89165 -24.89165 -24.89165 -24.89165
 -24.94193 -24.94193 -24.94193 -24.94193 -24.94193
 -24.99255 -24.99255 -24.99255 -24.99255 -24.99255
 -25.04356 -25.04356 -25.04356 -25.04356 -25.04356
 -25.09498 -25.09498 -25.09498 -25.09498 -25.09498
 -25.14685 -25.14685 -25.14685 -25.14685 -25.14685
 -25.19921 -25.19921 -25.19921 -25.19921 -25.19921
 -25.25207 -25.25207 -25.25207 -25.25207 -25.25207
 -25.30550 -25.30550 -25.30550 -25.30550 -25.30550
 -25.35950 -25.35950 -25.35950 -25.35950 -25.35950
 -25.41413 -25.41413 -25.41413 -25.41413 -25.41413
 -25.46941 -25.46941 -25.46941 -25.46941 -25.46941
 -25.52535 -25.52535 -25.52535 -25.52535 -25.52535
 -25.58198 -25.58198 -25.58198 -25.58198 -25.58198
 -25.63931 -25.63931 -25.63931 -25.63931 -25.63931
 -25.69736 -25.69736 -25.69736 -25.69736 -25.69736
 -25.75614 -25.75614 -25.75614 -25.75614 -25.75614
 -25.81565 -25.81565 -25.81565 -25.81565 -25.81565
 -25.87589 -25.87589 -25.87589 -25.87589 -25.87589
 -25.93685 -25.93685 -25.93685 -25.93685 -25.93685
 -25.99853 -25.99853 -25.99853 -25.99853 -25.99853
 -26.06087 -26.06087 -26.06087 -26.06087 -26.06087
 -26.12381 -26.12381 -26.12381 -26.12381 -26.12381
 -26.18735 -26.18735 -26.18735 -26.18735 -26.18735
 -26.25130 -26.25130 -26.25130 -26.25130 -26.25130
 -26.31552 -26.31552 -26.31552 -26.31552 -26.31552
 -26.37974 -26.37974 -26.37974 -26.37974 -26.37974
 -26.44365 -26.44365 -26.44365 -26.44365 -26.44365
 -26.50683 -26.50683 -26.50683 -26.50683 -26.50683
 -26.56887 -26.56887 -26.56887 -26.56887 -26.56887
 -26.62930 -26.62930 -26.62930 -26.62930 -26.62930
 -26.68761 -26.68761 -26.68761 -26.68761 -26.68761
 -26.74339 -26.74339 -26.74339 -26.74339 -26.74339
 -26.79630 -26.79630 -26.79630 -26.79630 -26.79630
 -26.84605 -26.84605 -26.84605 -26.84605 -26.84605
 -26.89250 -26.89250 -26.89250 -26.89250 -26.89250
 -26.93549 -26.93549 -26.93549 -26.93549 -26.93549
 -26.97505 -26.97505 -26.97505 -26.97505 -26.97505
 -27.01132 -27.01132 -27.01132 -27.01132 -27.01132
 -27.04562 -27.04562 -27.04562 -27.04562 -27.04562
