    7    5   50    1    7 F: Be 50. Si3N4 0.055 Si 0.7 A:Si 3. 200. 380.       
================================================================================
  11.00000  12.00000  13.00000  14.00000  15.00000
   0.00000   0.09590   0.19179   0.28769   0.38359   0.47949   0.57538   0.67128
   0.76718   0.86308   0.95897   1.05487   1.15077   1.24667   1.34256   1.43846
   1.53436   1.63025   1.72615   1.82205   1.91795   2.01384   2.10974   2.20564
   2.30154   2.39743   2.49333   2.58923   2.68513   2.78102   2.87692   2.97282
   3.06872   3.16461   3.26051   3.35641   3.45230   3.54820   3.64410   3.74000
   3.83589   3.93179   4.02769   4.12359   4.21948   4.31538   4.41128   4.50718
   4.60307   4.69897
================================================================================
 -60.00000 -60.00000 -60.00000 -60.00000 -60.00000
 -60.00000 -60.00000 -60.00000 -60.00000 -60.00000
 -59.99997 -59.99998 -59.99998 -59.99999 -59.99999
 -59.99984 -59.99988 -59.99992 -59.99994 -59.99996
 -59.99939 -59.99957 -59.99970 -59.99979 -59.99985
 -59.99829 -59.99881 -59.99918 -59.99944 -59.99961
 -59.99612 -59.99736 -59.99822 -59.99880 -59.99919
 -59.99273 -59.99511 -59.99678 -59.99788 -59.99859
 -59.98843 -59.99230 -59.99500 -59.99677 -59.99789
 -59.98397 -59.98940 -59.99321 -59.99568 -59.99723
 -59.98024 -59.98699 -59.99174 -59.99481 -59.99672
 -59.97788 -59.98547 -59.99083 -59.99430 -59.99644
 -59.22596 -59.22734 -59.22831 -59.22894 -59.22932
 -54.86911 -54.86911 -54.86912 -54.86913 -54.86913
 -51.15773 -51.15775 -51.15783 -51.15793 -51.15793
 -47.99172 -47.99180 -47.99213 -47.99254 -47.99254
 -45.29174 -45.29191 -45.29265 -45.29357 -45.29357
 -43.00019 -43.00044 -43.00153 -43.00153 -43.00289
 -41.06392 -41.06421 -41.06467 -41.06547 -41.06704
 -39.42914 -39.42961 -39.43007 -39.43086 -39.43242
 -38.04650 -38.04693 -38.04734 -38.04805 -38.04945
 -36.87465 -36.87502 -36.87536 -36.87597 -36.87716
 -35.88013 -35.88043 -35.88071 -35.88121 -35.88218
 -35.03656 -35.03680 -35.03703 -35.03742 -35.03820
 -34.32080 -34.32099 -34.32117 -34.32148 -34.32209
 -33.71246 -33.71260 -33.71274 -33.71298 -33.71345
 -33.19326 -33.19337 -33.19347 -33.19365 -33.19401
 -32.74721 -32.74729 -32.74737 -32.74751 -32.74778
 -32.36168 -32.36171 -32.36181 -32.36191 -32.36212
 -32.02656 -32.02659 -32.02666 -32.02674 -32.02689
 -31.73360 -31.73362 -31.73367 -31.73373 -31.73384
 -31.47710 -31.47712 -31.47715 -31.47719 -31.47727
 -31.25163 -31.25164 -31.25167 -31.25170 -31.25176
 -31.05382 -31.05382 -31.05385 -31.05387 -31.05391
 -30.88020 -30.88021 -30.88022 -30.88024 -30.88027
 -30.72830 -30.72831 -30.72831 -30.72833 -30.72836
 -30.59606 -30.59606 -30.59606 -30.59607 -30.59609
 -30.48142 -30.48142 -30.48142 -30.48143 -30.48143
 -30.38294 -30.38294 -30.38295 -30.38295 -30.38295
 -30.29921 -30.29921 -30.29921 -30.29921 -30.29922
 -30.22890 -30.22890 -30.22890 -30.22890 -30.22891
 -30.17077 -30.17077 -30.17077 -30.17077 -30.17077
 -30.12361 -30.12361 -30.12361 -30.12361 -30.12362
 -30.08630 -30.08630 -30.08630 -30.08630 -30.08630
 -30.05775 -30.05775 -30.05775 -30.05775 -30.05775
 -30.03697 -30.03697 -30.03697 -30.03697 -30.03697
 -30.02304 -30.02304 -30.02304 -30.02304 -30.02304
 -30.01512 -30.01512 -30.01512 -30.01512 -30.01512
 -30.01248 -30.01248 -30.01248 -30.01248 -30.01248
 -30.01444 -30.01444 -30.01444 -30.01444 -30.01444
================================================================================
 -60.00000 -60.00000 -60.00000 -60.00000 -60.00000
 -59.99999 -59.99999 -59.99999 -59.99999 -60.00000
 -59.99987 -59.99990 -59.99993 -59.99995 -59.99996
 -59.99924 -59.99944 -59.99959 -59.99970 -59.99979
 -59.99701 -59.99780 -59.99839 -59.99883 -59.99916
 -59.99121 -59.99346 -59.99522 -59.99655 -59.99754
 -59.97908 -59.98420 -59.98838 -59.99168 -59.99416
 -59.95768 -59.96732 -59.97576 -59.98277 -59.98814
 -59.92584 -59.94134 -59.95596 -59.96878 -59.97886
 -59.88665 -59.90827 -59.93015 -59.95035 -59.96670
 -59.84695 -59.87375 -59.90250 -59.93026 -59.95340
 -59.81397 -59.84425 -59.87824 -59.91227 -59.94138
 -58.46898 -58.47044 -58.47202 -58.47351 -58.47472
 -54.11127 -54.11127 -54.11128 -54.11131 -54.11134
 -50.38196 -50.38202 -50.38212 -50.38236 -50.38262
 -47.17663 -47.17683 -47.17722 -47.17813 -47.17912
 -44.43530 -44.43585 -44.43664 -44.43847 -44.44047
 -42.12193 -42.12271 -42.12383 -42.12643 -42.12925
 -40.18441 -40.18531 -40.18662 -40.18777 -40.19289
 -38.56173 -38.56266 -38.56401 -38.56519 -38.57044
 -37.19682 -37.19771 -37.19899 -37.20012 -37.20510
 -36.04454 -36.04534 -36.04650 -36.04752 -36.05200
 -35.06897 -35.06937 -35.07068 -35.07158 -35.07300
 -34.24363 -34.24409 -34.24470 -34.24595 -34.24716
 -33.54507 -33.54545 -33.54596 -33.54701 -33.54800
 -32.95279 -32.95310 -32.95351 -32.95436 -32.95518
 -32.44854 -32.44879 -32.44913 -32.44981 -32.45046
 -32.01597 -32.01617 -32.01644 -32.01699 -32.01751
 -31.64308 -31.64324 -31.64345 -31.64388 -31.64430
 -31.32002 -31.32017 -31.32033 -31.32067 -31.32099
 -31.03795 -31.03802 -31.03819 -31.03846 -31.03871
 -30.79211 -30.79216 -30.79229 -30.79248 -30.79267
 -30.57581 -30.57586 -30.57596 -30.57602 -30.57626
 -30.38681 -30.38684 -30.38692 -30.38696 -30.38714
 -30.22104 -30.22106 -30.22109 -30.22116 -30.22130
 -30.07632 -30.07634 -30.07637 -30.07641 -30.07652
 -29.95082 -29.95084 -29.95086 -29.95089 -29.95097
 -29.84201 -29.84202 -29.84204 -29.84206 -29.84212
 -29.74875 -29.74876 -29.74877 -29.74879 -29.74883
 -29.66966 -29.66967 -29.66968 -29.66969 -29.66970
 -29.60347 -29.60347 -29.60348 -29.60349 -29.60350
 -29.54896 -29.54896 -29.54897 -29.54898 -29.54898
 -29.50497 -29.50498 -29.50498 -29.50498 -29.50499
 -29.47041 -29.47041 -29.47041 -29.47042 -29.47042
 -29.44423 -29.44423 -29.44423 -29.44423 -29.44423
 -29.42547 -29.42547 -29.42547 -29.42547 -29.42547
 -29.41326 -29.41326 -29.41326 -29.41326 -29.41326
 -29.40679 -29.40679 -29.40679 -29.40679 -29.40679
 -29.40536 -29.40536 -29.40536 -29.40536 -29.40536
 -29.40833 -29.40833 -29.40833 -29.40833 -29.40833
================================================================================
 -60.00000 -60.00000 -60.00000 -60.00000 -60.00000
 -59.99993 -59.99995 -59.99996 -59.99997 -59.99998
 -59.99937 -59.99954 -59.99966 -59.99975 -59.99982
 -59.99667 -59.99754 -59.99819 -59.99868 -59.99904
 -59.98817 -59.99122 -59.99354 -59.99527 -59.99656
 -59.96972 -59.97740 -59.98329 -59.98773 -59.99104
 -59.94052 -59.95521 -59.96665 -59.97538 -59.98195
 -59.90491 -59.92755 -59.94553 -59.95949 -59.97015
 -59.86880 -59.89852 -59.92265 -59.94186 -59.95690
 -59.83479 -59.86944 -59.89840 -59.92238 -59.94200
 -59.80149 -59.83841 -59.87053 -59.89878 -59.92353
 -59.76736 -59.80409 -59.83777 -59.86976 -59.90023
 -58.06786 -58.06858 -58.06923 -58.06985 -58.07045
 -53.69273 -53.69274 -53.69275 -53.69278 -53.69284
 -49.91023 -49.91033 -49.91044 -49.91065 -49.91115
 -46.62671 -46.62692 -46.62737 -46.62802 -46.62958
 -43.83697 -43.83735 -43.83816 -43.83934 -43.84214
 -41.51286 -41.51339 -41.51452 -41.51615 -41.51761
 -39.58605 -39.58682 -39.58816 -39.59011 -39.59185
 -37.98365 -37.98449 -37.98594 -37.98805 -37.98992
 -36.64137 -36.64222 -36.64369 -36.64581 -36.64770
 -35.51099 -35.51180 -35.51261 -35.51524 -35.51704
 -34.55476 -34.55526 -34.55625 -34.55758 -34.56034
 -33.74677 -33.74732 -33.74820 -33.74938 -33.75183
 -33.06326 -33.06373 -33.06450 -33.06553 -33.06765
 -32.48404 -32.48445 -32.48510 -32.48597 -32.48777
 -31.99118 -31.99152 -31.99206 -31.99279 -31.99429
 -31.56798 -31.56826 -31.56872 -31.56932 -31.57057
 -31.20347 -31.20366 -31.20411 -31.20461 -31.20564
 -30.88844 -30.88860 -30.88883 -30.88936 -30.89018
 -30.61323 -30.61336 -30.61355 -30.61398 -30.61464
 -30.37454 -30.37464 -30.37479 -30.37511 -30.37532
 -30.16401 -30.16410 -30.16422 -30.16437 -30.16466
 -29.98103 -29.98110 -29.98120 -29.98131 -29.98153
 -29.82066 -29.82070 -29.82079 -29.82088 -29.82106
 -29.68113 -29.68117 -29.68124 -29.68131 -29.68145
 -29.56092 -29.56095 -29.56098 -29.56105 -29.56115
 -29.45666 -29.45668 -29.45671 -29.45676 -29.45684
 -29.36762 -29.36764 -29.36766 -29.36770 -29.36776
 -29.29242 -29.29243 -29.29245 -29.29248 -29.29253
 -29.22977 -29.22978 -29.22979 -29.22982 -29.22985
 -29.17845 -29.17846 -29.17847 -29.17848 -29.17851
 -29.13731 -29.13731 -29.13732 -29.13733 -29.13735
 -29.10525 -29.10525 -29.10526 -29.10526 -29.10527
 -29.08125 -29.08125 -29.08126 -29.08126 -29.08127
 -29.06438 -29.06438 -29.06438 -29.06439 -29.06439
 -29.05378 -29.05378 -29.05378 -29.05379 -29.05379
 -29.04869 -29.04869 -29.04869 -29.04869 -29.04869
 -29.04840 -29.04840 -29.04840 -29.04840 -29.04840
 -29.05232 -29.05232 -29.05232 -29.05232 -29.05232
================================================================================
 -59.99855 -59.99892 -59.99921 -59.99942 -59.99958
 -59.99294 -59.99474 -59.99612 -59.99715 -59.99792
 -59.97670 -59.98256 -59.98707 -59.99049 -59.99305
 -59.94429 -59.95789 -59.96856 -59.97674 -59.98291
 -59.89738 -59.92141 -59.94068 -59.95575 -59.96728
 -59.84554 -59.88008 -59.90843 -59.93104 -59.94864
 -59.79986 -59.84282 -59.87877 -59.90793 -59.93096
 -59.76749 -59.81592 -59.85701 -59.89073 -59.91763
 -59.75041 -59.80142 -59.84500 -59.88102 -59.90998
 -59.74607 -59.79702 -59.84067 -59.87695 -59.90638
 -59.74819 -59.79664 -59.83823 -59.87316 -59.90216
 -59.74888 -59.79267 -59.83051 -59.86309 -59.89154
 -57.78657 -57.78697 -57.78729 -57.78757 -57.78781
 -53.30347 -53.30348 -53.30349 -53.30352 -53.30358
 -49.32295 -49.32300 -49.32307 -49.32324 -49.32352
 -45.93389 -45.93401 -45.93419 -45.93460 -45.93487
 -43.14105 -43.14125 -43.14158 -43.14231 -43.14279
 -40.85559 -40.85596 -40.85644 -40.85706 -40.85827
 -38.97842 -38.97877 -38.97956 -38.98039 -38.98200
 -37.42553 -37.42596 -37.42691 -37.42792 -37.42987
 -36.12836 -36.12885 -36.12955 -36.13105 -36.13323
 -35.03744 -35.03804 -35.03878 -35.04035 -35.04264
 -34.11435 -34.11494 -34.11568 -34.11725 -34.11953
 -33.33462 -33.33503 -33.33590 -33.33740 -33.33956
 -32.67446 -32.67484 -32.67564 -32.67702 -32.67900
 -32.11456 -32.11490 -32.11561 -32.11684 -32.11862
 -31.63763 -31.63792 -31.63854 -31.63915 -31.64116
 -31.22670 -31.22696 -31.22732 -31.22802 -31.22897
 -30.87248 -30.87263 -30.87301 -30.87361 -30.87441
 -30.56665 -30.56677 -30.56708 -30.56758 -30.56824
 -30.29854 -30.29864 -30.29890 -30.29931 -30.29986
 -30.06714 -30.06722 -30.06742 -30.06775 -30.06818
 -29.86165 -29.86171 -29.86188 -29.86216 -29.86252
 -29.68401 -29.68404 -29.68415 -29.68441 -29.68470
 -29.52806 -29.52809 -29.52818 -29.52832 -29.52863
 -29.39279 -29.39281 -29.39288 -29.39300 -29.39325
 -29.27721 -29.27722 -29.27728 -29.27736 -29.27754
 -29.17671 -29.17672 -29.17677 -29.17683 -29.17698
 -29.09122 -29.09122 -29.09126 -29.09131 -29.09138
 -29.01935 -29.01935 -29.01938 -29.01942 -29.01947
 -28.95981 -28.95981 -28.95983 -28.95986 -28.95990
 -28.91135 -28.91135 -28.91136 -28.91138 -28.91142
 -28.87280 -28.87280 -28.87281 -28.87282 -28.87285
 -28.84305 -28.84305 -28.84306 -28.84307 -28.84309
 -28.82110 -28.82110 -28.82110 -28.82111 -28.82113
 -28.80601 -28.80601 -28.80601 -28.80602 -28.80603
 -28.79695 -28.79695 -28.79695 -28.79696 -28.79696
 -28.79317 -28.79317 -28.79317 -28.79318 -28.79318
 -28.79400 -28.79400 -28.79400 -28.79400 -28.79400
 -28.79882 -28.79882 -28.79882 -28.79882 -28.79882
================================================================================
 -60.00000 -60.00000 -60.00000 -60.00000 -60.00000
 -60.00000 -60.00000 -60.00000 -60.00000 -60.00000
 -60.00000 -60.00000 -60.00000 -60.00000 -60.00000
 -60.00000 -60.00000 -60.00000 -60.00000 -60.00000
 -60.00000 -60.00000 -60.00000 -60.00000 -60.00000
 -60.00000 -60.00000 -60.00000 -60.00000 -60.00000
 -60.00000 -60.00000 -60.00000 -60.00000 -60.00000
 -60.00000 -60.00000 -60.00000 -60.00000 -60.00000
 -60.00000 -60.00000 -60.00000 -60.00000 -60.00000
 -60.00000 -60.00000 -60.00000 -60.00000 -60.00000
 -60.00000 -60.00000 -60.00000 -60.00000 -60.00000
 -59.99939 -59.99940 -59.99942 -59.99944 -59.99949
 -57.51682 -57.51689 -57.51702 -57.51725 -57.51765
 -52.81856 -52.81857 -52.81858 -52.81860 -52.81864
 -48.71705 -48.71707 -48.71711 -48.71716 -48.71731
 -45.33560 -45.33565 -45.33572 -45.33586 -45.33607
 -42.58512 -42.58519 -42.58537 -42.58565 -42.58605
 -40.34553 -40.34565 -40.34594 -40.34642 -40.34709
 -38.51055 -38.51072 -38.51116 -38.51187 -38.51284
 -36.99527 -36.99550 -36.99608 -36.99702 -36.99829
 -35.73118 -35.73146 -35.73216 -35.73330 -35.73484
 -34.66931 -34.66950 -34.67015 -34.67168 -34.67341
 -33.77099 -33.77119 -33.77187 -33.77293 -33.77533
 -33.01277 -33.01297 -33.01366 -33.01472 -33.01712
 -32.37088 -32.37108 -32.37174 -32.37276 -32.37507
 -31.82640 -31.82649 -31.82720 -31.82815 -31.82934
 -31.36237 -31.36245 -31.36309 -31.36394 -31.36502
 -30.96146 -30.96153 -30.96194 -30.96285 -30.96381
 -30.61555 -30.61561 -30.61597 -30.61677 -30.61759
 -30.31708 -30.31708 -30.31743 -30.31788 -30.31881
 -30.05451 -30.05451 -30.05481 -30.05519 -30.05597
 -29.82877 -29.82877 -29.82901 -29.82931 -29.82995
 -29.62693 -29.62693 -29.62707 -29.62739 -29.62792
 -29.45320 -29.45320 -29.45332 -29.45357 -29.45400
 -29.30035 -29.30035 -29.30045 -29.30066 -29.30102
 -29.16805 -29.16805 -29.16813 -29.16830 -29.16846
 -29.05584 -29.05584 -29.05590 -29.05598 -29.05615
 -28.95801 -28.95801 -28.95804 -28.95813 -28.95826
 -28.87509 -28.87509 -28.87512 -28.87519 -28.87529
 -28.80572 -28.80572 -28.80574 -28.80579 -28.80588
 -28.74857 -28.74857 -28.74859 -28.74863 -28.74869
 -28.70238 -28.70238 -28.70240 -28.70243 -28.70248
 -28.66596 -28.66596 -28.66596 -28.66598 -28.66603
 -28.63815 -28.63815 -28.63816 -28.63817 -28.63820
 -28.61795 -28.61795 -28.61795 -28.61796 -28.61798
 -28.60441 -28.60441 -28.60442 -28.60442 -28.60443
 -28.59672 -28.59672 -28.59672 -28.59673 -28.59674
 -28.59413 -28.59413 -28.59413 -28.59414 -28.59414
 -28.59597 -28.59597 -28.59597 -28.59597 -28.59598
 -28.60163 -28.60163 -28.60163 -28.60163 -28.60163
================================================================================
 -60.00000 -60.00000 -60.00000 -60.00000 -60.00000
 -60.00000 -60.00000 -60.00000 -60.00000 -60.00000
 -60.00000 -60.00000 -60.00000 -60.00000 -60.00000
 -60.00000 -60.00000 -60.00000 -60.00000 -60.00000
 -60.00000 -60.00000 -60.00000 -60.00000 -60.00000
 -60.00000 -60.00000 -60.00000 -60.00000 -60.00000
 -60.00000 -60.00000 -60.00000 -60.00000 -60.00000
 -60.00000 -60.00000 -60.00000 -60.00000 -60.00000
 -59.98423 -59.98423 -59.98423 -59.98423 -59.98423
 -55.36344 -55.36344 -55.36344 -55.36344 -55.36344
 -50.50072 -50.50072 -50.50072 -50.50072 -50.50072
 -46.60322 -46.60322 -46.60322 -46.60322 -46.60322
 -43.47767 -43.47767 -43.47767 -43.47767 -43.47767
 -40.96810 -40.96810 -40.96810 -40.96810 -40.96810
 -38.94946 -38.94946 -38.94946 -38.94946 -38.94946
 -37.31972 -37.31972 -37.31972 -37.31972 -37.31972
 -35.99694 -35.99694 -35.99694 -35.99694 -35.99694
 -34.91514 -34.91514 -34.91514 -34.91514 -34.91514
 -34.02029 -34.02029 -34.02029 -34.02029 -34.02029
 -33.27152 -33.27152 -33.27152 -33.27152 -33.27152
 -32.63561 -32.63561 -32.63561 -32.63561 -32.63561
 -32.09170 -32.09170 -32.09170 -32.09170 -32.09171
 -31.62183 -31.62183 -31.62184 -31.62185 -31.62188
 -31.22059 -31.22059 -31.22061 -31.22064 -31.22070
 -30.87621 -30.87621 -30.87624 -30.87631 -30.87642
 -30.57965 -30.57965 -30.57971 -30.57981 -30.57992
 -30.32167 -30.32167 -30.32174 -30.32185 -30.32205
 -30.08653 -30.08653 -30.08659 -30.08676 -30.08703
 -29.87610 -29.87610 -29.87618 -29.87638 -29.87670
 -29.69150 -29.69150 -29.69159 -29.69181 -29.69216
 -29.51611 -29.51611 -29.51620 -29.51643 -29.51680
 -29.36961 -29.36961 -29.36970 -29.36992 -29.37028
 -29.22010 -29.22010 -29.22015 -29.22033 -29.22074
 -29.09502 -29.09502 -29.09507 -29.09523 -29.09547
 -28.97705 -28.97705 -28.97710 -28.97724 -28.97746
 -28.87374 -28.87374 -28.87377 -28.87390 -28.87409
 -28.79154 -28.79154 -28.79156 -28.79167 -28.79183
 -28.71270 -28.71270 -28.71272 -28.71281 -28.71295
 -28.64534 -28.64534 -28.64535 -28.64541 -28.64554
 -28.58892 -28.58892 -28.58893 -28.58898 -28.58909
 -28.54267 -28.54267 -28.54267 -28.54272 -28.54277
 -28.50566 -28.50566 -28.50566 -28.50570 -28.50574
 -28.47693 -28.47693 -28.47693 -28.47696 -28.47699
 -28.45552 -28.45552 -28.45552 -28.45553 -28.45557
 -28.44055 -28.44055 -28.44055 -28.44056 -28.44059
 -28.43131 -28.43131 -28.43131 -28.43131 -28.43133
 -28.42715 -28.42715 -28.42715 -28.42716 -28.42717
 -28.42750 -28.42750 -28.42750 -28.42750 -28.42751
 -28.43169 -28.43169 -28.43169 -28.43169 -28.43169
 -28.43897 -28.43897 -28.43897 -28.43898 -28.43898
================================================================================
 -60.00000 -60.00000 -60.00000 -60.00000 -60.00000
 -60.00000 -60.00000 -60.00000 -60.00000 -60.00000
 -60.00000 -60.00000 -60.00000 -60.00000 -60.00000
 -60.00000 -60.00000 -60.00000 -60.00000 -60.00000
 -60.00000 -60.00000 -60.00000 -60.00000 -60.00000
 -60.00000 -60.00000 -60.00000 -60.00000 -60.00000
 -59.99999 -59.99999 -59.99999 -59.99999 -59.99999
 -57.84341 -57.84341 -57.84341 -57.84341 -57.84341
 -52.38198 -52.38198 -52.38198 -52.38198 -52.38198
 -48.00493 -48.00493 -48.00493 -48.00493 -48.00493
 -44.49853 -44.49853 -44.49853 -44.49853 -44.49853
 -41.68861 -41.68861 -41.68861 -41.68861 -41.68861
 -39.43516 -39.43516 -39.43516 -39.43516 -39.43516
 -37.62490 -37.62490 -37.62490 -37.62490 -37.62490
 -36.16700 -36.16700 -36.16700 -36.16700 -36.16700
 -34.98691 -34.98691 -34.98691 -34.98691 -34.98691
 -34.02468 -34.02468 -34.02468 -34.02468 -34.02468
 -33.23199 -33.23199 -33.23199 -33.23199 -33.23199
 -32.56898 -32.56898 -32.56898 -32.56898 -32.56898
 -32.00621 -32.00621 -32.00621 -32.00621 -32.00621
 -31.51976 -31.51976 -31.51976 -31.51976 -31.51976
 -31.09650 -31.09650 -31.09650 -31.09650 -31.09651
 -30.72498 -30.72498 -30.72498 -30.72498 -30.72499
 -30.40532 -30.40532 -30.40532 -30.40533 -30.40534
 -30.13036 -30.13036 -30.13036 -30.13037 -30.13040
 -29.89481 -29.89481 -29.89482 -29.89485 -29.89489
 -29.69226 -29.69226 -29.69227 -29.69232 -29.69239
 -29.50817 -29.50817 -29.50819 -29.50826 -29.50836
 -29.34568 -29.34568 -29.34569 -29.34579 -29.34593
 -29.20731 -29.20731 -29.20732 -29.20741 -29.20762
 -29.07382 -29.07382 -29.07383 -29.07394 -29.07417
 -28.97015 -28.97015 -28.97017 -28.97028 -28.97054
 -28.85436 -28.85436 -28.85436 -28.85449 -28.85467
 -28.76343 -28.76343 -28.76343 -28.76356 -28.76373
 -28.67300 -28.67300 -28.67300 -28.67313 -28.67330
 -28.59443 -28.59443 -28.59443 -28.59452 -28.59470
 -28.53959 -28.53959 -28.53959 -28.53966 -28.53982
 -28.47964 -28.47964 -28.47964 -28.47971 -28.47985
 -28.42852 -28.42852 -28.42852 -28.42858 -28.42866
 -28.38616 -28.38616 -28.38616 -28.38621 -28.38628
 -28.35212 -28.35212 -28.35212 -28.35215 -28.35222
 -28.32568 -28.32568 -28.32568 -28.32570 -28.32576
 -28.30601 -28.30601 -28.30601 -28.30602 -28.30607
 -28.29224 -28.29224 -28.29224 -28.29225 -28.29229
 -28.28362 -28.28362 -28.28362 -28.28363 -28.28366
 -28.27962 -28.27962 -28.27962 -28.27962 -28.27964
 -28.27983 -28.27983 -28.27983 -28.27984 -28.27985
 -28.28385 -28.28385 -28.28385 -28.28386 -28.28386
 -28.29100 -28.29100 -28.29100 -28.29100 -28.29101
 -28.30032 -28.30032 -28.30032 -28.30032 -28.30032
