   14    5   50    1   14 F: Be 50. Si3N4 0.055 Si 0.7 A:Si 3. 200. 380.       
================================================================================
  11.00000  12.00000  13.00000  14.00000  15.00000
   0.00000   0.09590   0.19179   0.28769   0.38359   0.47949   0.57538   0.67128
   0.76718   0.86308   0.95897   1.05487   1.15077   1.24667   1.34256   1.43846
   1.53436   1.63025   1.72615   1.82205   1.91795   2.01384   2.10974   2.20564
   2.30154   2.39743   2.49333   2.58923   2.68513   2.78102   2.87692   2.97282
   3.06872   3.16461   3.26051   3.35641   3.45230   3.54820   3.64410   3.74000
   3.83589   3.93179   4.02769   4.12359   4.21948   4.31538   4.41128   4.50718
   4.60307   4.69897
================================================================================
 -59.99991 -59.99994 -59.99995 -59.99997 -59.99998
 -59.99955 -59.99967 -59.99976 -59.99983 -59.99988
 -59.99841 -59.99885 -59.99917 -59.99940 -59.99957
 -59.99588 -59.99701 -59.99785 -59.99845 -59.99888
 -59.99161 -59.99394 -59.99564 -59.99687 -59.99775
 -59.98597 -59.98989 -59.99275 -59.99481 -59.99629
 -59.97992 -59.98557 -59.98970 -59.99266 -59.99476
 -59.97467 -59.98185 -59.98710 -59.99085 -59.99350
 -59.97111 -59.97937 -59.98540 -59.98969 -59.99271
 -59.96964 -59.97839 -59.98478 -59.98930 -59.99247
 -59.97016 -59.97882 -59.98515 -59.98961 -59.99271
 -59.97222 -59.98034 -59.98627 -59.99044 -59.99332
 -59.22564 -59.22693 -59.22786 -59.22850 -59.22894
 -54.86951 -54.86951 -54.86952 -54.86953 -54.86953
 -51.16097 -51.16099 -51.16107 -51.16117 -51.16117
 -48.00317 -48.00325 -48.00359 -48.00401 -48.00401
 -45.31431 -45.31449 -45.31526 -45.31623 -45.31623
 -43.03048 -43.03075 -43.03191 -43.03191 -43.03338
 -41.09611 -41.09642 -41.09692 -41.09778 -41.09948
 -39.45885 -39.45936 -39.45985 -39.46069 -39.46236
 -38.07184 -38.07230 -38.07273 -38.07349 -38.07498
 -36.89526 -36.89564 -36.89601 -36.89664 -36.89789
 -35.89652 -35.89683 -35.89712 -35.89764 -35.89865
 -35.04932 -35.04957 -35.04980 -35.05021 -35.05101
 -34.33062 -34.33082 -34.33100 -34.33132 -34.33194
 -33.71994 -33.72008 -33.72022 -33.72047 -33.72094
 -33.19890 -33.19901 -33.19911 -33.19930 -33.19966
 -32.75150 -32.75158 -32.75166 -32.75180 -32.75207
 -32.36492 -32.36495 -32.36504 -32.36515 -32.36535
 -32.02894 -32.02897 -32.02904 -32.02912 -32.02927
 -31.73538 -31.73541 -31.73546 -31.73552 -31.73563
 -31.47836 -31.47838 -31.47841 -31.47845 -31.47853
 -31.25260 -31.25261 -31.25264 -31.25267 -31.25273
 -31.05451 -31.05452 -31.05454 -31.05456 -31.05460
 -30.88072 -30.88073 -30.88075 -30.88076 -30.88079
 -30.72870 -30.72870 -30.72871 -30.72873 -30.72875
 -30.59632 -30.59632 -30.59632 -30.59634 -30.59635
 -30.48161 -30.48162 -30.48162 -30.48163 -30.48163
 -30.38309 -30.38309 -30.38309 -30.38310 -30.38310
 -30.29931 -30.29932 -30.29932 -30.29932 -30.29932
 -30.22898 -30.22898 -30.22898 -30.22898 -30.22898
 -30.17082 -30.17082 -30.17082 -30.17082 -30.17083
 -30.12365 -30.12365 -30.12365 -30.12365 -30.12365
 -30.08632 -30.08632 -30.08633 -30.08633 -30.08633
 -30.05777 -30.05777 -30.05777 -30.05777 -30.05777
 -30.03698 -30.03698 -30.03698 -30.03698 -30.03698
 -30.02305 -30.02305 -30.02305 -30.02305 -30.02305
 -30.01513 -30.01513 -30.01513 -30.01513 -30.01513
 -30.01248 -30.01248 -30.01248 -30.01248 -30.01248
 -30.01444 -30.01444 -30.01444 -30.01444 -30.01444
================================================================================
 -59.99965 -59.99974 -59.99981 -59.99986 -59.99990
 -59.99808 -59.99859 -59.99897 -59.99925 -59.99946
 -59.99299 -59.99485 -59.99624 -59.99726 -59.99801
 -59.98159 -59.98642 -59.99005 -59.99274 -59.99473
 -59.96286 -59.97244 -59.97971 -59.98515 -59.98919
 -59.93923 -59.95455 -59.96635 -59.97529 -59.98196
 -59.91543 -59.93626 -59.95254 -59.96502 -59.97441
 -59.89597 -59.92105 -59.94093 -59.95635 -59.96804
 -59.88350 -59.91111 -59.93327 -59.95062 -59.96386
 -59.87870 -59.90711 -59.93012 -59.94830 -59.96224
 -59.88083 -59.90854 -59.93115 -59.94913 -59.96295
 -59.88837 -59.91425 -59.93547 -59.95242 -59.96548
 -58.47364 -58.47449 -58.47516 -58.47567 -58.47606
 -54.11384 -54.11385 -54.11386 -54.11388 -54.11391
 -50.39935 -50.39940 -50.39951 -50.39976 -50.40003
 -47.22805 -47.22828 -47.22872 -47.22974 -47.23085
 -44.52160 -44.52227 -44.52324 -44.52548 -44.52792
 -42.22568 -42.22667 -42.22809 -42.23140 -42.23499
 -40.28843 -40.28958 -40.29124 -40.29271 -40.29924
 -38.65589 -38.65705 -38.65872 -38.66020 -38.66674
 -37.27740 -37.27848 -37.28002 -37.28138 -37.28739
 -36.11118 -36.11212 -36.11347 -36.11466 -36.11989
 -35.12327 -35.12373 -35.12522 -35.12623 -35.12784
 -34.28715 -34.28766 -34.28833 -34.28972 -34.29106
 -33.57967 -33.58008 -33.58063 -33.58176 -33.58284
 -32.98007 -32.98040 -32.98084 -32.98174 -32.98261
 -32.46988 -32.47014 -32.47049 -32.47121 -32.47190
 -32.03283 -32.03304 -32.03332 -32.03389 -32.03443
 -31.65632 -31.65649 -31.65670 -31.65715 -31.65758
 -31.33017 -31.33033 -31.33049 -31.33084 -31.33117
 -31.04589 -31.04597 -31.04615 -31.04642 -31.04667
 -30.79796 -30.79802 -30.79814 -30.79834 -30.79853
 -30.58046 -30.58050 -30.58061 -30.58067 -30.58091
 -30.39029 -30.39033 -30.39040 -30.39045 -30.39063
 -30.22375 -30.22378 -30.22381 -30.22387 -30.22401
 -30.07842 -30.07844 -30.07847 -30.07852 -30.07862
 -29.95228 -29.95230 -29.95232 -29.95235 -29.95242
 -29.84312 -29.84313 -29.84315 -29.84318 -29.84323
 -29.74959 -29.74960 -29.74961 -29.74963 -29.74968
 -29.67030 -29.67030 -29.67031 -29.67033 -29.67034
 -29.60394 -29.60395 -29.60396 -29.60397 -29.60397
 -29.54931 -29.54931 -29.54932 -29.54932 -29.54933
 -29.50522 -29.50522 -29.50523 -29.50523 -29.50524
 -29.47058 -29.47058 -29.47059 -29.47059 -29.47059
 -29.44435 -29.44435 -29.44435 -29.44435 -29.44435
 -29.42555 -29.42555 -29.42555 -29.42555 -29.42555
 -29.41331 -29.41331 -29.41331 -29.41331 -29.41331
 -29.40682 -29.40682 -29.40682 -29.40682 -29.40682
 -29.40537 -29.40537 -29.40538 -29.40538 -29.40538
 -29.40833 -29.40833 -29.40833 -29.40833 -29.40833
================================================================================
 -59.99707 -59.99784 -59.99841 -59.99884 -59.99916
 -59.98822 -59.99127 -59.99358 -59.99530 -59.99658
 -59.96675 -59.97520 -59.98167 -59.98654 -59.99017
 -59.92991 -59.94714 -59.96059 -59.97089 -59.97864
 -59.88281 -59.91045 -59.93252 -59.94971 -59.96286
 -59.83567 -59.87281 -59.90312 -59.92717 -59.94584
 -59.79741 -59.84155 -59.87819 -59.90774 -59.93099
 -59.77241 -59.82062 -59.86111 -59.89418 -59.92052
 -59.76113 -59.81067 -59.85260 -59.88718 -59.91505
 -59.76178 -59.81039 -59.85172 -59.88610 -59.91413
 -59.77182 -59.81779 -59.85694 -59.88978 -59.91687
 -59.78870 -59.83082 -59.86671 -59.89703 -59.92235
 -58.07011 -58.07076 -58.07128 -58.07169 -58.07202
 -53.70421 -53.70422 -53.70424 -53.70426 -53.70433
 -49.96812 -49.96824 -49.96836 -49.96860 -49.96917
 -46.75268 -46.75296 -46.75355 -46.75442 -46.75651
 -44.00409 -44.00465 -44.00584 -44.00758 -44.01171
 -41.68815 -41.68895 -41.69063 -41.69309 -41.69529
 -39.75067 -39.75180 -39.75376 -39.75662 -39.75917
 -38.12925 -38.13042 -38.13246 -38.13541 -38.13805
 -36.76574 -36.76687 -36.76883 -36.77166 -36.77418
 -35.61475 -35.61579 -35.61681 -35.62016 -35.62245
 -34.64040 -34.64101 -34.64221 -34.64383 -34.64719
 -33.81647 -33.81711 -33.81815 -33.81954 -33.82242
 -33.11955 -33.12009 -33.12097 -33.12214 -33.12456
 -32.52917 -32.52962 -32.53034 -32.53131 -32.53331
 -32.02708 -32.02744 -32.02804 -32.02883 -32.03046
 -31.59681 -31.59711 -31.59760 -31.59825 -31.59958
 -31.22649 -31.22669 -31.22717 -31.22769 -31.22878
 -30.90643 -30.90659 -30.90683 -30.90738 -30.90824
 -30.62754 -30.62767 -30.62787 -30.62831 -30.62900
 -30.38530 -30.38540 -30.38555 -30.38588 -30.38609
 -30.17268 -30.17277 -30.17289 -30.17305 -30.17334
 -29.98765 -29.98772 -29.98781 -29.98793 -29.98815
 -29.82589 -29.82593 -29.82602 -29.82612 -29.82629
 -29.68523 -29.68527 -29.68534 -29.68541 -29.68555
 -29.56382 -29.56385 -29.56388 -29.56395 -29.56405
 -29.45890 -29.45892 -29.45895 -29.45900 -29.45908
 -29.36934 -29.36936 -29.36938 -29.36942 -29.36948
 -29.29373 -29.29374 -29.29376 -29.29379 -29.29384
 -29.23076 -29.23077 -29.23078 -29.23080 -29.23084
 -29.17918 -29.17919 -29.17920 -29.17921 -29.17924
 -29.13784 -29.13785 -29.13785 -29.13786 -29.13789
 -29.10563 -29.10563 -29.10563 -29.10564 -29.10565
 -29.08151 -29.08151 -29.08152 -29.08152 -29.08153
 -29.06456 -29.06456 -29.06456 -29.06456 -29.06457
 -29.05389 -29.05389 -29.05390 -29.05390 -29.05390
 -29.04875 -29.04875 -29.04875 -29.04875 -29.04876
 -29.04844 -29.04844 -29.04844 -29.04844 -29.04844
 -29.05233 -29.05233 -29.05234 -29.05234 -29.05234
================================================================================
 -60.00000 -60.00000 -60.00000 -60.00000 -60.00000
 -60.00000 -60.00000 -60.00000 -60.00000 -60.00000
 -60.00000 -60.00000 -60.00000 -60.00000 -60.00000
 -60.00000 -60.00000 -60.00000 -60.00000 -60.00000
 -60.00000 -60.00000 -60.00000 -60.00000 -60.00000
 -60.00000 -60.00000 -60.00000 -60.00000 -60.00000
 -60.00000 -60.00000 -60.00000 -60.00000 -60.00000
 -60.00000 -60.00000 -60.00000 -60.00000 -60.00000
 -60.00000 -60.00000 -60.00000 -60.00000 -60.00000
 -59.99998 -59.99998 -59.99998 -59.99998 -59.99998
 -59.99972 -59.99973 -59.99974 -59.99976 -59.99980
 -59.99780 -59.99786 -59.99797 -59.99814 -59.99840
 -57.80225 -57.80225 -57.80226 -57.80226 -57.80228
 -53.42568 -53.42570 -53.42571 -53.42576 -53.42583
 -49.65893 -49.65903 -49.65918 -49.65955 -49.66016
 -46.39716 -46.39750 -46.39801 -46.39922 -46.40000
 -43.61917 -43.61979 -43.62076 -43.62299 -43.62444
 -41.29645 -41.29745 -41.29880 -41.30052 -41.30388
 -39.36557 -39.36643 -39.36836 -39.37039 -39.37435
 -37.75617 -37.75709 -37.75915 -37.76131 -37.76551
 -36.40582 -36.40673 -36.40808 -36.41092 -36.41508
 -35.26709 -35.26810 -35.26936 -35.27204 -35.27594
 -34.30331 -34.30422 -34.30538 -34.30781 -34.31134
 -33.48861 -33.48920 -33.49044 -33.49258 -33.49567
 -32.79925 -32.79975 -32.80082 -32.80266 -32.80532
 -32.21512 -32.21554 -32.21645 -32.21800 -32.22024
 -31.71822 -31.71857 -31.71932 -31.72006 -31.72247
 -31.29197 -31.29227 -31.29268 -31.29351 -31.29461
 -30.92516 -30.92533 -30.92575 -30.92643 -30.92734
 -30.60838 -30.60851 -30.60885 -30.60940 -30.61013
 -30.33223 -30.33234 -30.33262 -30.33307 -30.33367
 -30.09300 -30.09308 -30.09330 -30.09364 -30.09411
 -29.88282 -29.88289 -29.88307 -29.88336 -29.88374
 -29.70053 -29.70056 -29.70068 -29.70095 -29.70125
 -29.54138 -29.54141 -29.54150 -29.54164 -29.54196
 -29.40344 -29.40346 -29.40353 -29.40365 -29.40390
 -29.28499 -29.28501 -29.28507 -29.28515 -29.28534
 -29.18284 -29.18284 -29.18289 -29.18296 -29.18311
 -29.09602 -29.09602 -29.09606 -29.09612 -29.09618
 -29.02309 -29.02309 -29.02311 -29.02316 -29.02321
 -28.96268 -28.96269 -28.96270 -28.96274 -28.96278
 -28.91353 -28.91353 -28.91355 -28.91356 -28.91360
 -28.87443 -28.87443 -28.87444 -28.87445 -28.87448
 -28.84425 -28.84425 -28.84426 -28.84427 -28.84429
 -28.82196 -28.82196 -28.82196 -28.82197 -28.82199
 -28.80661 -28.80661 -28.80661 -28.80662 -28.80663
 -28.79735 -28.79735 -28.79735 -28.79736 -28.79736
 -28.79342 -28.79342 -28.79342 -28.79342 -28.79343
 -28.79414 -28.79414 -28.79414 -28.79414 -28.79414
 -28.79890 -28.79890 -28.79890 -28.79890 -28.79890
================================================================================
 -60.00000 -60.00000 -60.00000 -60.00000 -60.00000
 -60.00000 -60.00000 -60.00000 -60.00000 -60.00000
 -60.00000 -60.00000 -60.00000 -60.00000 -60.00000
 -60.00000 -60.00000 -60.00000 -60.00000 -60.00000
 -60.00000 -60.00000 -60.00000 -60.00000 -60.00000
 -60.00000 -60.00000 -60.00000 -60.00000 -60.00000
 -59.99996 -59.99997 -59.99998 -59.99998 -59.99999
 -59.99962 -59.99971 -59.99979 -59.99984 -59.99989
 -59.99793 -59.99845 -59.99885 -59.99915 -59.99938
 -59.99252 -59.99437 -59.99581 -59.99691 -59.99773
 -59.98046 -59.98523 -59.98897 -59.99183 -59.99400
 -59.95998 -59.96934 -59.97676 -59.98250 -59.98689
 -56.78935 -56.78936 -56.78937 -56.78937 -56.78938
 -51.98585 -51.98585 -51.98585 -51.98585 -51.98586
 -48.09693 -48.09693 -48.09694 -48.09695 -48.09699
 -44.95645 -44.95647 -44.95650 -44.95657 -44.95665
 -42.40900 -42.40905 -42.40917 -42.40936 -42.40962
 -40.32463 -40.32474 -40.32502 -40.32548 -40.32611
 -38.59729 -38.59750 -38.59803 -38.59890 -38.60008
 -37.14658 -37.14690 -37.14772 -37.14905 -37.15087
 -35.91226 -35.91268 -35.91373 -35.91546 -35.91781
 -34.85539 -34.85568 -34.85668 -34.85904 -34.86170
 -33.94737 -33.94768 -33.94871 -33.95030 -33.95391
 -33.17135 -33.17164 -33.17264 -33.17417 -33.17764
 -32.50873 -32.50900 -32.50991 -32.51132 -32.51450
 -31.94339 -31.94350 -31.94443 -31.94567 -31.94724
 -31.45987 -31.45996 -31.46077 -31.46184 -31.46318
 -31.04275 -31.04283 -31.04333 -31.04444 -31.04558
 -30.68272 -30.68279 -30.68321 -30.68414 -30.68510
 -30.37139 -30.37139 -30.37179 -30.37229 -30.37334
 -30.09908 -30.09908 -30.09942 -30.09983 -30.10071
 -29.86357 -29.86357 -29.86383 -29.86416 -29.86485
 -29.65578 -29.65578 -29.65593 -29.65627 -29.65684
 -29.47601 -29.47601 -29.47614 -29.47640 -29.47686
 -29.31896 -29.31896 -29.31906 -29.31928 -29.31965
 -29.18309 -29.18309 -29.18317 -29.18335 -29.18352
 -29.06701 -29.06701 -29.06707 -29.06716 -29.06733
 -28.96690 -28.96690 -28.96693 -28.96702 -28.96715
 -28.88213 -28.88213 -28.88216 -28.88223 -28.88234
 -28.81125 -28.81125 -28.81128 -28.81133 -28.81142
 -28.75288 -28.75288 -28.75289 -28.75294 -28.75300
 -28.70569 -28.70569 -28.70570 -28.70573 -28.70578
 -28.66845 -28.66845 -28.66846 -28.66848 -28.66852
 -28.64001 -28.64001 -28.64001 -28.64003 -28.64005
 -28.61930 -28.61930 -28.61930 -28.61931 -28.61933
 -28.60537 -28.60537 -28.60538 -28.60538 -28.60539
 -28.59738 -28.59738 -28.59738 -28.59738 -28.59739
 -28.59455 -28.59455 -28.59455 -28.59455 -28.59456
 -28.59621 -28.59621 -28.59621 -28.59621 -28.59621
 -28.60176 -28.60176 -28.60176 -28.60176 -28.60177
================================================================================
 -60.00000 -60.00000 -60.00000 -60.00000 -60.00000
 -60.00000 -60.00000 -60.00000 -60.00000 -60.00000
 -60.00000 -60.00000 -60.00000 -60.00000 -60.00000
 -60.00000 -60.00000 -60.00000 -60.00000 -60.00000
 -60.00000 -60.00000 -60.00000 -60.00000 -60.00000
 -59.99996 -59.99997 -59.99998 -59.99998 -59.99999
 -59.99949 -59.99962 -59.99971 -59.99979 -59.99985
 -59.99659 -59.99743 -59.99808 -59.99858 -59.99896
 -59.98545 -59.98897 -59.99174 -59.99388 -59.99550
 -59.95722 -59.96729 -59.97535 -59.98164 -59.98644
 -59.90764 -59.92842 -59.94545 -59.95900 -59.96951
 -59.80795 -59.83834 -59.86381 -59.88445 -59.90073
 -55.14892 -55.14892 -55.14892 -55.14892 -55.14892
 -50.53020 -50.53020 -50.53020 -50.53020 -50.53020
 -46.81921 -46.81921 -46.81921 -46.81921 -46.81922
 -43.83085 -43.83085 -43.83086 -43.83086 -43.83088
 -41.41497 -41.41498 -41.41500 -41.41503 -41.41507
 -39.44922 -39.44923 -39.44928 -39.44940 -39.44953
 -37.83285 -37.83288 -37.83301 -37.83330 -37.83362
 -36.48689 -36.48693 -36.48719 -36.48757 -36.48838
 -35.34852 -35.34852 -35.34900 -35.34961 -35.35092
 -34.37541 -34.37541 -34.37607 -34.37691 -34.37870
 -33.53614 -33.53614 -33.53672 -33.53797 -33.54014
 -32.81512 -32.81512 -32.81576 -32.81713 -32.81950
 -32.19505 -32.19505 -32.19571 -32.19709 -32.19948
 -31.66221 -31.66221 -31.66283 -31.66415 -31.66545
 -31.20337 -31.20337 -31.20394 -31.20474 -31.20632
 -30.80396 -30.80396 -30.80430 -30.80517 -30.80659
 -30.45742 -30.45742 -30.45773 -30.45848 -30.45971
 -30.15704 -30.15704 -30.15730 -30.15794 -30.15897
 -29.89241 -29.89241 -29.89263 -29.89317 -29.89405
 -29.66409 -29.66409 -29.66426 -29.66470 -29.66540
 -29.46056 -29.46056 -29.46065 -29.46095 -29.46167
 -29.28507 -29.28507 -29.28514 -29.28539 -29.28576
 -29.13110 -29.13110 -29.13116 -29.13136 -29.13168
 -28.99800 -28.99800 -28.99805 -28.99822 -28.99847
 -28.88504 -28.88504 -28.88506 -28.88521 -28.88540
 -28.78717 -28.78717 -28.78719 -28.78730 -28.78746
 -28.70452 -28.70452 -28.70453 -28.70460 -28.70475
 -28.63567 -28.63567 -28.63568 -28.63573 -28.63585
 -28.57925 -28.57925 -28.57925 -28.57930 -28.57936
 -28.53394 -28.53394 -28.53394 -28.53397 -28.53402
 -28.49847 -28.49847 -28.49847 -28.49850 -28.49854
 -28.47168 -28.47168 -28.47168 -28.47169 -28.47173
 -28.45248 -28.45248 -28.45248 -28.45249 -28.45252
 -28.43991 -28.43991 -28.43991 -28.43992 -28.43994
 -28.43313 -28.43313 -28.43313 -28.43313 -28.43315
 -28.43137 -28.43137 -28.43137 -28.43137 -28.43138
 -28.43396 -28.43396 -28.43396 -28.43396 -28.43396
 -28.44028 -28.44028 -28.44028 -28.44028 -28.44028
================================================================================
 -60.00000 -60.00000 -60.00000 -60.00000 -60.00000
 -60.00000 -60.00000 -60.00000 -60.00000 -60.00000
 -60.00000 -60.00000 -60.00000 -60.00000 -60.00000
 -60.00000 -60.00000 -60.00000 -60.00000 -60.00000
 -59.99996 -59.99997 -59.99998 -59.99998 -59.99999
 -59.99942 -59.99956 -59.99967 -59.99976 -59.99982
 -59.99552 -59.99660 -59.99745 -59.99811 -59.99861
 -59.97861 -59.98367 -59.98771 -59.99086 -59.99325
 -59.93231 -59.94766 -59.96019 -59.97013 -59.97782
 -59.84877 -59.88056 -59.90750 -59.92953 -59.94704
 -59.74294 -59.79208 -59.83543 -59.87222 -59.90243
 -58.87202 -58.88210 -58.89027 -58.89670 -58.90166
 -53.50703 -53.50703 -53.50703 -53.50703 -53.50703
 -49.13669 -49.13669 -49.13669 -49.13669 -49.13669
 -45.62583 -45.62583 -45.62583 -45.62583 -45.62583
 -42.79908 -42.79908 -42.79909 -42.79909 -42.79909
 -40.51513 -40.51513 -40.51513 -40.51514 -40.51515
 -38.65937 -38.65937 -38.65939 -38.65942 -38.65945
 -37.13763 -37.13763 -37.13767 -37.13773 -37.13785
 -35.87584 -35.87584 -35.87591 -35.87608 -35.87636
 -34.81389 -34.81389 -34.81402 -34.81434 -34.81488
 -33.91008 -33.91008 -33.91029 -33.91082 -33.91169
 -33.13189 -33.13189 -33.13218 -33.13292 -33.13414
 -32.46347 -32.46347 -32.46369 -32.46475 -32.46624
 -31.88706 -31.88706 -31.88731 -31.88815 -31.88945
 -31.38957 -31.38957 -31.38983 -31.39070 -31.39205
 -30.95882 -30.95882 -30.95907 -30.95992 -30.96123
 -30.58041 -30.58041 -30.58064 -30.58144 -30.58267
 -30.25021 -30.25021 -30.25031 -30.25115 -30.25226
 -29.96317 -29.96317 -29.96325 -29.96378 -29.96495
 -29.70801 -29.70801 -29.70808 -29.70854 -29.70955
 -29.48841 -29.48841 -29.48847 -29.48885 -29.48968
 -29.29006 -29.29006 -29.29006 -29.29043 -29.29090
 -29.11959 -29.11959 -29.11959 -29.11990 -29.12028
 -28.96912 -28.96912 -28.96912 -28.96938 -28.96970
 -28.83903 -28.83903 -28.83903 -28.83919 -28.83951
 -28.72941 -28.72941 -28.72941 -28.72952 -28.72977
 -28.63375 -28.63375 -28.63375 -28.63385 -28.63405
 -28.55310 -28.55310 -28.55310 -28.55318 -28.55329
 -28.48612 -28.48612 -28.48612 -28.48618 -28.48626
 -28.43146 -28.43146 -28.43146 -28.43149 -28.43158
 -28.38782 -28.38782 -28.38782 -28.38785 -28.38791
 -28.35394 -28.35394 -28.35394 -28.35396 -28.35401
 -28.32862 -28.32862 -28.32862 -28.32863 -28.32867
 -28.31077 -28.31077 -28.31077 -28.31078 -28.31081
 -28.29944 -28.29944 -28.29944 -28.29944 -28.29946
 -28.29376 -28.29376 -28.29376 -28.29377 -28.29378
 -28.29299 -28.29299 -28.29299 -28.29300 -28.29300
 -28.29644 -28.29644 -28.29644 -28.29645 -28.29645
 -28.30348 -28.30348 -28.30348 -28.30348 -28.30348
================================================================================
 -60.00000 -60.00000 -60.00000 -60.00000 -60.00000
 -60.00000 -60.00000 -60.00000 -60.00000 -60.00000
 -60.00000 -60.00000 -60.00000 -60.00000 -60.00000
 -60.00000 -60.00000 -60.00000 -60.00000 -60.00000
 -59.99998 -59.99999 -59.99999 -59.99999 -59.99999
 -59.99967 -59.99975 -59.99981 -59.99986 -59.99990
 -59.99668 -59.99747 -59.99810 -59.99858 -59.99896
 -59.98035 -59.98493 -59.98862 -59.99150 -59.99372
 -59.92675 -59.94299 -59.95641 -59.96715 -59.97553
 -59.81786 -59.85446 -59.88612 -59.91249 -59.93376
 -59.67155 -59.72937 -59.78194 -59.82787 -59.86658
 -56.44383 -56.44388 -56.44393 -56.44396 -56.44399
 -51.43035 -51.43035 -51.43035 -51.43035 -51.43035
 -47.40663 -47.40663 -47.40663 -47.40663 -47.40663
 -44.17383 -44.17383 -44.17383 -44.17383 -44.17383
 -41.57040 -41.57040 -41.57040 -41.57040 -41.57040
 -39.46647 -39.46647 -39.46647 -39.46647 -39.46648
 -37.75714 -37.75714 -37.75715 -37.75715 -37.75716
 -36.35641 -36.35641 -36.35642 -36.35643 -36.35646
 -35.19690 -35.19690 -35.19691 -35.19696 -35.19704
 -34.22345 -34.22345 -34.22349 -34.22361 -34.22379
 -33.39756 -33.39756 -33.39759 -33.39785 -33.39821
 -32.68795 -32.68795 -32.68800 -32.68831 -32.68901
 -32.07949 -32.07949 -32.07956 -32.08001 -32.08100
 -31.55436 -31.55436 -31.55445 -31.55501 -31.55583
 -31.09976 -31.09976 -31.09976 -31.10050 -31.10144
 -30.70414 -30.70414 -30.70414 -30.70493 -30.70591
 -30.35292 -30.35292 -30.35292 -30.35349 -30.35469
 -30.04424 -30.04424 -30.04424 -30.04478 -30.04592
 -29.77483 -29.77483 -29.77483 -29.77532 -29.77636
 -29.53245 -29.53245 -29.53245 -29.53289 -29.53382
 -29.32443 -29.32443 -29.32443 -29.32480 -29.32532
 -29.13311 -29.13311 -29.13311 -29.13333 -29.13389
 -28.96926 -28.96926 -28.96926 -28.96945 -28.96991
 -28.82335 -28.82335 -28.82335 -28.82350 -28.82390
 -28.69706 -28.69706 -28.69706 -28.69719 -28.69752
 -28.59152 -28.59152 -28.59152 -28.59163 -28.59188
 -28.49845 -28.49845 -28.49845 -28.49851 -28.49868
 -28.42003 -28.42003 -28.42003 -28.42007 -28.42021
 -28.35503 -28.35503 -28.35503 -28.35506 -28.35517
 -28.30218 -28.30218 -28.30218 -28.30221 -28.30230
 -28.26021 -28.26021 -28.26021 -28.26022 -28.26030
 -28.22787 -28.22787 -28.22787 -28.22787 -28.22794
 -28.20396 -28.20396 -28.20396 -28.20397 -28.20400
 -28.18741 -28.18741 -28.18741 -28.18741 -28.18744
 -28.17724 -28.17724 -28.17724 -28.17724 -28.17726
 -28.17262 -28.17262 -28.17262 -28.17262 -28.17263
 -28.17279 -28.17279 -28.17279 -28.17279 -28.17280
 -28.17707 -28.17707 -28.17707 -28.17707 -28.17707
 -28.18478 -28.18478 -28.18478 -28.18478 -28.18478
================================================================================
 -60.00000 -60.00000 -60.00000 -60.00000 -60.00000
 -60.00000 -60.00000 -60.00000 -60.00000 -60.00000
 -60.00000 -60.00000 -60.00000 -60.00000 -60.00000
 -60.00000 -60.00000 -60.00000 -60.00000 -60.00000
 -59.99999 -59.99999 -60.00000 -60.00000 -60.00000
 -59.99981 -59.99986 -59.99989 -59.99992 -59.99994
 -59.99766 -59.99821 -59.99865 -59.99899 -59.99925
 -59.98365 -59.98741 -59.99046 -59.99286 -59.99471
 -59.93054 -59.94574 -59.95838 -59.96856 -59.97653
 -59.81085 -59.84797 -59.88042 -59.90771 -59.92990
 -59.52282 -59.56813 -59.60855 -59.64318 -59.67181
 -54.34684 -54.34684 -54.34684 -54.34684 -54.34684
 -49.69702 -49.69702 -49.69702 -49.69702 -49.69702
 -45.96519 -45.96519 -45.96519 -45.96519 -45.96519
 -42.96644 -42.96644 -42.96644 -42.96644 -42.96644
 -40.55077 -40.55077 -40.55077 -40.55077 -40.55077
 -38.59761 -38.59761 -38.59761 -38.59761 -38.59761
 -37.00977 -37.00977 -37.00977 -37.00977 -37.00977
 -35.70765 -35.70765 -35.70765 -35.70766 -35.70767
 -34.62930 -34.62930 -34.62930 -34.62932 -34.62935
 -33.72398 -33.72398 -33.72398 -33.72404 -33.72411
 -32.95660 -32.95660 -32.95660 -32.95669 -32.95689
 -32.29817 -32.29817 -32.29817 -32.29834 -32.29871
 -31.73507 -31.73507 -31.73507 -31.73534 -31.73592
 -31.25006 -31.25006 -31.25006 -31.25043 -31.25123
 -30.83061 -30.83061 -30.83061 -30.83107 -30.83172
 -30.46529 -30.46529 -30.46529 -30.46565 -30.46655
 -30.13884 -30.13884 -30.13884 -30.13922 -30.14018
 -29.85062 -29.85062 -29.85062 -29.85100 -29.85195
 -29.59855 -29.59855 -29.59855 -29.59890 -29.59980
 -29.36923 -29.36923 -29.36923 -29.36956 -29.37039
 -29.17318 -29.17318 -29.17318 -29.17335 -29.17395
 -28.98938 -28.98938 -28.98938 -28.98954 -28.99007
 -28.83261 -28.83261 -28.83261 -28.83274 -28.83319
 -28.69160 -28.69160 -28.69160 -28.69172 -28.69210
 -28.56939 -28.56939 -28.56939 -28.56944 -28.56981
 -28.46818 -28.46818 -28.46818 -28.46822 -28.46851
 -28.37781 -28.37781 -28.37781 -28.37784 -28.37801
 -28.30165 -28.30165 -28.30165 -28.30168 -28.30182
 -28.23862 -28.23862 -28.23862 -28.23862 -28.23876
 -28.18754 -28.18754 -28.18754 -28.18754 -28.18764
 -28.14715 -28.14715 -28.14715 -28.14715 -28.14724
 -28.11626 -28.11626 -28.11626 -28.11626 -28.11631
 -28.09367 -28.09367 -28.09367 -28.09367 -28.09371
 -28.07830 -28.07830 -28.07830 -28.07830 -28.07833
 -28.06920 -28.06920 -28.06920 -28.06920 -28.06922
 -28.06554 -28.06554 -28.06554 -28.06554 -28.06556
 -28.06659 -28.06659 -28.06659 -28.06659 -28.06660
 -28.07164 -28.07164 -28.07164 -28.07164 -28.07165
 -28.07998 -28.07998 -28.07998 -28.07998 -28.07998
================================================================================
 -60.00000 -60.00000 -60.00000 -60.00000 -60.00000
 -60.00000 -60.00000 -60.00000 -60.00000 -60.00000
 -60.00000 -60.00000 -60.00000 -60.00000 -60.00000
 -60.00000 -60.00000 -60.00000 -60.00000 -60.00000
 -59.99985 -59.99989 -59.99991 -59.99994 -59.99995
 -59.99786 -59.99835 -59.99875 -59.99907 -59.99931
 -59.98320 -59.98701 -59.99012 -59.99259 -59.99450
 -59.92234 -59.93899 -59.95298 -59.96434 -59.97330
 -59.77880 -59.82042 -59.85745 -59.88910 -59.91518
 -59.57507 -59.64182 -59.70493 -59.76224 -59.81232
 -57.52651 -57.52759 -57.52848 -57.52918 -57.52972
 -52.20721 -52.20721 -52.20721 -52.20721 -52.20721
 -47.93657 -47.93657 -47.93657 -47.93657 -47.93657
 -44.50878 -44.50878 -44.50878 -44.50878 -44.50878
 -41.75385 -41.75385 -41.75385 -41.75385 -41.75385
 -39.53370 -39.53370 -39.53370 -39.53370 -39.53370
 -37.73742 -37.73742 -37.73742 -37.73742 -37.73742
 -36.27563 -36.27563 -36.27563 -36.27563 -36.27563
 -35.07522 -35.07522 -35.07522 -35.07522 -35.07523
 -34.07957 -34.07957 -34.07957 -34.07958 -34.07959
 -33.24237 -33.24237 -33.24237 -33.24239 -33.24242
 -32.53211 -32.53211 -32.53211 -32.53215 -32.53224
 -31.92249 -31.92249 -31.92249 -31.92257 -31.92276
 -31.40187 -31.40187 -31.40187 -31.40200 -31.40234
 -30.95423 -30.95423 -30.95423 -30.95442 -30.95492
 -30.56773 -30.56773 -30.56773 -30.56789 -30.56844
 -30.23133 -30.23133 -30.23133 -30.23153 -30.23219
 -29.92928 -29.92928 -29.92928 -29.92950 -29.93024
 -29.66173 -29.66173 -29.66173 -29.66196 -29.66273
 -29.42755 -29.42755 -29.42755 -29.42766 -29.42854
 -29.21216 -29.21216 -29.21216 -29.21226 -29.21310
 -29.02899 -29.02899 -29.02899 -29.02908 -29.02962
 -28.85361 -28.85361 -28.85361 -28.85369 -28.85419
 -28.70472 -28.70472 -28.70472 -28.70479 -28.70521
 -28.56927 -28.56927 -28.56927 -28.56927 -28.56970
 -28.45165 -28.45165 -28.45165 -28.45165 -28.45202
 -28.35528 -28.35528 -28.35528 -28.35528 -28.35549
 -28.26790 -28.26790 -28.26790 -28.26790 -28.26808
 -28.19424 -28.19424 -28.19424 -28.19424 -28.19438
 -28.13333 -28.13333 -28.13333 -28.13333 -28.13344
 -28.08409 -28.08409 -28.08409 -28.08409 -28.08418
 -28.04534 -28.04534 -28.04534 -28.04534 -28.04539
 -28.01590 -28.01590 -28.01590 -28.01590 -28.01594
 -27.99461 -27.99461 -27.99461 -27.99461 -27.99464
 -27.98039 -27.98039 -27.98039 -27.98039 -27.98041
 -27.97231 -27.97231 -27.97231 -27.97231 -27.97233
 -27.96957 -27.96957 -27.96957 -27.96957 -27.96958
 -27.97145 -27.97145 -27.97145 -27.97145 -27.97146
 -27.97723 -27.97723 -27.97723 -27.97723 -27.97724
 -27.98616 -27.98616 -27.98616 -27.98616 -27.98616
================================================================================
 -55.63683 -55.75079 -55.87159 -55.99784 -56.12834
 -53.92396 -54.03756 -54.15807 -54.28410 -54.41443
 -52.57792 -52.69115 -52.81136 -52.93716 -53.06731
 -51.52606 -51.63892 -51.75883 -51.88438 -52.01435
 -50.71009 -50.82257 -50.94217 -51.06749 -51.19727
 -50.08327 -50.19538 -50.31467 -50.43975 -50.56934
 -49.60814 -49.71987 -49.83885 -49.96368 -50.09308
 -49.25465 -49.36599 -49.48466 -49.60924 -49.73844
 -48.99870 -49.10965 -49.22800 -49.35232 -49.48133
 -48.82096 -48.93152 -49.04955 -49.17362 -49.30243
 -48.70594 -48.81610 -48.93381 -49.05761 -49.18622
 -48.51565 -48.59513 -48.67366 -48.74842 -48.81702
 -45.41361 -45.41367 -45.41372 -45.41376 -45.41379
 -42.44217 -42.44217 -42.44217 -42.44217 -42.44217
 -40.05296 -40.05296 -40.05296 -40.05296 -40.05296
 -38.12607 -38.12607 -38.12607 -38.12607 -38.12607
 -36.56501 -36.56501 -36.56501 -36.56501 -36.56501
 -35.29205 -35.29205 -35.29205 -35.29205 -35.29205
 -34.24358 -34.24358 -34.24358 -34.24358 -34.24358
 -33.37079 -33.37079 -33.37079 -33.37079 -33.37080
 -32.63379 -32.63379 -32.63379 -32.63380 -32.63381
 -32.00623 -32.00623 -32.00623 -32.00624 -32.00627
 -31.46579 -31.46579 -31.46579 -31.46581 -31.46589
 -31.00388 -31.00388 -31.00388 -31.00393 -31.00409
 -30.60660 -30.60660 -30.60660 -30.60664 -30.60695
 -30.26361 -30.26361 -30.26361 -30.26366 -30.26412
 -29.96484 -29.96484 -29.96484 -29.96491 -29.96535
 -29.69453 -29.69453 -29.69453 -29.69461 -29.69513
 -29.45383 -29.45383 -29.45383 -29.45383 -29.45451
 -29.24282 -29.24282 -29.24282 -29.24282 -29.24352
 -29.04573 -29.04573 -29.04573 -29.04573 -29.04643
 -28.87931 -28.87931 -28.87931 -28.87931 -28.87978
 -28.71525 -28.71525 -28.71525 -28.71525 -28.71569
 -28.57679 -28.57679 -28.57679 -28.57679 -28.57719
 -28.44882 -28.44882 -28.44882 -28.44882 -28.44916
 -28.33734 -28.33734 -28.33734 -28.33734 -28.33764
 -28.24732 -28.24732 -28.24732 -28.24732 -28.24749
 -28.16391 -28.16391 -28.16391 -28.16391 -28.16405
 -28.09347 -28.09347 -28.09347 -28.09347 -28.09359
 -28.03527 -28.03527 -28.03527 -28.03527 -28.03536
 -27.98833 -27.98833 -27.98833 -27.98833 -27.98841
 -27.95156 -27.95156 -27.95156 -27.95156 -27.95160
 -27.92384 -27.92384 -27.92384 -27.92384 -27.92387
 -27.90403 -27.90403 -27.90403 -27.90403 -27.90405
 -27.89109 -27.89109 -27.89109 -27.89109 -27.89111
 -27.88412 -27.88412 -27.88412 -27.88412 -27.88413
 -27.88236 -27.88236 -27.88236 -27.88236 -27.88237
 -27.88512 -27.88512 -27.88512 -27.88512 -27.88512
 -27.89167 -27.89167 -27.89167 -27.89167 -27.89167
 -27.90119 -27.90119 -27.90119 -27.90119 -27.90119
================================================================================
 -60.00000 -60.00000 -60.00000 -60.00000 -60.00000
 -60.00000 -60.00000 -60.00000 -60.00000 -60.00000
 -60.00000 -60.00000 -60.00000 -60.00000 -60.00000
 -60.00000 -60.00000 -60.00000 -60.00000 -60.00000
 -60.00000 -60.00000 -60.00000 -60.00000 -60.00000
 -60.00000 -60.00000 -60.00000 -60.00000 -60.00000
 -60.00000 -60.00000 -60.00000 -60.00000 -60.00000
 -60.00000 -60.00000 -60.00000 -60.00000 -60.00000
 -59.99958 -59.99958 -59.99958 -59.99958 -59.99958
 -56.52055 -56.52055 -56.52055 -56.52055 -56.52055
 -51.31595 -51.31595 -51.31595 -51.31595 -51.31595
 -47.14420 -47.14420 -47.14420 -47.14420 -47.14420
 -43.79874 -43.79874 -43.79874 -43.79874 -43.79874
 -41.11283 -41.11283 -41.11283 -41.11283 -41.11283
 -38.95280 -38.95280 -38.95280 -38.95280 -38.95280
 -37.20968 -37.20968 -37.20968 -37.20968 -37.20968
 -35.79600 -35.79600 -35.79600 -35.79600 -35.79600
 -34.64124 -34.64124 -34.64124 -34.64124 -34.64124
 -33.68765 -33.68765 -33.68765 -33.68765 -33.68765
 -32.89087 -32.89087 -32.89087 -32.89087 -32.89087
 -32.20976 -32.20976 -32.20977 -32.20978 -32.20981
 -31.58511 -31.58513 -31.58518 -31.58527 -31.58545
 -30.91560 -30.91568 -30.91583 -30.91612 -30.91671
 -30.20477 -30.20490 -30.20514 -30.20563 -30.20658
 -29.55917 -29.55932 -29.55961 -29.56018 -29.56129
 -29.03331 -29.03347 -29.03377 -29.03436 -29.03552
 -28.62706 -28.62722 -28.62752 -28.62811 -28.62926
 -28.32349 -28.32364 -28.32394 -28.32451 -28.32564
 -28.10479 -28.10494 -28.10522 -28.10578 -28.10688
 -27.95461 -27.95476 -27.95503 -27.95557 -27.95663
 -27.85756 -27.85769 -27.85796 -27.85846 -27.85949
 -27.80313 -27.80326 -27.80350 -27.80398 -27.80495
 -27.77720 -27.77732 -27.77755 -27.77799 -27.77889
 -27.77339 -27.77350 -27.77371 -27.77411 -27.77495
 -27.78032 -27.78042 -27.78060 -27.78096 -27.78172
 -27.79195 -27.79204 -27.79219 -27.79250 -27.79317
 -27.80606 -27.80613 -27.80626 -27.80651 -27.80705
 -27.81252 -27.81257 -27.81268 -27.81288 -27.81331
 -27.81334 -27.81338 -27.81346 -27.81361 -27.81396
 -27.80951 -27.80954 -27.80960 -27.80972 -27.80998
 -27.80296 -27.80298 -27.80302 -27.80311 -27.80329
 -27.79569 -27.79570 -27.79573 -27.79579 -27.79592
 -27.78933 -27.78934 -27.78936 -27.78940 -27.78950
 -27.78497 -27.78498 -27.78500 -27.78503 -27.78509
 -27.78324 -27.78325 -27.78326 -27.78328 -27.78332
 -27.78445 -27.78446 -27.78447 -27.78448 -27.78451
 -27.78872 -27.78873 -27.78873 -27.78874 -27.78876
 -27.79599 -27.79599 -27.79599 -27.79600 -27.79602
 -27.80592 -27.80592 -27.80592 -27.80593 -27.80594
 -27.81795 -27.81795 -27.81795 -27.81796 -27.81797
================================================================================
 -25.93648 -25.93648 -25.93648 -25.96543 -25.99178
 -25.98610 -25.98610 -25.98610 -26.00769 -26.04058
 -26.03603 -26.03603 -26.03603 -26.05717 -26.08957
 -26.08631 -26.08631 -26.08631 -26.10693 -26.13878
 -26.13697 -26.13697 -26.13697 -26.15703 -26.18824
 -26.18805 -26.18805 -26.18805 -26.20750 -26.22885
 -26.23958 -26.23958 -26.23958 -26.25294 -26.27916
 -26.29160 -26.29160 -26.29160 -26.30446 -26.32987
 -26.34414 -26.34414 -26.34414 -26.35647 -26.38103
 -26.39723 -26.39723 -26.39723 -26.40901 -26.43266
 -26.45091 -26.45091 -26.45091 -26.46211 -26.48481
 -26.50520 -26.50520 -26.50520 -26.51187 -26.53093
 -26.56014 -26.56014 -26.56014 -26.56639 -26.58447
 -26.61572 -26.61572 -26.61572 -26.62156 -26.63861
 -26.67197 -26.67197 -26.67197 -26.67738 -26.69337
 -26.72888 -26.72888 -26.72888 -26.73122 -26.74875
 -26.78642 -26.78642 -26.78642 -26.78855 -26.80475
 -26.84453 -26.84453 -26.84453 -26.84647 -26.85743
 -26.90316 -26.90316 -26.90316 -26.90491 -26.91489
 -26.96221 -26.96221 -26.96221 -26.96221 -26.97280
 -27.02156 -27.02156 -27.02156 -27.02156 -27.03108
 -27.08106 -27.08106 -27.08106 -27.08106 -27.08955
 -27.14047 -27.14047 -27.14047 -27.14047 -27.14601
 -27.19923 -27.19923 -27.19923 -27.19923 -27.20412
 -27.25523 -27.25523 -27.25523 -27.25524 -27.25951
 -27.30228 -27.30228 -27.30229 -27.30230 -27.30596
 -27.32915 -27.32916 -27.32919 -27.32923 -27.33226
 -27.32646 -27.32648 -27.32653 -27.32662 -27.32834
 -27.29761 -27.29765 -27.29773 -27.29788 -27.29926
 -27.25822 -27.25827 -27.25837 -27.25857 -27.25971
 -27.22451 -27.22457 -27.22469 -27.22492 -27.22589
 -27.20602 -27.20608 -27.20621 -27.20646 -27.20731
 -27.20559 -27.20566 -27.20579 -27.20603 -27.20669
 -27.22202 -27.22208 -27.22221 -27.22245 -27.22307
 -27.25209 -27.25215 -27.25227 -27.25250 -27.25307
 -27.29182 -27.29187 -27.29198 -27.29220 -27.29272
 -27.33714 -27.33719 -27.33729 -27.33749 -27.33790
 -27.38437 -27.38442 -27.38450 -27.38467 -27.38504
 -27.43049 -27.43053 -27.43061 -27.43075 -27.43107
 -27.47337 -27.47340 -27.47346 -27.47359 -27.47385
 -27.51185 -27.51188 -27.51193 -27.51203 -27.51222
 -27.54565 -27.54567 -27.54571 -27.54579 -27.54594
 -27.57511 -27.57512 -27.57516 -27.57522 -27.57533
 -27.60095 -27.60096 -27.60098 -27.60103 -27.60112
 -27.62407 -27.62408 -27.62410 -27.62414 -27.62420
 -27.64551 -27.64551 -27.64553 -27.64555 -27.64560
 -27.66617 -27.66618 -27.66619 -27.66621 -27.66625
 -27.68656 -27.68657 -27.68657 -27.68659 -27.68661
 -27.70663 -27.70663 -27.70663 -27.70664 -27.70666
 -27.72603 -27.72603 -27.72603 -27.72604 -27.72606
================================================================================
 -25.64290 -25.64290 -25.64290 -25.65975 -25.68478
 -25.69198 -25.69198 -25.69198 -25.70853 -25.72598
 -25.74127 -25.74127 -25.74127 -25.75286 -25.77469
 -25.79081 -25.79081 -25.79081 -25.80212 -25.82355
 -25.84061 -25.84061 -25.84061 -25.85161 -25.87259
 -25.89071 -25.89071 -25.89071 -25.90138 -25.92185
 -25.94112 -25.94112 -25.94112 -25.95143 -25.97135
 -25.99188 -25.99188 -25.99188 -25.99817 -26.01540
 -26.04301 -26.04301 -26.04301 -26.04903 -26.06564
 -26.09452 -26.09452 -26.09452 -26.10026 -26.11622
 -26.14643 -26.14643 -26.14643 -26.15189 -26.16715
 -26.19876 -26.19876 -26.19876 -26.20120 -26.21846
 -26.25152 -26.25152 -26.25152 -26.25381 -26.27015
 -26.30471 -26.30471 -26.30471 -26.30685 -26.31833
 -26.35834 -26.35834 -26.35834 -26.36032 -26.37104
 -26.41240 -26.41240 -26.41240 -26.41240 -26.42415
 -26.46684 -26.46684 -26.46684 -26.46684 -26.47764
 -26.52164 -26.52164 -26.52164 -26.52164 -26.53149
 -26.57671 -26.57671 -26.57671 -26.57671 -26.58333
 -26.63199 -26.63199 -26.63199 -26.63199 -26.63793
 -26.68737 -26.68737 -26.68737 -26.68737 -26.69267
 -26.74271 -26.74271 -26.74271 -26.74271 -26.74741
 -26.79785 -26.79785 -26.79785 -26.79785 -26.80200
 -26.85262 -26.85262 -26.85262 -26.85262 -26.85514
 -26.90679 -26.90679 -26.90679 -26.90679 -26.90898
 -26.96014 -26.96014 -26.96014 -26.96014 -26.96204
 -27.01236 -27.01236 -27.01236 -27.01236 -27.01399
 -27.06316 -27.06316 -27.06316 -27.06316 -27.06456
 -27.11227 -27.11227 -27.11227 -27.11227 -27.11300
 -27.15926 -27.15926 -27.15926 -27.15926 -27.15988
 -27.20381 -27.20381 -27.20381 -27.20381 -27.20433
 -27.24556 -27.24556 -27.24556 -27.24556 -27.24599
 -27.28421 -27.28421 -27.28421 -27.28421 -27.28438
 -27.31953 -27.31953 -27.31953 -27.31953 -27.31967
 -27.35152 -27.35152 -27.35152 -27.35152 -27.35164
 -27.38037 -27.38037 -27.38037 -27.38037 -27.38047
 -27.40631 -27.40631 -27.40631 -27.40631 -27.40631
 -27.42987 -27.42987 -27.42987 -27.42987 -27.42987
 -27.45148 -27.45148 -27.45148 -27.45148 -27.45148
 -27.47166 -27.47166 -27.47166 -27.47166 -27.47166
 -27.49084 -27.49084 -27.49084 -27.49084 -27.49084
 -27.50943 -27.50943 -27.50943 -27.50943 -27.50943
 -27.52766 -27.52766 -27.52766 -27.52766 -27.52766
 -27.54572 -27.54572 -27.54572 -27.54572 -27.54572
 -27.56388 -27.56388 -27.56388 -27.56388 -27.56388
 -27.58254 -27.58254 -27.58254 -27.58254 -27.58254
 -27.60216 -27.60216 -27.60216 -27.60216 -27.60216
 -27.62255 -27.62255 -27.62255 -27.62255 -27.62255
 -27.64291 -27.64291 -27.64291 -27.64291 -27.64291
 -27.66224 -27.66224 -27.66224 -27.66224 -27.66224
