    4    5   50    1    4 F: Be 50. Si3N4 0.055 Si 0.7 A:Si 3. 200. 380.       
================================================================================
  11.00000  12.00000  13.00000  14.00000  15.00000
   0.00000   0.09590   0.19179   0.28769   0.38359   0.47949   0.57538   0.67128
   0.76718   0.86308   0.95897   1.05487   1.15077   1.24667   1.34256   1.43846
   1.53436   1.63025   1.72615   1.82205   1.91795   2.01384   2.10974   2.20564
   2.30154   2.39743   2.49333   2.58923   2.68513   2.78102   2.87692   2.97282
   3.06872   3.16461   3.26051   3.35641   3.45230   3.54820   3.64410   3.74000
   3.83589   3.93179   4.02769   4.12359   4.21948   4.31538   4.41128   4.50718
   4.60307   4.69897
================================================================================
 -59.99658 -59.99751 -59.99819 -59.99869 -59.99905
 -59.99462 -59.99608 -59.99715 -59.99794 -59.99851
 -59.99270 -59.99468 -59.99614 -59.99721 -59.99798
 -59.99115 -59.99357 -59.99535 -59.99664 -59.99758
 -59.99014 -59.99287 -59.99486 -59.99630 -59.99734
 -59.98965 -59.99256 -59.99469 -59.99621 -59.99729
 -59.98961 -59.99261 -59.99477 -59.99630 -59.99738
 -59.98995 -59.99292 -59.99506 -59.99655 -59.99758
 -59.99059 -59.99344 -59.99548 -59.99688 -59.99784
 -59.99146 -59.99410 -59.99598 -59.99727 -59.99813
 -59.99248 -59.99485 -59.99653 -59.99767 -59.99842
 -59.99357 -59.99562 -59.99707 -59.99805 -59.99869
 -59.22902 -59.22931 -59.22952 -59.22967 -59.22976
 -54.86928 -54.86929 -54.86929 -54.86930 -54.86930
 -51.15897 -51.15899 -51.15907 -51.15917 -51.15917
 -47.99550 -47.99557 -47.99591 -47.99632 -47.99632
 -45.29810 -45.29827 -45.29902 -45.29995 -45.29995
 -43.00752 -43.00777 -43.00888 -43.00888 -43.01026
 -41.07071 -41.07100 -41.07147 -41.07228 -41.07388
 -39.43473 -39.43521 -39.43567 -39.43647 -39.43805
 -38.05087 -38.05131 -38.05172 -38.05244 -38.05386
 -36.87803 -36.87840 -36.87875 -36.87936 -36.88056
 -35.88277 -35.88307 -35.88336 -35.88386 -35.88484
 -35.03863 -35.03887 -35.03910 -35.03950 -35.04028
 -34.32245 -34.32263 -34.32281 -34.32312 -34.32373
 -33.71377 -33.71391 -33.71405 -33.71429 -33.71476
 -33.19431 -33.19442 -33.19453 -33.19471 -33.19506
 -32.74808 -32.74816 -32.74824 -32.74838 -32.74865
 -32.36240 -32.36243 -32.36253 -32.36263 -32.36283
 -32.02714 -32.02717 -32.02724 -32.02732 -32.02747
 -31.73407 -31.73410 -31.73415 -31.73421 -31.73432
 -31.47747 -31.47749 -31.47753 -31.47757 -31.47764
 -31.25194 -31.25195 -31.25198 -31.25201 -31.25207
 -31.05405 -31.05406 -31.05408 -31.05410 -31.05415
 -30.88039 -30.88039 -30.88041 -30.88043 -30.88046
 -30.72845 -30.72846 -30.72846 -30.72848 -30.72850
 -30.59617 -30.59617 -30.59617 -30.59618 -30.59620
 -30.48150 -30.48151 -30.48151 -30.48152 -30.48152
 -30.38301 -30.38301 -30.38301 -30.38302 -30.38302
 -30.29926 -30.29926 -30.29926 -30.29926 -30.29927
 -30.22894 -30.22894 -30.22894 -30.22894 -30.22894
 -30.17080 -30.17080 -30.17080 -30.17080 -30.17080
 -30.12363 -30.12363 -30.12363 -30.12364 -30.12364
 -30.08631 -30.08631 -30.08631 -30.08632 -30.08632
 -30.05776 -30.05776 -30.05776 -30.05776 -30.05776
 -30.03698 -30.03698 -30.03698 -30.03698 -30.03698
 -30.02304 -30.02304 -30.02304 -30.02304 -30.02304
 -30.01513 -30.01513 -30.01513 -30.01513 -30.01513
 -30.01248 -30.01248 -30.01248 -30.01248 -30.01248
 -30.01444 -30.01444 -30.01444 -30.01444 -30.01444
================================================================================
 -60.00000 -60.00000 -60.00000 -60.00000 -60.00000
 -60.00000 -60.00000 -60.00000 -60.00000 -60.00000
 -60.00000 -60.00000 -60.00000 -60.00000 -60.00000
 -60.00000 -60.00000 -60.00000 -60.00000 -60.00000
 -60.00000 -60.00000 -60.00000 -60.00000 -60.00000
 -60.00000 -60.00000 -60.00000 -60.00000 -60.00000
 -60.00000 -60.00000 -60.00000 -60.00000 -60.00000
 -60.00000 -60.00000 -60.00000 -60.00000 -60.00000
 -60.00000 -60.00000 -60.00000 -60.00000 -60.00000
 -60.00000 -60.00000 -60.00000 -60.00000 -60.00000
 -59.99999 -59.99999 -60.00000 -60.00000 -60.00000
 -59.99992 -59.99994 -59.99995 -59.99997 -59.99998
 -58.47692 -58.47693 -58.47693 -58.47693 -58.47694
 -54.11194 -54.11195 -54.11196 -54.11198 -54.11201
 -50.38422 -50.38427 -50.38438 -50.38462 -50.38488
 -47.17704 -47.17724 -47.17763 -47.17854 -47.17953
 -44.42715 -44.42769 -44.42847 -44.43027 -44.43223
 -42.10330 -42.10405 -42.10512 -42.10761 -42.11031
 -40.15804 -40.15889 -40.16012 -40.16120 -40.16602
 -38.53166 -38.53253 -38.53378 -38.53489 -38.53978
 -37.16639 -37.16722 -37.16841 -37.16947 -37.17411
 -36.01602 -36.01677 -36.01785 -36.01881 -36.02300
 -35.04345 -35.04383 -35.04507 -35.04591 -35.04725
 -34.22166 -34.22209 -34.22267 -34.22387 -34.22501
 -33.52666 -33.52703 -33.52751 -33.52851 -33.52947
 -32.93771 -32.93801 -32.93841 -32.93923 -32.94002
 -32.43646 -32.43670 -32.43702 -32.43768 -32.43832
 -32.00630 -32.00650 -32.00676 -32.00730 -32.00781
 -31.63546 -31.63562 -31.63583 -31.63626 -31.63667
 -31.31421 -31.31436 -31.31452 -31.31485 -31.31517
 -31.03346 -31.03353 -31.03370 -31.03397 -31.03422
 -30.78888 -30.78893 -30.78906 -30.78925 -30.78943
 -30.57329 -30.57334 -30.57344 -30.57350 -30.57374
 -30.38497 -30.38501 -30.38508 -30.38513 -30.38530
 -30.21963 -30.21966 -30.21969 -30.21975 -30.21989
 -30.07526 -30.07528 -30.07531 -30.07535 -30.07546
 -29.95013 -29.95014 -29.95016 -29.95019 -29.95027
 -29.84149 -29.84150 -29.84152 -29.84154 -29.84160
 -29.74836 -29.74837 -29.74838 -29.74840 -29.74845
 -29.66938 -29.66938 -29.66939 -29.66941 -29.66942
 -29.60327 -29.60327 -29.60328 -29.60329 -29.60330
 -29.54882 -29.54882 -29.54883 -29.54883 -29.54884
 -29.50488 -29.50488 -29.50488 -29.50489 -29.50489
 -29.47034 -29.47035 -29.47035 -29.47035 -29.47036
 -29.44419 -29.44419 -29.44419 -29.44419 -29.44419
 -29.42545 -29.42545 -29.42545 -29.42545 -29.42545
 -29.41324 -29.41324 -29.41324 -29.41324 -29.41325
 -29.40678 -29.40678 -29.40679 -29.40679 -29.40679
 -29.40536 -29.40536 -29.40536 -29.40536 -29.40536
 -29.40832 -29.40832 -29.40832 -29.40832 -29.40833
================================================================================
 -60.00000 -60.00000 -60.00000 -60.00000 -60.00000
 -60.00000 -60.00000 -60.00000 -60.00000 -60.00000
 -60.00000 -60.00000 -60.00000 -60.00000 -60.00000
 -60.00000 -60.00000 -60.00000 -60.00000 -60.00000
 -60.00000 -60.00000 -60.00000 -60.00000 -60.00000
 -60.00000 -60.00000 -60.00000 -60.00000 -60.00000
 -60.00000 -60.00000 -60.00000 -60.00000 -60.00000
 -60.00000 -60.00000 -60.00000 -60.00000 -60.00000
 -60.00000 -60.00000 -60.00000 -60.00000 -60.00000
 -60.00000 -60.00000 -60.00000 -60.00000 -60.00000
 -60.00000 -60.00000 -60.00000 -60.00000 -60.00000
 -59.99954 -59.99954 -59.99954 -59.99954 -59.99954
 -56.81519 -56.81519 -56.81519 -56.81519 -56.81519
 -51.90273 -51.90273 -51.90273 -51.90273 -51.90273
 -47.94586 -47.94586 -47.94586 -47.94587 -47.94587
 -44.75939 -44.75939 -44.75940 -44.75941 -44.75943
 -42.18618 -42.18618 -42.18620 -42.18623 -42.18629
 -40.09848 -40.09850 -40.09854 -40.09860 -40.09866
 -38.39219 -38.39224 -38.39232 -38.39245 -38.39256
 -36.98597 -36.98605 -36.98620 -36.98641 -36.98660
 -35.81420 -35.81433 -35.81455 -35.81486 -35.81514
 -34.83041 -34.83058 -34.83075 -34.83130 -34.83167
 -33.99736 -33.99750 -33.99778 -33.99814 -33.99890
 -33.29373 -33.29392 -33.29423 -33.29465 -33.29551
 -32.69704 -32.69725 -32.69758 -32.69802 -32.69893
 -32.18978 -32.18999 -32.19032 -32.19076 -32.19167
 -31.75626 -31.75646 -31.75678 -31.75720 -31.75807
 -31.37919 -31.37937 -31.37966 -31.38006 -31.38086
 -31.05241 -31.05254 -31.05286 -31.05321 -31.05394
 -30.76981 -30.76993 -30.77011 -30.77051 -30.77114
 -30.51858 -30.51868 -30.51884 -30.51918 -30.51972
 -30.30276 -30.30284 -30.30296 -30.30324 -30.30342
 -30.10609 -30.10617 -30.10627 -30.10641 -30.10665
 -29.93655 -29.93661 -29.93670 -29.93680 -29.93700
 -29.78534 -29.78537 -29.78546 -29.78554 -29.78571
 -29.65333 -29.65336 -29.65343 -29.65349 -29.65363
 -29.54101 -29.54103 -29.54106 -29.54113 -29.54123
 -29.44124 -29.44126 -29.44129 -29.44134 -29.44141
 -29.35571 -29.35573 -29.35575 -29.35579 -29.35585
 -29.28329 -29.28330 -29.28331 -29.28335 -29.28339
 -29.22285 -29.22286 -29.22287 -29.22290 -29.22293
 -29.17329 -29.17329 -29.17331 -29.17332 -29.17335
 -29.13353 -29.13353 -29.13354 -29.13355 -29.13357
 -29.10253 -29.10253 -29.10254 -29.10255 -29.10255
 -29.07934 -29.07934 -29.07935 -29.07935 -29.07936
 -29.06308 -29.06308 -29.06308 -29.06308 -29.06309
 -29.05293 -29.05293 -29.05294 -29.05294 -29.05294
 -29.04817 -29.04817 -29.04818 -29.04818 -29.04818
 -29.04812 -29.04812 -29.04812 -29.04812 -29.04813
 -29.05217 -29.05217 -29.05217 -29.05217 -29.05217
================================================================================
 -60.00000 -60.00000 -60.00000 -60.00000 -60.00000
 -60.00000 -60.00000 -60.00000 -60.00000 -60.00000
 -60.00000 -60.00000 -60.00000 -60.00000 -60.00000
 -60.00000 -60.00000 -60.00000 -60.00000 -60.00000
 -60.00000 -60.00000 -60.00000 -60.00000 -60.00000
 -60.00000 -60.00000 -60.00000 -60.00000 -60.00000
 -60.00000 -60.00000 -60.00000 -60.00000 -60.00000
 -60.00000 -60.00000 -60.00000 -60.00000 -60.00000
 -60.00000 -60.00000 -60.00000 -60.00000 -60.00000
 -60.00000 -60.00000 -60.00000 -60.00000 -60.00000
 -60.00000 -60.00000 -60.00000 -60.00000 -60.00000
 -59.62086 -59.62086 -59.62086 -59.62086 -59.62086
 -54.19195 -54.19195 -54.19195 -54.19195 -54.19195
 -49.64722 -49.64722 -49.64722 -49.64722 -49.64722
 -45.99664 -45.99664 -45.99664 -45.99664 -45.99664
 -43.05824 -43.05824 -43.05824 -43.05824 -43.05824
 -40.68584 -40.68584 -40.68584 -40.68585 -40.68585
 -38.76171 -38.76171 -38.76171 -38.76172 -38.76173
 -37.19010 -37.19011 -37.19012 -37.19014 -37.19016
 -35.89656 -35.89657 -35.89660 -35.89663 -35.89669
 -34.82087 -34.82090 -34.82093 -34.82100 -34.82111
 -33.92078 -33.92083 -33.92089 -33.92101 -33.92118
 -33.16173 -33.16180 -33.16188 -33.16206 -33.16231
 -32.52511 -32.52517 -32.52530 -32.52554 -32.52587
 -31.98943 -31.98950 -31.98967 -31.98995 -31.99036
 -31.53806 -31.53815 -31.53834 -31.53867 -31.53914
 -31.15576 -31.15586 -31.15606 -31.15627 -31.15692
 -30.82323 -30.82333 -30.82348 -30.82375 -30.82413
 -30.53661 -30.53668 -30.53685 -30.53713 -30.53750
 -30.29180 -30.29187 -30.29203 -30.29229 -30.29265
 -30.07160 -30.07166 -30.07181 -30.07205 -30.07238
 -29.88782 -29.88787 -29.88801 -29.88822 -29.88851
 -29.71307 -29.71312 -29.71324 -29.71343 -29.71369
 -29.56621 -29.56623 -29.56632 -29.56652 -29.56674
 -29.43224 -29.43226 -29.43233 -29.43244 -29.43269
 -29.31559 -29.31561 -29.31567 -29.31576 -29.31597
 -29.22011 -29.22013 -29.22017 -29.22024 -29.22041
 -29.13162 -29.13163 -29.13167 -29.13173 -29.13186
 -29.05576 -29.05577 -29.05580 -29.05585 -29.05591
 -28.99170 -28.99170 -28.99172 -28.99177 -28.99182
 -28.93851 -28.93851 -28.93852 -28.93856 -28.93860
 -28.89518 -28.89518 -28.89520 -28.89522 -28.89525
 -28.86075 -28.86075 -28.86076 -28.86077 -28.86080
 -28.83424 -28.83424 -28.83425 -28.83426 -28.83428
 -28.81478 -28.81478 -28.81479 -28.81480 -28.81481
 -28.80161 -28.80161 -28.80162 -28.80162 -28.80163
 -28.79403 -28.79403 -28.79403 -28.79403 -28.79404
 -28.79137 -28.79137 -28.79137 -28.79137 -28.79138
 -28.79300 -28.79300 -28.79300 -28.79300 -28.79300
 -28.79827 -28.79827 -28.79827 -28.79827 -28.79827
