    5    5   50    1    5 F: Be 50. Si3N4 0.055 Si 0.7 A:Si 3. 200. 380.       
================================================================================
  11.00000  12.00000  13.00000  14.00000  15.00000
   0.00000   0.09590   0.19179   0.28769   0.38359   0.47949   0.57538   0.67128
   0.76718   0.86308   0.95897   1.05487   1.15077   1.24667   1.34256   1.43846
   1.53436   1.63025   1.72615   1.82205   1.91795   2.01384   2.10974   2.20564
   2.30154   2.39743   2.49333   2.58923   2.68513   2.78102   2.87692   2.97282
   3.06872   3.16461   3.26051   3.35641   3.45230   3.54820   3.64410   3.74000
   3.83589   3.93179   4.02769   4.12359   4.21948   4.31538   4.41128   4.50718
   4.60307   4.69897
================================================================================
 -59.99992 -59.99994 -59.99996 -59.99997 -59.99998
 -59.99964 -59.99974 -59.99981 -59.99986 -59.99990
 -59.99888 -59.99919 -59.99941 -59.99958 -59.99969
 -59.99739 -59.99811 -59.99863 -59.99901 -59.99929
 -59.99507 -59.99644 -59.99743 -59.99816 -59.99867
 -59.99208 -59.99432 -59.99594 -59.99710 -59.99793
 -59.98880 -59.99203 -59.99437 -59.99603 -59.99719
 -59.98565 -59.98990 -59.99296 -59.99510 -59.99657
 -59.98310 -59.98823 -59.99191 -59.99445 -59.99616
 -59.98149 -59.98724 -59.99134 -59.99414 -59.99601
 -59.98099 -59.98699 -59.99128 -59.99418 -59.99608
 -59.98153 -59.98745 -59.99167 -59.99450 -59.99635
 -59.22699 -59.22796 -59.22864 -59.22909 -59.22938
 -54.86944 -54.86945 -54.86945 -54.86946 -54.86946
 -51.16036 -51.16038 -51.16046 -51.16056 -51.16056
 -48.00075 -48.00082 -48.00116 -48.00158 -48.00158
 -45.30907 -45.30924 -45.31001 -45.31097 -45.31097
 -43.02296 -43.02322 -43.02437 -43.02437 -43.02581
 -41.08780 -41.08811 -41.08859 -41.08944 -41.09110
 -39.45107 -39.45157 -39.45205 -39.45288 -39.45451
 -38.06525 -38.06570 -38.06613 -38.06687 -38.06834
 -36.89005 -36.89043 -36.89079 -36.89142 -36.89265
 -35.89257 -35.89288 -35.89317 -35.89368 -35.89468
 -35.04643 -35.04667 -35.04691 -35.04731 -35.04810
 -34.32856 -34.32875 -34.32894 -34.32925 -34.32987
 -33.71851 -33.71865 -33.71879 -33.71904 -33.71951
 -33.19794 -33.19805 -33.19816 -33.19834 -33.19870
 -32.75089 -32.75097 -32.75105 -32.75119 -32.75146
 -32.36455 -32.36458 -32.36467 -32.36478 -32.36498
 -32.02874 -32.02877 -32.02884 -32.02892 -32.02907
 -31.73529 -31.73532 -31.73537 -31.73543 -31.73554
 -31.47834 -31.47836 -31.47840 -31.47844 -31.47852
 -31.25261 -31.25262 -31.25265 -31.25268 -31.25274
 -31.05455 -31.05455 -31.05458 -31.05460 -31.05464
 -30.88076 -30.88077 -30.88079 -30.88080 -30.88083
 -30.72874 -30.72874 -30.72875 -30.72876 -30.72879
 -30.59636 -30.59636 -30.59636 -30.59638 -30.59639
 -30.48165 -30.48165 -30.48165 -30.48166 -30.48166
 -30.38312 -30.38312 -30.38312 -30.38313 -30.38313
 -30.29934 -30.29934 -30.29934 -30.29934 -30.29935
 -30.22900 -30.22900 -30.22900 -30.22900 -30.22900
 -30.17084 -30.17084 -30.17084 -30.17084 -30.17084
 -30.12366 -30.12366 -30.12366 -30.12366 -30.12367
 -30.08633 -30.08633 -30.08634 -30.08634 -30.08634
 -30.05778 -30.05778 -30.05778 -30.05778 -30.05778
 -30.03699 -30.03699 -30.03699 -30.03699 -30.03699
 -30.02305 -30.02305 -30.02305 -30.02305 -30.02305
 -30.01513 -30.01513 -30.01513 -30.01513 -30.01513
 -30.01248 -30.01248 -30.01248 -30.01248 -30.01248
 -30.01444 -30.01444 -30.01444 -30.01444 -30.01444
================================================================================
 -59.99518 -59.99646 -59.99742 -59.99812 -59.99864
 -59.98873 -59.99171 -59.99394 -59.99559 -59.99680
 -59.97920 -59.98465 -59.98874 -59.99179 -59.99403
 -59.96816 -59.97642 -59.98266 -59.98733 -59.99078
 -59.95788 -59.96869 -59.97692 -59.98310 -59.98769
 -59.94995 -59.96264 -59.97241 -59.97980 -59.98530
 -59.94452 -59.95836 -59.96919 -59.97748 -59.98370
 -59.94062 -59.95502 -59.96663 -59.97574 -59.98263
 -59.93721 -59.95179 -59.96409 -59.97409 -59.98174
 -59.93409 -59.94860 -59.96151 -59.97243 -59.98093
 -59.93195 -59.94612 -59.95941 -59.97110 -59.98034
 -59.93173 -59.94523 -59.95850 -59.97056 -59.98023
 -58.47478 -58.47520 -58.47563 -58.47602 -58.47632
 -54.11154 -54.11155 -54.11156 -54.11158 -54.11161
 -50.38282 -50.38287 -50.38297 -50.38321 -50.38348
 -47.17664 -47.17684 -47.17723 -47.17814 -47.17913
 -44.43194 -44.43249 -44.43327 -44.43509 -44.43708
 -42.11461 -42.11537 -42.11648 -42.11903 -42.12180
 -40.17424 -40.17513 -40.17640 -40.17753 -40.18253
 -38.55028 -38.55119 -38.55250 -38.55366 -38.55877
 -37.18535 -37.18622 -37.18747 -37.18857 -37.19342
 -36.03387 -36.03465 -36.03578 -36.03677 -36.04115
 -35.05947 -35.05986 -35.06115 -35.06202 -35.06341
 -34.23548 -34.23593 -34.23653 -34.23776 -34.23894
 -33.53826 -33.53863 -33.53913 -33.54016 -33.54114
 -32.94721 -32.94751 -32.94792 -32.94876 -32.94956
 -32.44406 -32.44431 -32.44464 -32.44531 -32.44596
 -32.01237 -32.01257 -32.01283 -32.01338 -32.01390
 -31.64022 -31.64038 -31.64059 -31.64103 -31.64144
 -31.31783 -31.31797 -31.31814 -31.31847 -31.31879
 -31.03624 -31.03631 -31.03648 -31.03675 -31.03700
 -30.79086 -30.79092 -30.79104 -30.79124 -30.79142
 -30.57483 -30.57488 -30.57498 -30.57504 -30.57528
 -30.38609 -30.38612 -30.38619 -30.38624 -30.38642
 -30.22048 -30.22050 -30.22054 -30.22060 -30.22074
 -30.07589 -30.07592 -30.07594 -30.07599 -30.07610
 -29.95054 -29.95056 -29.95057 -29.95061 -29.95068
 -29.84180 -29.84181 -29.84183 -29.84185 -29.84191
 -29.74859 -29.74860 -29.74861 -29.74863 -29.74867
 -29.66954 -29.66955 -29.66956 -29.66957 -29.66958
 -29.60338 -29.60339 -29.60339 -29.60340 -29.60341
 -29.54890 -29.54890 -29.54891 -29.54891 -29.54892
 -29.50493 -29.50493 -29.50494 -29.50494 -29.50495
 -29.47038 -29.47038 -29.47038 -29.47039 -29.47039
 -29.44421 -29.44421 -29.44421 -29.44421 -29.44421
 -29.42546 -29.42546 -29.42546 -29.42546 -29.42546
 -29.41325 -29.41325 -29.41325 -29.41325 -29.41325
 -29.40679 -29.40679 -29.40679 -29.40679 -29.40679
 -29.40536 -29.40536 -29.40536 -29.40536 -29.40536
 -29.40833 -29.40833 -29.40833 -29.40833 -29.40833
================================================================================
 -60.00000 -60.00000 -60.00000 -60.00000 -60.00000
 -60.00000 -60.00000 -60.00000 -60.00000 -60.00000
 -60.00000 -60.00000 -60.00000 -60.00000 -60.00000
 -60.00000 -60.00000 -60.00000 -60.00000 -60.00000
 -60.00000 -60.00000 -60.00000 -60.00000 -60.00000
 -60.00000 -60.00000 -60.00000 -60.00000 -60.00000
 -60.00000 -60.00000 -60.00000 -60.00000 -60.00000
 -60.00000 -60.00000 -60.00000 -60.00000 -60.00000
 -60.00000 -60.00000 -60.00000 -60.00000 -60.00000
 -60.00000 -60.00000 -60.00000 -60.00000 -60.00000
 -60.00000 -60.00000 -60.00000 -60.00000 -60.00000
 -60.00000 -60.00000 -60.00000 -60.00000 -60.00000
 -58.07260 -58.07260 -58.07260 -58.07260 -58.07260
 -53.69844 -53.69845 -53.69846 -53.69849 -53.69855
 -49.93396 -49.93406 -49.93417 -49.93439 -49.93492
 -46.66728 -46.66751 -46.66800 -46.66871 -46.67042
 -43.87879 -43.87921 -43.88010 -43.88140 -43.88449
 -41.54695 -41.54753 -41.54874 -41.55051 -41.55209
 -39.61069 -39.61151 -39.61293 -39.61499 -39.61683
 -38.00005 -38.00093 -38.00244 -38.00462 -38.00657
 -36.65153 -36.65241 -36.65391 -36.65608 -36.65801
 -35.51680 -35.51762 -35.51844 -35.52110 -35.52293
 -34.55774 -34.55824 -34.55924 -34.56057 -34.56335
 -33.74798 -33.74852 -33.74941 -33.75060 -33.75305
 -33.06345 -33.06392 -33.06469 -33.06572 -33.06784
 -32.48370 -32.48411 -32.48476 -32.48563 -32.48743
 -31.99063 -31.99096 -31.99151 -31.99224 -31.99373
 -31.56739 -31.56767 -31.56813 -31.56873 -31.56998
 -31.20293 -31.20312 -31.20357 -31.20407 -31.20510
 -30.88802 -30.88817 -30.88841 -30.88893 -30.88975
 -30.61291 -30.61303 -30.61322 -30.61365 -30.61432
 -30.37434 -30.37444 -30.37458 -30.37491 -30.37511
 -30.16387 -30.16396 -30.16408 -30.16423 -30.16452
 -29.98096 -29.98103 -29.98113 -29.98124 -29.98146
 -29.82062 -29.82066 -29.82075 -29.82085 -29.82102
 -29.68113 -29.68116 -29.68123 -29.68130 -29.68144
 -29.56095 -29.56097 -29.56101 -29.56107 -29.56117
 -29.45669 -29.45672 -29.45674 -29.45680 -29.45687
 -29.36766 -29.36767 -29.36769 -29.36773 -29.36779
 -29.29245 -29.29246 -29.29248 -29.29251 -29.29256
 -29.22980 -29.22981 -29.22982 -29.22985 -29.22988
 -29.17848 -29.17849 -29.17850 -29.17851 -29.17854
 -29.13734 -29.13734 -29.13735 -29.13736 -29.13738
 -29.10527 -29.10528 -29.10528 -29.10529 -29.10530
 -29.08127 -29.08127 -29.08128 -29.08128 -29.08129
 -29.06440 -29.06440 -29.06440 -29.06440 -29.06441
 -29.05380 -29.05380 -29.05380 -29.05380 -29.05380
 -29.04870 -29.04870 -29.04870 -29.04870 -29.04870
 -29.04841 -29.04841 -29.04841 -29.04841 -29.04841
 -29.05232 -29.05232 -29.05232 -29.05232 -29.05232
================================================================================
 -60.00000 -60.00000 -60.00000 -60.00000 -60.00000
 -60.00000 -60.00000 -60.00000 -60.00000 -60.00000
 -60.00000 -60.00000 -60.00000 -60.00000 -60.00000
 -60.00000 -60.00000 -60.00000 -60.00000 -60.00000
 -60.00000 -60.00000 -60.00000 -60.00000 -60.00000
 -60.00000 -60.00000 -60.00000 -60.00000 -60.00000
 -60.00000 -60.00000 -60.00000 -60.00000 -60.00000
 -60.00000 -60.00000 -60.00000 -60.00000 -60.00000
 -60.00000 -60.00000 -60.00000 -60.00000 -60.00000
 -60.00000 -60.00000 -60.00000 -60.00000 -60.00000
 -60.00000 -60.00000 -60.00000 -60.00000 -60.00000
 -58.47255 -58.47255 -58.47255 -58.47255 -58.47255
 -53.13817 -53.13817 -53.13817 -53.13817 -53.13817
 -48.84696 -48.84696 -48.84696 -48.84696 -48.84696
 -45.39969 -45.39969 -45.39969 -45.39969 -45.39969
 -42.62437 -42.62437 -42.62437 -42.62437 -42.62437
 -40.38285 -40.38285 -40.38285 -40.38285 -40.38286
 -38.56378 -38.56378 -38.56379 -38.56379 -38.56380
 -37.07638 -37.07639 -37.07640 -37.07641 -37.07643
 -35.84989 -35.84990 -35.84992 -35.84995 -35.85000
 -34.82675 -34.82678 -34.82681 -34.82689 -34.82700
 -33.96664 -33.96669 -33.96675 -33.96688 -33.96707
 -33.23646 -33.23654 -33.23663 -33.23684 -33.23714
 -32.61893 -32.61901 -32.61918 -32.61946 -32.61988
 -32.09388 -32.09398 -32.09419 -32.09455 -32.09507
 -31.64605 -31.64616 -31.64640 -31.64682 -31.64742
 -31.26161 -31.26174 -31.26200 -31.26226 -31.26310
 -30.92340 -30.92352 -30.92370 -30.92405 -30.92452
 -30.62847 -30.62855 -30.62876 -30.62911 -30.62956
 -30.37315 -30.37323 -30.37342 -30.37374 -30.37417
 -30.14290 -30.14298 -30.14316 -30.14345 -30.14383
 -29.94716 -29.94722 -29.94737 -29.94762 -29.94795
 -29.76401 -29.76406 -29.76420 -29.76441 -29.76470
 -29.60784 -29.60787 -29.60796 -29.60818 -29.60842
 -29.46687 -29.46689 -29.46697 -29.46709 -29.46736
 -29.34398 -29.34400 -29.34407 -29.34417 -29.34439
 -29.24140 -29.24141 -29.24146 -29.24154 -29.24171
 -29.14860 -29.14861 -29.14865 -29.14871 -29.14885
 -29.06921 -29.06921 -29.06925 -29.06930 -29.06936
 -29.00224 -29.00225 -29.00227 -29.00231 -29.00236
 -28.94665 -28.94666 -28.94667 -28.94671 -28.94675
 -28.90137 -28.90137 -28.90139 -28.90141 -28.90144
 -28.86536 -28.86536 -28.86537 -28.86538 -28.86541
 -28.83760 -28.83760 -28.83761 -28.83762 -28.83764
 -28.81718 -28.81718 -28.81719 -28.81719 -28.81721
 -28.80327 -28.80327 -28.80327 -28.80328 -28.80329
 -28.79512 -28.79512 -28.79512 -28.79512 -28.79513
 -28.79203 -28.79203 -28.79204 -28.79204 -28.79204
 -28.79336 -28.79336 -28.79336 -28.79336 -28.79336
 -28.79847 -28.79847 -28.79847 -28.79847 -28.79847
================================================================================
 -60.00000 -60.00000 -60.00000 -60.00000 -60.00000
 -60.00000 -60.00000 -60.00000 -60.00000 -60.00000
 -60.00000 -60.00000 -60.00000 -60.00000 -60.00000
 -60.00000 -60.00000 -60.00000 -60.00000 -60.00000
 -60.00000 -60.00000 -60.00000 -60.00000 -60.00000
 -60.00000 -60.00000 -60.00000 -60.00000 -60.00000
 -60.00000 -60.00000 -60.00000 -60.00000 -60.00000
 -60.00000 -60.00000 -60.00000 -60.00000 -60.00000
 -60.00000 -60.00000 -60.00000 -60.00000 -60.00000
 -60.00000 -60.00000 -60.00000 -60.00000 -60.00000
 -59.91731 -59.91731 -59.91731 -59.91731 -59.91731
 -54.77590 -54.77590 -54.77590 -54.77590 -54.77590
 -50.04268 -50.04268 -50.04268 -50.04268 -50.04268
 -46.24398 -46.24398 -46.24398 -46.24398 -46.24398
 -43.19164 -43.19164 -43.19164 -43.19164 -43.19164
 -40.73304 -40.73304 -40.73304 -40.73304 -40.73304
 -38.74565 -38.74565 -38.74565 -38.74565 -38.74565
 -37.13085 -37.13085 -37.13085 -37.13085 -37.13085
 -35.80837 -35.80837 -35.80837 -35.80837 -35.80837
 -34.71614 -34.71614 -34.71615 -34.71615 -34.71616
 -33.80388 -33.80388 -33.80389 -33.80390 -33.80392
 -33.03714 -33.03714 -33.03715 -33.03719 -33.03723
 -32.38739 -32.38740 -32.38743 -32.38747 -32.38757
 -31.84108 -31.84109 -31.84114 -31.84121 -31.84137
 -31.38038 -31.38040 -31.38047 -31.38057 -31.38080
 -30.99165 -30.99166 -30.99176 -30.99190 -30.99208
 -30.66196 -30.66197 -30.66210 -30.66227 -30.66248
 -30.37279 -30.37281 -30.37291 -30.37315 -30.37339
 -30.12268 -30.12270 -30.12281 -30.12307 -30.12333
 -29.90977 -29.90977 -29.90990 -29.91008 -29.91044
 -29.71536 -29.71536 -29.71550 -29.71567 -29.71603
 -29.55641 -29.55641 -29.55654 -29.55670 -29.55704
 -29.39935 -29.39935 -29.39944 -29.39962 -29.39994
 -29.26999 -29.26999 -29.27007 -29.27024 -29.27052
 -29.14960 -29.14960 -29.14967 -29.14982 -29.15007
 -29.04505 -29.04505 -29.04512 -29.04524 -29.04537
 -28.96280 -28.96280 -28.96285 -28.96292 -28.96306
 -28.88356 -28.88356 -28.88359 -28.88366 -28.88378
 -28.81579 -28.81579 -28.81581 -28.81587 -28.81597
 -28.75886 -28.75886 -28.75888 -28.75893 -28.75901
 -28.71198 -28.71198 -28.71200 -28.71203 -28.71209
 -28.67421 -28.67421 -28.67423 -28.67426 -28.67430
 -28.64462 -28.64462 -28.64463 -28.64465 -28.64469
 -28.62228 -28.62228 -28.62229 -28.62230 -28.62232
 -28.60636 -28.60636 -28.60636 -28.60637 -28.60639
 -28.59617 -28.59617 -28.59617 -28.59618 -28.59619
 -28.59110 -28.59110 -28.59110 -28.59110 -28.59111
 -28.59057 -28.59057 -28.59057 -28.59057 -28.59058
 -28.59393 -28.59393 -28.59393 -28.59393 -28.59394
 -28.60049 -28.60049 -28.60049 -28.60049 -28.60049
