   18    5   50    1   18 F: Be 50. Si3N4 0.055 Si 0.7 A:Si 3. 200. 380.       
================================================================================
  11.00000  12.00000  13.00000  14.00000  15.00000
   0.00000   0.09590   0.19179   0.28769   0.38359   0.47949   0.57538   0.67128
   0.76718   0.86308   0.95897   1.05487   1.15077   1.24667   1.34256   1.43846
   1.53436   1.63025   1.72615   1.82205   1.91795   2.01384   2.10974   2.20564
   2.30154   2.39743   2.49333   2.58923   2.68513   2.78102   2.87692   2.97282
   3.06872   3.16461   3.26051   3.35641   3.45230   3.54820   3.64410   3.74000
   3.83589   3.93179   4.02769   4.12359   4.21948   4.31538   4.41128   4.50718
   4.60307   4.69897
================================================================================
 -60.00000 -60.00000 -60.00000 -60.00000 -60.00000
 -59.99998 -59.99999 -59.99999 -60.00000 -60.00000
 -59.99990 -59.99994 -59.99996 -59.99998 -59.99999
 -59.99956 -59.99973 -59.99985 -59.99991 -59.99995
 -59.99860 -59.99913 -59.99949 -59.99970 -59.99983
 -59.99643 -59.99773 -59.99861 -59.99916 -59.99949
 -59.99235 -59.99500 -59.99682 -59.99799 -59.99872
 -59.98596 -59.99058 -59.99381 -59.99595 -59.99732
 -59.97765 -59.98467 -59.98968 -59.99306 -59.99530
 -59.96876 -59.97821 -59.98505 -59.98977 -59.99296
 -59.96103 -59.97248 -59.98087 -59.98674 -59.99077
 -59.95582 -59.96854 -59.97792 -59.98456 -59.98918
 -59.22172 -59.22412 -59.22586 -59.22709 -59.22794
 -54.86908 -54.86909 -54.86909 -54.86910 -54.86910
 -51.15764 -51.15766 -51.15774 -51.15784 -51.15784
 -47.99172 -47.99179 -47.99212 -47.99254 -47.99254
 -45.29223 -45.29240 -45.29314 -45.29406 -45.29406
 -43.00134 -43.00159 -43.00268 -43.00268 -43.00405
 -41.06547 -41.06576 -41.06623 -41.06703 -41.06861
 -39.43068 -39.43116 -39.43162 -39.43241 -39.43397
 -38.04774 -38.04817 -38.04858 -38.04930 -38.05070
 -36.87546 -36.87582 -36.87617 -36.87678 -36.87797
 -35.88049 -35.88079 -35.88108 -35.88158 -35.88255
 -35.03658 -35.03682 -35.03705 -35.03745 -35.03822
 -34.32057 -34.32076 -34.32094 -34.32125 -34.32186
 -33.71205 -33.71220 -33.71234 -33.71258 -33.71304
 -33.19274 -33.19285 -33.19296 -33.19314 -33.19349
 -32.74662 -32.74671 -32.74678 -32.74692 -32.74719
 -32.36107 -32.36110 -32.36119 -32.36130 -32.36150
 -32.02596 -32.02599 -32.02606 -32.02614 -32.02629
 -31.73303 -31.73305 -31.73311 -31.73316 -31.73328
 -31.47659 -31.47661 -31.47665 -31.47669 -31.47677
 -31.25118 -31.25119 -31.25122 -31.25125 -31.25131
 -31.05343 -31.05344 -31.05346 -31.05348 -31.05353
 -30.87988 -30.87988 -30.87990 -30.87991 -30.87995
 -30.72804 -30.72804 -30.72805 -30.72806 -30.72809
 -30.59584 -30.59585 -30.59585 -30.59586 -30.59588
 -30.48125 -30.48125 -30.48126 -30.48126 -30.48126
 -30.38281 -30.38281 -30.38281 -30.38282 -30.38282
 -30.29910 -30.29910 -30.29910 -30.29911 -30.29911
 -30.22882 -30.22882 -30.22882 -30.22882 -30.22882
 -30.17070 -30.17070 -30.17070 -30.17070 -30.17070
 -30.12356 -30.12356 -30.12356 -30.12356 -30.12356
 -30.08626 -30.08626 -30.08626 -30.08626 -30.08626
 -30.05772 -30.05772 -30.05772 -30.05772 -30.05772
 -30.03695 -30.03695 -30.03695 -30.03695 -30.03695
 -30.02302 -30.02302 -30.02302 -30.02302 -30.02302
 -30.01511 -30.01511 -30.01511 -30.01511 -30.01511
 -30.01247 -30.01247 -30.01247 -30.01247 -30.01247
 -30.01444 -30.01444 -30.01444 -30.01444 -30.01444
================================================================================
 -59.99998 -59.99998 -59.99999 -59.99999 -59.99999
 -59.99974 -59.99979 -59.99985 -59.99990 -59.99994
 -59.99833 -59.99866 -59.99903 -59.99937 -59.99962
 -59.99299 -59.99435 -59.99589 -59.99730 -59.99838
 -59.97933 -59.98323 -59.98769 -59.99186 -59.99507
 -59.95400 -59.96239 -59.97210 -59.98132 -59.98855
 -59.91763 -59.93213 -59.94897 -59.96527 -59.97833
 -59.87465 -59.89606 -59.92078 -59.94505 -59.96493
 -59.83104 -59.85930 -59.89143 -59.92321 -59.94978
 -59.79247 -59.82682 -59.86500 -59.90284 -59.93496
 -59.76333 -59.80245 -59.84488 -59.88677 -59.92267
 -59.74609 -59.78837 -59.83311 -59.87692 -59.91465
 -58.46648 -58.46869 -58.47077 -58.47259 -58.47403
 -54.11268 -54.11269 -54.11270 -54.11272 -54.11275
 -50.39176 -50.39182 -50.39192 -50.39217 -50.39243
 -47.20620 -47.20642 -47.20683 -47.20780 -47.20886
 -44.48594 -44.48655 -44.48744 -44.48950 -44.49175
 -42.18443 -42.18533 -42.18663 -42.18963 -42.19290
 -40.24900 -40.25005 -40.25157 -40.25291 -40.25887
 -38.62195 -38.62302 -38.62457 -38.62593 -38.63198
 -37.24969 -37.25069 -37.25214 -37.25342 -37.25905
 -36.08915 -36.09004 -36.09132 -36.09245 -36.09743
 -35.10586 -35.10629 -35.10772 -35.10869 -35.11024
 -34.27350 -34.27399 -34.27465 -34.27600 -34.27729
 -33.56897 -33.56937 -33.56991 -33.57101 -33.57207
 -32.97168 -32.97200 -32.97243 -32.97332 -32.97417
 -32.46330 -32.46355 -32.46390 -32.46460 -32.46528
 -32.02755 -32.02776 -32.02803 -32.02860 -32.02914
 -31.65209 -31.65225 -31.65247 -31.65291 -31.65334
 -31.32683 -31.32698 -31.32715 -31.32749 -31.32782
 -31.04319 -31.04327 -31.04344 -31.04371 -31.04396
 -30.79587 -30.79593 -30.79606 -30.79625 -30.79644
 -30.57874 -30.57879 -30.57889 -30.57895 -30.57919
 -30.38894 -30.38898 -30.38905 -30.38910 -30.38928
 -30.22266 -30.22269 -30.22272 -30.22278 -30.22292
 -30.07754 -30.07757 -30.07759 -30.07764 -30.07775
 -29.95163 -29.95165 -29.95166 -29.95170 -29.95177
 -29.84261 -29.84262 -29.84264 -29.84266 -29.84272
 -29.74919 -29.74920 -29.74921 -29.74923 -29.74927
 -29.66998 -29.66999 -29.67000 -29.67001 -29.67003
 -29.60370 -29.60370 -29.60371 -29.60372 -29.60373
 -29.54912 -29.54912 -29.54913 -29.54914 -29.54914
 -29.50508 -29.50508 -29.50509 -29.50509 -29.50510
 -29.47048 -29.47048 -29.47048 -29.47049 -29.47049
 -29.44427 -29.44427 -29.44427 -29.44427 -29.44428
 -29.42549 -29.42549 -29.42550 -29.42550 -29.42550
 -29.41327 -29.41327 -29.41327 -29.41327 -29.41327
 -29.40680 -29.40680 -29.40680 -29.40680 -29.40680
 -29.40536 -29.40536 -29.40536 -29.40536 -29.40536
 -29.40833 -29.40833 -29.40833 -29.40833 -29.40833
================================================================================
 -59.99995 -59.99995 -59.99996 -59.99997 -59.99998
 -59.99928 -59.99934 -59.99943 -59.99955 -59.99968
 -59.99474 -59.99515 -59.99580 -59.99665 -59.99759
 -59.97604 -59.97786 -59.98068 -59.98449 -59.98876
 -59.92695 -59.93215 -59.94026 -59.95141 -59.96426
 -59.84045 -59.85096 -59.86725 -59.89007 -59.91729
 -59.73037 -59.74700 -59.77210 -59.80761 -59.85141
 -59.61922 -59.64205 -59.67488 -59.72104 -59.77923
 -59.52317 -59.55213 -59.59132 -59.64525 -59.71376
 -59.44974 -59.48462 -59.52902 -59.58822 -59.66315
 -59.40107 -59.44134 -59.48992 -59.55246 -59.63069
 -59.37649 -59.42128 -59.47299 -59.53731 -59.61644
 -58.05652 -58.05873 -58.06092 -58.06324 -58.06564
 -53.70249 -53.70250 -53.70251 -53.70254 -53.70260
 -49.96004 -49.96016 -49.96028 -49.96051 -49.96107
 -46.73665 -46.73692 -46.73749 -46.73833 -46.74034
 -43.98603 -43.98657 -43.98771 -43.98938 -43.99334
 -41.67342 -41.67419 -41.67582 -41.67819 -41.68032
 -39.74084 -39.74195 -39.74387 -39.74666 -39.74916
 -38.12378 -38.12494 -38.12695 -38.12986 -38.13246
 -36.76340 -36.76452 -36.76647 -36.76929 -36.77180
 -35.61440 -35.61543 -35.61645 -35.61980 -35.62209
 -34.64116 -34.64177 -34.64298 -34.64460 -34.64797
 -33.81778 -33.81842 -33.81947 -33.82086 -33.82375
 -33.12105 -33.12159 -33.12247 -33.12365 -33.12607
 -32.53064 -32.53109 -32.53182 -32.53279 -32.53480
 -32.02842 -32.02879 -32.02938 -32.03017 -32.03181
 -31.59799 -31.59829 -31.59878 -31.59943 -31.60077
 -31.22749 -31.22769 -31.22817 -31.22869 -31.22978
 -30.90723 -30.90739 -30.90764 -30.90819 -30.90905
 -30.62820 -30.62833 -30.62853 -30.62897 -30.62966
 -30.38579 -30.38589 -30.38604 -30.38638 -30.38659
 -30.17308 -30.17317 -30.17329 -30.17345 -30.17374
 -29.98794 -29.98801 -29.98811 -29.98823 -29.98845
 -29.82612 -29.82616 -29.82625 -29.82635 -29.82653
 -29.68541 -29.68544 -29.68552 -29.68559 -29.68573
 -29.56394 -29.56396 -29.56400 -29.56407 -29.56417
 -29.45899 -29.45901 -29.45903 -29.45909 -29.45916
 -29.36940 -29.36942 -29.36944 -29.36948 -29.36954
 -29.29378 -29.29379 -29.29380 -29.29384 -29.29388
 -29.23079 -29.23080 -29.23081 -29.23084 -29.23087
 -29.17921 -29.17921 -29.17922 -29.17923 -29.17927
 -29.13786 -29.13786 -29.13787 -29.13787 -29.13790
 -29.10564 -29.10564 -29.10564 -29.10565 -29.10566
 -29.08152 -29.08152 -29.08152 -29.08153 -29.08153
 -29.06456 -29.06456 -29.06456 -29.06456 -29.06457
 -29.05389 -29.05389 -29.05389 -29.05390 -29.05390
 -29.04875 -29.04875 -29.04875 -29.04875 -29.04875
 -29.04844 -29.04844 -29.04844 -29.04844 -29.04844
 -29.05233 -29.05233 -29.05233 -29.05233 -29.05233
================================================================================
 -60.00000 -60.00000 -60.00000 -60.00000 -60.00000
 -59.99994 -59.99994 -59.99995 -59.99995 -59.99996
 -59.99910 -59.99913 -59.99919 -59.99928 -59.99940
 -59.99250 -59.99276 -59.99321 -59.99393 -59.99495
 -59.96230 -59.96366 -59.96585 -59.96930 -59.97425
 -59.87891 -59.88321 -59.88980 -59.90003 -59.91491
 -59.73526 -59.74425 -59.75722 -59.77700 -59.80619
 -59.56616 -59.58018 -59.59921 -59.62751 -59.66957
 -59.41159 -59.43009 -59.45383 -59.48804 -59.53871
 -59.29154 -59.31385 -59.34111 -59.37906 -59.43467
 -59.21042 -59.23591 -59.26580 -59.30608 -59.36421
 -59.16561 -59.19368 -59.22554 -59.26718 -59.32629
 -57.78481 -57.78606 -57.78735 -57.78886 -57.79074
 -53.41167 -53.41168 -53.41170 -53.41174 -53.41181
 -49.60673 -49.60682 -49.60696 -49.60728 -49.60782
 -46.31260 -46.31287 -46.31330 -46.31429 -46.31493
 -43.53140 -43.53191 -43.53270 -43.53452 -43.53570
 -41.22171 -41.22255 -41.22369 -41.22513 -41.22796
 -39.30756 -39.30832 -39.31000 -39.31178 -39.31524
 -37.71347 -37.71430 -37.71617 -37.71813 -37.72193
 -36.37534 -36.37619 -36.37745 -36.38010 -36.38397
 -35.24575 -35.24671 -35.24792 -35.25046 -35.25417
 -34.28843 -34.28931 -34.29043 -34.29278 -34.29619
 -33.47830 -33.47887 -33.48008 -33.48217 -33.48519
 -32.79207 -32.79256 -32.79361 -32.79542 -32.79803
 -32.21009 -32.21051 -32.21140 -32.21293 -32.21515
 -31.71465 -31.71500 -31.71575 -31.71648 -31.71887
 -31.28937 -31.28966 -31.29007 -31.29089 -31.29199
 -30.92323 -30.92339 -30.92381 -30.92449 -30.92539
 -30.60693 -30.60707 -30.60740 -30.60795 -30.60868
 -30.33111 -30.33122 -30.33149 -30.33194 -30.33254
 -30.09214 -30.09223 -30.09244 -30.09279 -30.09325
 -29.88212 -29.88219 -29.88237 -29.88266 -29.88304
 -29.69997 -29.70000 -29.70011 -29.70039 -29.70068
 -29.54092 -29.54095 -29.54104 -29.54118 -29.54150
 -29.40305 -29.40308 -29.40315 -29.40326 -29.40352
 -29.28469 -29.28471 -29.28476 -29.28485 -29.28503
 -29.18259 -29.18259 -29.18264 -29.18271 -29.18286
 -29.09582 -29.09582 -29.09586 -29.09591 -29.09598
 -29.02292 -29.02293 -29.02295 -29.02300 -29.02305
 -28.96255 -28.96255 -28.96257 -28.96261 -28.96265
 -28.91342 -28.91343 -28.91344 -28.91346 -28.91350
 -28.87434 -28.87434 -28.87435 -28.87437 -28.87440
 -28.84418 -28.84418 -28.84419 -28.84420 -28.84422
 -28.82191 -28.82191 -28.82191 -28.82192 -28.82193
 -28.80657 -28.80657 -28.80657 -28.80658 -28.80659
 -28.79732 -28.79732 -28.79732 -28.79733 -28.79733
 -28.79340 -28.79340 -28.79340 -28.79340 -28.79341
 -28.79412 -28.79412 -28.79412 -28.79412 -28.79413
 -28.79889 -28.79889 -28.79889 -28.79889 -28.79889
================================================================================
 -59.99997 -59.99997 -59.99997 -59.99997 -59.99998
 -59.99938 -59.99939 -59.99941 -59.99944 -59.99950
 -59.99324 -59.99336 -59.99357 -59.99394 -59.99454
 -59.95871 -59.95937 -59.96058 -59.96271 -59.96622
 -59.85003 -59.85218 -59.85603 -59.86283 -59.87423
 -59.65581 -59.65999 -59.66724 -59.68001 -59.70175
 -59.43269 -59.43868 -59.44855 -59.46562 -59.49484
 -59.23554 -59.24307 -59.25470 -59.27418 -59.30733
 -59.08515 -59.09416 -59.10711 -59.12797 -59.16294
 -58.98285 -58.99335 -59.00746 -59.02920 -59.06494
 -58.92333 -58.93531 -58.95048 -58.97285 -59.00884
 -58.89986 -58.91326 -58.92940 -58.95224 -58.98814
 -57.57478 -57.57545 -57.57620 -57.57719 -57.57860
 -53.15908 -53.15909 -53.15912 -53.15916 -53.15923
 -49.26053 -49.26060 -49.26075 -49.26090 -49.26145
 -45.91174 -45.91193 -45.91220 -45.91275 -45.91352
 -43.12685 -43.12708 -43.12769 -43.12870 -43.13010
 -40.83534 -40.83570 -40.83660 -40.83810 -40.84017
 -38.94536 -38.94583 -38.94701 -38.94895 -38.95162
 -37.37574 -37.37628 -37.37766 -37.37993 -37.38303
 -36.05984 -36.06043 -36.06192 -36.06435 -36.06766
 -34.94958 -34.94995 -34.95118 -34.95412 -34.95744
 -34.00792 -34.00827 -34.00945 -34.01128 -34.01543
 -33.21068 -33.21100 -33.21209 -33.21376 -33.21757
 -32.53474 -32.53503 -32.53600 -32.53749 -32.54086
 -31.96092 -31.96103 -31.96201 -31.96330 -31.96493
 -31.47190 -31.47200 -31.47283 -31.47392 -31.47531
 -31.05127 -31.05136 -31.05186 -31.05299 -31.05416
 -30.68884 -30.68891 -30.68933 -30.69028 -30.69126
 -30.37576 -30.37576 -30.37617 -30.37667 -30.37774
 -30.10231 -30.10231 -30.10264 -30.10306 -30.10394
 -29.86584 -29.86584 -29.86610 -29.86643 -29.86712
 -29.65750 -29.65750 -29.65766 -29.65799 -29.65857
 -29.47726 -29.47726 -29.47738 -29.47765 -29.47811
 -29.31989 -29.31989 -29.31999 -29.32021 -29.32059
 -29.18378 -29.18378 -29.18387 -29.18404 -29.18422
 -29.06747 -29.06747 -29.06754 -29.06762 -29.06780
 -28.96723 -28.96723 -28.96727 -28.96735 -28.96749
 -28.88238 -28.88238 -28.88240 -28.88247 -28.88258
 -28.81143 -28.81143 -28.81145 -28.81151 -28.81159
 -28.75300 -28.75300 -28.75302 -28.75306 -28.75313
 -28.70577 -28.70577 -28.70579 -28.70582 -28.70587
 -28.66851 -28.66851 -28.66851 -28.66853 -28.66858
 -28.64004 -28.64004 -28.64004 -28.64006 -28.64008
 -28.61932 -28.61932 -28.61932 -28.61933 -28.61935
 -28.60538 -28.60538 -28.60538 -28.60539 -28.60540
 -28.59738 -28.59738 -28.59738 -28.59738 -28.59739
 -28.59454 -28.59454 -28.59454 -28.59455 -28.59455
 -28.59620 -28.59620 -28.59620 -28.59621 -28.59621
 -28.60176 -28.60176 -28.60176 -28.60176 -28.60176
================================================================================
 -60.00000 -60.00000 -60.00000 -60.00000 -60.00000
 -59.99996 -59.99997 -59.99998 -59.99998 -59.99999
 -59.99924 -59.99943 -59.99957 -59.99969 -59.99977
 -59.99309 -59.99478 -59.99611 -59.99713 -59.99789
 -59.96296 -59.97181 -59.97884 -59.98428 -59.98842
 -59.87605 -59.90346 -59.92611 -59.94426 -59.95843
 -59.72416 -59.77750 -59.82426 -59.86378 -59.89610
 -59.54667 -59.62185 -59.69131 -59.75318 -59.80643
 -59.38703 -59.47592 -59.56095 -59.63966 -59.71016
 -59.26500 -59.36136 -59.45542 -59.54455 -59.62650
 -59.18299 -59.28278 -59.38119 -59.47562 -59.56376
 -59.13592 -59.23624 -59.33550 -59.43116 -59.52107
 -57.40436 -57.40607 -57.40742 -57.40847 -57.40928
 -52.86994 -52.86995 -52.86997 -52.86999 -52.87007
 -48.86042 -48.86045 -48.86053 -48.86067 -48.86100
 -45.49048 -45.49050 -45.49076 -45.49110 -45.49194
 -42.72650 -42.72655 -42.72704 -42.72770 -42.72856
 -40.46590 -40.46599 -40.46654 -40.46781 -40.46917
 -38.60688 -38.60700 -38.60778 -38.60954 -38.61142
 -37.06569 -37.06585 -37.06682 -37.06825 -37.07134
 -35.77479 -35.77479 -35.77607 -35.77770 -35.78120
 -34.68596 -34.68596 -34.68732 -34.68904 -34.69273
 -33.76194 -33.76194 -33.76292 -33.76502 -33.76869
 -32.97935 -32.97935 -32.98029 -32.98228 -32.98575
 -32.31524 -32.31524 -32.31610 -32.31792 -32.32109
 -31.75087 -31.75087 -31.75163 -31.75324 -31.75484
 -31.26930 -31.26930 -31.26996 -31.27089 -31.27274
 -30.85409 -30.85409 -30.85448 -30.85545 -30.85704
 -30.49588 -30.49588 -30.49621 -30.49704 -30.49838
 -30.18635 -30.18635 -30.18662 -30.18731 -30.18841
 -29.91536 -29.91536 -29.91559 -29.91616 -29.91709
 -29.68137 -29.68137 -29.68155 -29.68200 -29.68274
 -29.47448 -29.47448 -29.47457 -29.47488 -29.47562
 -29.29584 -29.29584 -29.29592 -29.29617 -29.29656
 -29.13974 -29.13974 -29.13980 -29.14001 -29.14033
 -29.00490 -29.00490 -29.00495 -29.00512 -29.00538
 -28.89014 -28.89014 -28.89016 -28.89031 -28.89050
 -28.79121 -28.79121 -28.79122 -28.79134 -28.79150
 -28.70771 -28.70771 -28.70772 -28.70779 -28.70794
 -28.63818 -28.63818 -28.63819 -28.63824 -28.63836
 -28.58120 -28.58120 -28.58120 -28.58125 -28.58132
 -28.53544 -28.53544 -28.53544 -28.53548 -28.53553
 -28.49961 -28.49961 -28.49961 -28.49964 -28.49968
 -28.47253 -28.47253 -28.47253 -28.47255 -28.47258
 -28.45311 -28.45311 -28.45311 -28.45312 -28.45314
 -28.44036 -28.44036 -28.44036 -28.44037 -28.44039
 -28.43344 -28.43344 -28.43344 -28.43344 -28.43346
 -28.43157 -28.43157 -28.43157 -28.43157 -28.43158
 -28.43407 -28.43407 -28.43407 -28.43407 -28.43408
 -28.44034 -28.44034 -28.44034 -28.44034 -28.44034
================================================================================
 -59.99997 -59.99998 -59.99998 -59.99999 -59.99999
 -59.99944 -59.99958 -59.99968 -59.99977 -59.99983
 -59.99444 -59.99579 -59.99685 -59.99767 -59.99829
 -59.96801 -59.97558 -59.98162 -59.98632 -59.98991
 -59.88631 -59.91129 -59.93201 -59.94865 -59.96168
 -59.73534 -59.78620 -59.83094 -59.86884 -59.89989
 -59.55258 -59.62592 -59.69402 -59.75495 -59.80755
 -59.38498 -59.47255 -59.55686 -59.63535 -59.70601
 -59.25548 -59.35088 -59.44471 -59.53424 -59.61708
 -59.16819 -59.26757 -59.36644 -59.46210 -59.55205
 -59.11905 -59.21995 -59.32090 -59.41921 -59.51238
 -59.10104 -59.20157 -59.30220 -59.40029 -59.49340
 -56.99165 -56.99233 -56.99287 -56.99329 -56.99361
 -52.10907 -52.10907 -52.10908 -52.10909 -52.10910
 -48.04577 -48.04577 -48.04578 -48.04582 -48.04589
 -44.74987 -44.74987 -44.74992 -44.75004 -44.75025
 -42.07947 -42.07947 -42.07959 -42.07986 -42.08014
 -39.90612 -39.90612 -39.90636 -39.90688 -39.90741
 -38.12317 -38.12317 -38.12357 -38.12414 -38.12530
 -36.64698 -36.64698 -36.64737 -36.64838 -36.65005
 -35.41066 -35.41066 -35.41117 -35.41247 -35.41461
 -34.36710 -34.36710 -34.36770 -34.36922 -34.37172
 -33.47960 -33.47960 -33.48025 -33.48190 -33.48461
 -32.72661 -32.72661 -32.72702 -32.72896 -32.73170
 -32.08600 -32.08600 -32.08640 -32.08773 -32.08979
 -31.54015 -31.54015 -31.54051 -31.54175 -31.54366
 -31.07307 -31.07307 -31.07340 -31.07451 -31.07621
 -30.66846 -30.66846 -30.66875 -30.66973 -30.67123
 -30.31847 -30.31847 -30.31859 -30.31957 -30.32087
 -30.01568 -30.01568 -30.01578 -30.01637 -30.01769
 -29.74938 -29.74938 -29.74946 -29.74997 -29.75108
 -29.51982 -29.51982 -29.51988 -29.52029 -29.52118
 -29.31544 -29.31544 -29.31544 -29.31583 -29.31633
 -29.13935 -29.13935 -29.13935 -29.13967 -29.14008
 -28.98503 -28.98503 -28.98503 -28.98530 -28.98564
 -28.85180 -28.85180 -28.85180 -28.85196 -28.85230
 -28.73892 -28.73892 -28.73892 -28.73904 -28.73929
 -28.64132 -28.64132 -28.64132 -28.64141 -28.64162
 -28.55911 -28.55911 -28.55911 -28.55919 -28.55930
 -28.49086 -28.49086 -28.49086 -28.49093 -28.49101
 -28.43518 -28.43518 -28.43518 -28.43521 -28.43530
 -28.39070 -28.39070 -28.39070 -28.39072 -28.39079
 -28.35613 -28.35613 -28.35613 -28.35615 -28.35620
 -28.33027 -28.33027 -28.33027 -28.33029 -28.33033
 -28.31200 -28.31200 -28.31200 -28.31201 -28.31204
 -28.30033 -28.30033 -28.30033 -28.30033 -28.30035
 -28.29438 -28.29438 -28.29438 -28.29439 -28.29440
 -28.29340 -28.29340 -28.29340 -28.29340 -28.29341
 -28.29668 -28.29668 -28.29668 -28.29669 -28.29669
 -28.30361 -28.30361 -28.30361 -28.30361 -28.30362
================================================================================
 -60.00000 -60.00000 -60.00000 -60.00000 -60.00000
 -60.00000 -60.00000 -60.00000 -60.00000 -60.00000
 -60.00000 -60.00000 -60.00000 -60.00000 -60.00000
 -60.00000 -60.00000 -60.00000 -60.00000 -60.00000
 -60.00000 -60.00000 -60.00000 -60.00000 -60.00000
 -60.00000 -60.00000 -60.00000 -60.00000 -60.00000
 -60.00000 -60.00000 -60.00000 -60.00000 -60.00000
 -60.00000 -60.00000 -60.00000 -60.00000 -60.00000
 -60.00000 -60.00000 -60.00000 -60.00000 -60.00000
 -60.00000 -60.00000 -60.00000 -60.00000 -60.00000
 -60.00000 -60.00000 -60.00000 -60.00000 -60.00000
 -59.99925 -59.99925 -59.99925 -59.99925 -59.99925
 -56.44953 -56.44953 -56.44953 -56.44953 -56.44953
 -51.51716 -51.51716 -51.51716 -51.51716 -51.51717
 -47.51308 -47.51308 -47.51309 -47.51310 -47.51313
 -44.28170 -44.28170 -44.28172 -44.28178 -44.28187
 -41.66754 -41.66754 -41.66757 -41.66769 -41.66799
 -39.54157 -39.54157 -39.54164 -39.54190 -39.54231
 -37.79845 -37.79845 -37.79859 -37.79905 -37.79979
 -36.35605 -36.35605 -36.35626 -36.35698 -36.35812
 -35.14856 -35.14856 -35.14885 -35.14985 -35.15141
 -34.12970 -34.12970 -34.12986 -34.13130 -34.13323
 -33.26306 -33.26306 -33.26325 -33.26442 -33.26708
 -32.52781 -32.52781 -32.52801 -32.52926 -32.53206
 -31.90200 -31.90200 -31.90220 -31.90344 -31.90527
 -31.36835 -31.36835 -31.36835 -31.36973 -31.37147
 -30.91123 -30.91123 -30.91123 -30.91249 -30.91408
 -30.51415 -30.51415 -30.51415 -30.51497 -30.51671
 -30.17014 -30.17014 -30.17014 -30.17086 -30.17239
 -29.87233 -29.87233 -29.87233 -29.87294 -29.87424
 -29.60952 -29.60952 -29.60952 -29.61004 -29.61115
 -29.38324 -29.38324 -29.38324 -29.38367 -29.38427
 -29.18068 -29.18068 -29.18068 -29.18093 -29.18155
 -29.00643 -29.00643 -29.00643 -29.00663 -29.00714
 -28.85334 -28.85334 -28.85334 -28.85351 -28.85393
 -28.72119 -28.72119 -28.72119 -28.72133 -28.72168
 -28.60961 -28.60961 -28.60961 -28.60971 -28.60998
 -28.51289 -28.51289 -28.51289 -28.51294 -28.51312
 -28.43154 -28.43154 -28.43154 -28.43158 -28.43173
 -28.36416 -28.36416 -28.36416 -28.36419 -28.36431
 -28.30936 -28.30936 -28.30936 -28.30939 -28.30948
 -28.26580 -28.26580 -28.26580 -28.26581 -28.26589
 -28.23216 -28.23216 -28.23216 -28.23217 -28.23223
 -28.20722 -28.20722 -28.20722 -28.20722 -28.20726
 -28.18984 -28.18984 -28.18984 -28.18984 -28.18987
 -28.17902 -28.17902 -28.17902 -28.17902 -28.17904
 -28.17387 -28.17387 -28.17387 -28.17387 -28.17389
 -28.17363 -28.17363 -28.17363 -28.17363 -28.17364
 -28.17757 -28.17757 -28.17757 -28.17757 -28.17758
 -28.18507 -28.18507 -28.18507 -28.18507 -28.18508
================================================================================
 -60.00000 -60.00000 -60.00000 -60.00000 -60.00000
 -60.00000 -60.00000 -60.00000 -60.00000 -60.00000
 -60.00000 -60.00000 -60.00000 -60.00000 -60.00000
 -60.00000 -60.00000 -60.00000 -60.00000 -60.00000
 -60.00000 -60.00000 -60.00000 -60.00000 -60.00000
 -59.99999 -60.00000 -60.00000 -60.00000 -60.00000
 -59.99963 -59.99972 -59.99979 -59.99984 -59.99988
 -59.99065 -59.99282 -59.99456 -59.99594 -59.99699
 -59.89453 -59.91688 -59.93577 -59.95117 -59.96337
 -59.52687 -59.59947 -59.66844 -59.73146 -59.78695
 -57.32100 -57.32289 -57.32443 -57.32564 -57.32658
 -52.21269 -52.21269 -52.21269 -52.21269 -52.21269
 -48.10888 -48.10888 -48.10888 -48.10888 -48.10888
 -44.81488 -44.81488 -44.81488 -44.81488 -44.81488
 -42.16722 -42.16722 -42.16722 -42.16722 -42.16722
 -40.03309 -40.03309 -40.03309 -40.03309 -40.03309
 -38.30578 -38.30578 -38.30578 -38.30578 -38.30578
 -36.89904 -36.89904 -36.89904 -36.89905 -36.89905
 -35.74161 -35.74161 -35.74161 -35.74161 -35.74162
 -34.77665 -34.77665 -34.77665 -34.77668 -34.77672
 -33.95525 -33.95525 -33.95525 -33.95535 -33.95547
 -33.24171 -33.24171 -33.24171 -33.24189 -33.24228
 -32.60699 -32.60699 -32.60699 -32.60734 -32.60809
 -32.04066 -32.04066 -32.04066 -32.04121 -32.04237
 -31.53275 -31.53275 -31.53275 -31.53346 -31.53499
 -31.07934 -31.07934 -31.07934 -31.08016 -31.08132
 -30.67635 -30.67635 -30.67635 -30.67693 -30.67840
 -30.31485 -30.31485 -30.31485 -30.31542 -30.31686
 -29.99525 -29.99525 -29.99525 -29.99578 -29.99711
 -29.71509 -29.71509 -29.71509 -29.71556 -29.71674
 -29.46395 -29.46395 -29.46395 -29.46436 -29.46539
 -29.24727 -29.24727 -29.24727 -29.24748 -29.24819
 -29.05023 -29.05023 -29.05023 -29.05041 -29.05102
 -28.88081 -28.88081 -28.88081 -28.88096 -28.88146
 -28.73089 -28.73089 -28.73089 -28.73101 -28.73143
 -28.60126 -28.60126 -28.60126 -28.60131 -28.60171
 -28.49230 -28.49230 -28.49230 -28.49234 -28.49265
 -28.39717 -28.39717 -28.39717 -28.39720 -28.39739
 -28.31718 -28.31718 -28.31718 -28.31721 -28.31736
 -28.25101 -28.25101 -28.25101 -28.25101 -28.25115
 -28.19733 -28.19733 -28.19733 -28.19733 -28.19744
 -28.15482 -28.15482 -28.15482 -28.15482 -28.15490
 -28.12217 -28.12217 -28.12217 -28.12217 -28.12222
 -28.09818 -28.09818 -28.09818 -28.09818 -28.09821
 -28.08168 -28.08168 -28.08168 -28.08168 -28.08171
 -28.07169 -28.07169 -28.07169 -28.07169 -28.07171
 -28.06732 -28.06732 -28.06732 -28.06732 -28.06733
 -28.06778 -28.06778 -28.06778 -28.06778 -28.06779
 -28.07237 -28.07237 -28.07237 -28.07237 -28.07237
 -28.08041 -28.08041 -28.08041 -28.08041 -28.08041
================================================================================
 -60.00000 -60.00000 -60.00000 -60.00000 -60.00000
 -60.00000 -60.00000 -60.00000 -60.00000 -60.00000
 -59.99321 -59.99478 -59.99605 -59.99705 -59.99782
 -58.71820 -58.82614 -58.93829 -59.05246 -59.16645
 -56.31425 -56.42862 -56.54973 -56.67621 -56.80686
 -54.39554 -54.50957 -54.63042 -54.75673 -54.88727
 -52.88438 -52.99805 -53.11861 -53.24468 -53.37505
 -51.70011 -51.81341 -51.93367 -52.05951 -52.18970
 -50.77796 -50.89089 -51.01085 -51.13645 -51.26645
 -50.06601 -50.17856 -50.29822 -50.42358 -50.55339
 -49.52259 -49.63476 -49.75411 -49.87922 -50.00884
 -48.99760 -49.08033 -49.16197 -49.23970 -49.31112
 -45.94547 -45.94560 -45.94571 -45.94580 -45.94586
 -42.99259 -42.99259 -42.99259 -42.99259 -42.99259
 -40.61800 -40.61800 -40.61800 -40.61800 -40.61800
 -38.70284 -38.70284 -38.70284 -38.70284 -38.70284
 -37.15119 -37.15119 -37.15119 -37.15119 -37.15119
 -35.88572 -35.88572 -35.88572 -35.88572 -35.88572
 -34.84297 -34.84297 -34.84297 -34.84297 -34.84297
 -33.97373 -33.97373 -33.97373 -33.97373 -33.97374
 -33.23677 -33.23677 -33.23677 -33.23679 -33.23682
 -32.60344 -32.60344 -32.60344 -32.60348 -32.60359
 -32.04872 -32.04872 -32.04872 -32.04882 -32.04907
 -31.56194 -31.56194 -31.56194 -31.56213 -31.56261
 -31.12913 -31.12913 -31.12913 -31.12942 -31.13017
 -30.74205 -30.74205 -30.74205 -30.74229 -30.74311
 -30.39426 -30.39426 -30.39426 -30.39455 -30.39551
 -30.07548 -30.07548 -30.07548 -30.07579 -30.07682
 -29.78887 -29.78887 -29.78887 -29.78917 -29.79021
 -29.53477 -29.53477 -29.53477 -29.53491 -29.53604
 -29.30221 -29.30221 -29.30221 -29.30233 -29.30336
 -29.10153 -29.10153 -29.10153 -29.10163 -29.10228
 -28.91423 -28.91423 -28.91423 -28.91432 -28.91489
 -28.75354 -28.75354 -28.75354 -28.75362 -28.75409
 -28.60949 -28.60949 -28.60949 -28.60949 -28.60996
 -28.48457 -28.48457 -28.48457 -28.48457 -28.48497
 -28.38045 -28.38045 -28.38045 -28.38045 -28.38067
 -28.28823 -28.28823 -28.28823 -28.28823 -28.28842
 -28.21062 -28.21062 -28.21062 -28.21062 -28.21077
 -28.14645 -28.14645 -28.14645 -28.14645 -28.14657
 -28.09451 -28.09451 -28.09451 -28.09451 -28.09460
 -28.05352 -28.05352 -28.05352 -28.05352 -28.05357
 -28.02223 -28.02223 -28.02223 -28.02223 -28.02227
 -27.99944 -27.99944 -27.99944 -27.99944 -27.99947
 -27.98403 -27.98403 -27.98403 -27.98403 -27.98405
 -27.97500 -27.97500 -27.97500 -27.97500 -27.97502
 -27.97149 -27.97149 -27.97149 -27.97149 -27.97150
 -27.97275 -27.97275 -27.97275 -27.97275 -27.97275
 -27.97803 -27.97803 -27.97803 -27.97803 -27.97803
 -27.98663 -27.98663 -27.98663 -27.98663 -27.98663
================================================================================
 -59.84224 -59.87390 -59.90132 -59.92418 -59.94262
 -56.34063 -56.45420 -56.57467 -56.70065 -56.83090
 -53.14647 -53.25970 -53.37991 -53.50571 -53.63585
 -50.61258 -50.72544 -50.84534 -50.97090 -51.10087
 -48.60821 -48.72070 -48.84030 -48.96562 -49.09540
 -47.02847 -47.14058 -47.25987 -47.38494 -47.51454
 -45.78922 -45.90094 -46.01993 -46.14475 -46.27415
 -44.82300 -44.93434 -45.05300 -45.17758 -45.30679
 -44.07572 -44.18667 -44.30502 -44.42934 -44.55835
 -43.50400 -43.61456 -43.73259 -43.85666 -43.98547
 -43.07307 -43.18323 -43.30094 -43.42475 -43.55336
 -42.75501 -42.86477 -42.98213 -43.10567 -43.23406
 -42.50477 -42.60783 -42.71626 -42.82786 -42.94033
 -41.17934 -41.18556 -41.19077 -41.19498 -41.19829
 -39.12577 -39.12584 -39.12590 -39.12594 -39.12598
 -37.44552 -37.44553 -37.44553 -37.44553 -37.44553
 -36.08202 -36.08202 -36.08202 -36.08202 -36.08202
 -34.96751 -34.96751 -34.96751 -34.96751 -34.96751
 -34.04620 -34.04620 -34.04620 -34.04620 -34.04620
 -33.27543 -33.27543 -33.27543 -33.27543 -33.27544
 -32.61988 -32.61988 -32.61988 -32.61989 -32.61990
 -32.05624 -32.05624 -32.05624 -32.05625 -32.05629
 -31.56390 -31.56390 -31.56390 -31.56393 -31.56403
 -31.13518 -31.13518 -31.13518 -31.13524 -31.13546
 -30.75705 -30.75705 -30.75705 -30.75710 -30.75755
 -30.42068 -30.42068 -30.42068 -30.42076 -30.42142
 -30.11833 -30.11833 -30.11833 -30.11843 -30.11906
 -29.83774 -29.83774 -29.83774 -29.83786 -29.83859
 -29.58266 -29.58266 -29.58266 -29.58266 -29.58357
 -29.35478 -29.35478 -29.35478 -29.35478 -29.35569
 -29.14188 -29.14188 -29.14188 -29.14188 -29.14276
 -28.95851 -28.95851 -28.95851 -28.95851 -28.95908
 -28.78224 -28.78224 -28.78224 -28.78224 -28.78276
 -28.63145 -28.63145 -28.63145 -28.63145 -28.63189
 -28.49421 -28.49421 -28.49421 -28.49421 -28.49459
 -28.37475 -28.37475 -28.37475 -28.37475 -28.37508
 -28.27617 -28.27617 -28.27617 -28.27617 -28.27635
 -28.18731 -28.18731 -28.18731 -28.18731 -28.18746
 -28.11241 -28.11241 -28.11241 -28.11241 -28.11253
 -28.05049 -28.05049 -28.05049 -28.05049 -28.05059
 -28.00045 -28.00045 -28.00045 -28.00045 -28.00053
 -27.96111 -27.96111 -27.96111 -27.96111 -27.96115
 -27.93125 -27.93125 -27.93125 -27.93125 -27.93128
 -27.90971 -27.90971 -27.90971 -27.90971 -27.90973
 -27.89538 -27.89538 -27.89538 -27.89538 -27.89540
 -27.88730 -27.88730 -27.88730 -27.88730 -27.88731
 -27.88465 -27.88465 -27.88465 -27.88465 -27.88465
 -27.88666 -27.88666 -27.88666 -27.88666 -27.88667
 -27.89262 -27.89262 -27.89262 -27.89262 -27.89262
 -27.90176 -27.90176 -27.90176 -27.90176 -27.90176
================================================================================
 -56.88572 -56.99783 -57.11707 -57.24202 -57.37140
 -52.54840 -52.66023 -52.77929 -52.90419 -53.03364
 -49.09767 -49.20911 -49.32787 -49.45251 -49.58177
 -46.35814 -46.46920 -46.58764 -46.71203 -46.84109
 -44.18891 -44.29957 -44.41769 -44.54183 -44.67070
 -42.47698 -42.58725 -42.70504 -42.82892 -42.95759
 -41.13175 -41.24162 -41.35909 -41.48271 -41.61117
 -40.08057 -40.19004 -40.30718 -40.43053 -40.55879
 -39.26518 -39.37425 -39.49105 -39.61414 -39.74219
 -38.63888 -38.74754 -38.86400 -38.98682 -39.11466
 -38.16419 -38.27244 -38.38856 -38.51111 -38.63874
 -37.81109 -37.91892 -38.03470 -38.15697 -38.28438
 -37.55537 -37.66275 -37.77813 -37.90006 -38.02716
 -37.36797 -37.47218 -37.58343 -37.69987 -37.81962
 -36.98488 -37.03774 -37.08740 -37.13206 -37.17063
 -35.91487 -35.91979 -35.92395 -35.92735 -35.93003
 -34.82033 -34.82074 -34.82109 -34.82137 -34.82159
 -33.90619 -33.90624 -33.90628 -33.90631 -33.90634
 -33.14456 -33.14456 -33.14457 -33.14458 -33.14458
 -32.50226 -32.50226 -32.50226 -32.50226 -32.50226
 -31.95101 -31.95101 -31.95101 -31.95101 -31.95102
 -31.47345 -31.47345 -31.47345 -31.47346 -31.47347
 -31.05399 -31.05399 -31.05399 -31.05400 -31.05403
 -30.68886 -30.68886 -30.68886 -30.68887 -30.68896
 -30.36760 -30.36760 -30.36760 -30.36760 -30.36781
 -30.08262 -30.08262 -30.08262 -30.08262 -30.08297
 -29.82640 -29.82640 -29.82640 -29.82640 -29.82678
 -29.58568 -29.58568 -29.58568 -29.58568 -29.58617
 -29.36451 -29.36451 -29.36451 -29.36451 -29.36508
 -29.16553 -29.16553 -29.16553 -29.16553 -29.16613
 -28.97515 -28.97515 -28.97515 -28.97515 -28.97576
 -28.81174 -28.81174 -28.81174 -28.81174 -28.81213
 -28.64877 -28.64877 -28.64877 -28.64877 -28.64914
 -28.50984 -28.50984 -28.50984 -28.50984 -28.51017
 -28.38093 -28.38093 -28.38093 -28.38093 -28.38122
 -28.26817 -28.26817 -28.26817 -28.26817 -28.26842
 -28.17630 -28.17630 -28.17630 -28.17630 -28.17642
 -28.09156 -28.09156 -28.09156 -28.09156 -28.09167
 -28.01995 -28.01995 -28.01995 -28.01995 -28.02003
 -27.96073 -27.96073 -27.96073 -27.96073 -27.96080
 -27.91295 -27.91295 -27.91295 -27.91295 -27.91297
 -27.87551 -27.87551 -27.87551 -27.87551 -27.87553
 -27.84728 -27.84728 -27.84728 -27.84728 -27.84729
 -27.82711 -27.82711 -27.82711 -27.82711 -27.82713
 -27.81396 -27.81396 -27.81396 -27.81396 -27.81396
 -27.80689 -27.80689 -27.80689 -27.80689 -27.80689
 -27.80511 -27.80511 -27.80511 -27.80511 -27.80511
 -27.80792 -27.80792 -27.80792 -27.80792 -27.80792
 -27.81456 -27.81456 -27.81456 -27.81456 -27.81456
 -27.82423 -27.82423 -27.82423 -27.82423 -27.82423
================================================================================
 -53.74664 -53.85717 -53.97517 -54.09922 -54.22802
 -49.46566 -49.57579 -49.69347 -49.81725 -49.94585
 -46.06039 -46.17012 -46.28747 -46.41100 -46.53939
 -43.35733 -43.46666 -43.58368 -43.70694 -43.83513
 -41.21736 -41.32628 -41.44297 -41.56596 -41.69394
 -39.52891 -39.63743 -39.75377 -39.87650 -40.00426
 -38.20253 -38.31063 -38.42664 -38.54909 -38.67664
 -37.16648 -37.27417 -37.38983 -37.51200 -37.63934
 -36.36325 -36.47052 -36.58583 -36.70772 -36.83484
 -35.74671 -35.85356 -35.96851 -36.09012 -36.21702
 -35.27987 -35.38629 -35.50090 -35.62222 -35.74889
 -34.93308 -35.03907 -35.15332 -35.27435 -35.40079
 -34.68253 -34.78808 -34.90195 -35.02267 -35.14886
 -34.50819 -34.61302 -34.72614 -34.84602 -34.97123
 -34.37927 -34.47904 -34.58544 -34.69637 -34.80964
 -34.16492 -34.23239 -34.29875 -34.36136 -34.41811
 -33.64485 -33.66508 -33.68294 -33.69805 -33.71039
 -32.98432 -32.98854 -32.99215 -32.99512 -32.99748
 -32.37544 -32.37640 -32.37720 -32.37787 -32.37839
 -31.84663 -31.84688 -31.84709 -31.84726 -31.84740
 -31.38503 -31.38510 -31.38516 -31.38521 -31.38526
 -30.97994 -30.97996 -30.97998 -30.98000 -30.98002
 -30.62022 -30.62023 -30.62024 -30.62024 -30.62026
 -30.30559 -30.30559 -30.30560 -30.30560 -30.30564
 -30.02823 -30.02823 -30.02823 -30.02823 -30.02833
 -29.78235 -29.78235 -29.78235 -29.78236 -29.78253
 -29.56149 -29.56149 -29.56149 -29.56149 -29.56177
 -29.35226 -29.35226 -29.35226 -29.35226 -29.35252
 -29.15893 -29.15893 -29.15893 -29.15893 -29.15926
 -28.98468 -28.98468 -28.98468 -28.98468 -28.98505
 -28.81456 -28.81456 -28.81456 -28.81456 -28.81496
 -28.66969 -28.66969 -28.66969 -28.66969 -28.67007
 -28.51972 -28.51972 -28.51972 -28.51972 -28.51995
 -28.39261 -28.39261 -28.39261 -28.39261 -28.39282
 -28.27225 -28.27225 -28.27225 -28.27225 -28.27243
 -28.16645 -28.16645 -28.16645 -28.16645 -28.16662
 -28.08160 -28.08160 -28.08160 -28.08160 -28.08166
 -28.00125 -28.00125 -28.00125 -28.00125 -28.00130
 -27.93316 -27.93316 -27.93316 -27.93316 -27.93320
 -27.87682 -27.87682 -27.87682 -27.87682 -27.87685
 -27.83143 -27.83143 -27.83143 -27.83143 -27.83143
 -27.79601 -27.79601 -27.79601 -27.79601 -27.79601
 -27.76947 -27.76947 -27.76947 -27.76947 -27.76947
 -27.75074 -27.75074 -27.75074 -27.75074 -27.75074
 -27.73879 -27.73879 -27.73879 -27.73879 -27.73879
 -27.73274 -27.73274 -27.73274 -27.73274 -27.73274
 -27.73184 -27.73184 -27.73184 -27.73184 -27.73184
 -27.73542 -27.73542 -27.73542 -27.73542 -27.73542
 -27.74274 -27.74274 -27.74274 -27.74274 -27.74274
 -27.75292 -27.75292 -27.75292 -27.75292 -27.75292
================================================================================
 -50.10916 -50.21807 -50.33475 -50.45773 -50.58570
 -46.15995 -46.26846 -46.38479 -46.50751 -46.63527
 -43.02075 -43.12884 -43.24483 -43.36727 -43.49482
 -40.53105 -40.63873 -40.75438 -40.87654 -41.00387
 -38.56219 -38.66945 -38.78475 -38.90663 -39.03374
 -37.01096 -37.11780 -37.23275 -37.35435 -37.48124
 -35.79464 -35.90104 -36.01564 -36.13695 -36.26362
 -34.84685 -34.95283 -35.06707 -35.18809 -35.31453
 -34.11442 -34.21996 -34.33384 -34.45457 -34.58077
 -33.55466 -33.65977 -33.77328 -33.89372 -34.01969
 -33.13338 -33.23805 -33.35119 -33.47132 -33.59706
 -32.82313 -32.92736 -33.04013 -33.15996 -33.28546
 -32.60189 -32.70566 -32.81803 -32.93753 -33.06274
 -32.45145 -32.55459 -32.66634 -32.78519 -32.90970
 -32.35358 -32.45486 -32.56427 -32.68011 -32.80066
 -32.27705 -32.37039 -32.46931 -32.57135 -32.67386
 -32.15400 -32.22377 -32.29351 -32.36043 -32.42213
 -31.90801 -31.94430 -31.97784 -32.00747 -32.03258
 -31.55948 -31.57378 -31.58637 -31.59702 -31.60570
 -31.18685 -31.19202 -31.19650 -31.20023 -31.20322
 -30.83052 -30.83241 -30.83403 -30.83538 -30.83646
 -30.50355 -30.50427 -30.50489 -30.50540 -30.50581
 -30.20522 -30.20551 -30.20576 -30.20596 -30.20614
 -29.94063 -29.94075 -29.94085 -29.94094 -29.94103
 -29.70533 -29.70539 -29.70543 -29.70547 -29.70555
 -29.49583 -29.49586 -29.49588 -29.49590 -29.49600
 -29.30715 -29.30716 -29.30717 -29.30718 -29.30733
 -29.12647 -29.12647 -29.12648 -29.12648 -29.12670
 -28.95856 -28.95856 -28.95856 -28.95857 -28.95874
 -28.80717 -28.80717 -28.80717 -28.80717 -28.80738
 -28.65635 -28.65636 -28.65636 -28.65636 -28.65658
 -28.52942 -28.52942 -28.52942 -28.52942 -28.52965
 -28.39257 -28.39257 -28.39257 -28.39257 -28.39268
 -28.27752 -28.27752 -28.27752 -28.27752 -28.27762
 -28.16613 -28.16613 -28.16613 -28.16613 -28.16622
 -28.06774 -28.06774 -28.06774 -28.06774 -28.06782
 -27.99037 -27.99037 -27.99037 -27.99037 -27.99037
 -27.91481 -27.91481 -27.91481 -27.91481 -27.91481
 -27.85057 -27.85057 -27.85057 -27.85057 -27.85057
 -27.79738 -27.79738 -27.79738 -27.79738 -27.79738
 -27.75462 -27.75462 -27.75462 -27.75462 -27.75462
 -27.72138 -27.72138 -27.72138 -27.72138 -27.72138
 -27.69669 -27.69669 -27.69669 -27.69669 -27.69669
 -27.67949 -27.67949 -27.67949 -27.67949 -27.67949
 -27.66881 -27.66881 -27.66881 -27.66881 -27.66881
 -27.66382 -27.66382 -27.66382 -27.66382 -27.66382
 -27.66383 -27.66383 -27.66383 -27.66383 -27.66383
 -27.66821 -27.66821 -27.66821 -27.66821 -27.66821
 -27.67620 -27.67620 -27.67620 -27.67620 -27.67620
 -27.68690 -27.68690 -27.68690 -27.68690 -27.68690
================================================================================
 -40.89970 -41.00706 -41.12245 -41.24440 -41.37157
 -38.50982 -38.61676 -38.73180 -38.85347 -38.98041
 -36.62100 -36.72752 -36.84220 -36.96359 -37.09031
 -35.13397 -35.24006 -35.35438 -35.47548 -35.60197
 -33.96913 -34.07478 -34.18875 -34.30955 -34.43581
 -33.06264 -33.16786 -33.28146 -33.40197 -33.52800
 -32.36332 -32.46810 -32.58133 -32.70154 -32.82734
 -31.83013 -31.93447 -32.04733 -32.16723 -32.29279
 -31.43015 -31.53405 -31.64653 -31.76614 -31.89145
 -31.13700 -31.24045 -31.35256 -31.47185 -31.59692
 -30.92950 -31.03249 -31.14420 -31.26317 -31.38798
 -30.79053 -30.89301 -31.00427 -31.12283 -31.24725
 -30.70586 -30.80763 -30.91814 -31.03589 -31.15937
 -30.66251 -30.76282 -30.87156 -30.98707 -31.10767
 -30.64639 -30.74319 -30.84735 -30.95686 -31.06953
 -30.63931 -30.72820 -30.82207 -30.91829 -31.01405
 -30.61745 -30.69175 -30.76747 -30.84172 -30.91178
 -30.55601 -30.61001 -30.66247 -30.71118 -30.75451
 -30.44100 -30.47453 -30.50564 -30.53318 -30.55659
 -30.27856 -30.29683 -30.31323 -30.32733 -30.33898
 -30.08528 -30.09442 -30.10248 -30.10929 -30.11485
 -29.88104 -29.88544 -29.88929 -29.89252 -29.89515
 -29.67712 -29.67921 -29.68104 -29.68258 -29.68383
 -29.48730 -29.48832 -29.48921 -29.48996 -29.49058
 -29.31306 -29.31358 -29.31403 -29.31440 -29.31473
 -29.15465 -29.15491 -29.15514 -29.15534 -29.15553
 -29.00955 -29.00969 -29.00981 -29.00991 -29.01006
 -28.86639 -28.86646 -28.86653 -28.86658 -28.86673
 -28.73095 -28.73099 -28.73103 -28.73106 -28.73115
 -28.60804 -28.60806 -28.60808 -28.60810 -28.60819
 -28.48118 -28.48119 -28.48120 -28.48121 -28.48131
 -28.37603 -28.37604 -28.37605 -28.37605 -28.37615
 -28.25555 -28.25556 -28.25556 -28.25556 -28.25557
 -28.15532 -28.15533 -28.15533 -28.15533 -28.15533
 -28.05512 -28.05512 -28.05513 -28.05513 -28.05513
 -27.96598 -27.96599 -27.96599 -27.96599 -27.96599
 -27.89784 -27.89784 -27.89784 -27.89784 -27.89784
 -27.82830 -27.82830 -27.82830 -27.82830 -27.82830
 -27.76890 -27.76890 -27.76890 -27.76890 -27.76890
 -27.71967 -27.71967 -27.71967 -27.71967 -27.71967
 -27.68017 -27.68017 -27.68017 -27.68017 -27.68017
 -27.64965 -27.64965 -27.64965 -27.64965 -27.64965
 -27.62721 -27.62721 -27.62721 -27.62721 -27.62721
 -27.61188 -27.61188 -27.61188 -27.61188 -27.61188
 -27.60272 -27.60272 -27.60272 -27.60272 -27.60272
 -27.59899 -27.59899 -27.59899 -27.59899 -27.59899
 -27.60005 -27.60005 -27.60005 -27.60005 -27.60005
 -27.60534 -27.60534 -27.60534 -27.60534 -27.60534
 -27.61411 -27.61411 -27.61411 -27.61411 -27.61411
 -27.62536 -27.62536 -27.62536 -27.62536 -27.62536
================================================================================
 -50.49267 -50.49267 -50.49267 -50.49267 -50.49267
 -46.32695 -46.32695 -46.32695 -46.32695 -46.32695
 -42.99503 -42.99503 -42.99503 -42.99503 -42.99503
 -40.33145 -40.33145 -40.33145 -40.33145 -40.33145
 -38.20349 -38.20349 -38.20349 -38.20349 -38.20349
 -36.50465 -36.50465 -36.50465 -36.50465 -36.50465
 -35.14947 -35.14947 -35.14947 -35.14947 -35.14947
 -34.06927 -34.06927 -34.06927 -34.06927 -34.06927
 -33.20878 -33.20878 -33.20878 -33.20878 -33.20878
 -32.52351 -32.52351 -32.52351 -32.52351 -32.52351
 -31.97743 -31.97743 -31.97743 -31.97743 -31.97743
 -31.54131 -31.54131 -31.54131 -31.54131 -31.54131
 -31.19134 -31.19134 -31.19134 -31.19134 -31.19134
 -30.90743 -30.90743 -30.90743 -30.90743 -30.90743
 -30.67349 -30.67349 -30.67349 -30.67349 -30.67349
 -30.47486 -30.47486 -30.47486 -30.47486 -30.47486
 -30.29968 -30.29968 -30.29968 -30.29968 -30.29968
 -30.13814 -30.13814 -30.13814 -30.13814 -30.13814
 -29.98127 -29.98127 -29.98127 -29.98127 -29.98127
 -29.82440 -29.82440 -29.82440 -29.82440 -29.82440
 -29.66345 -29.66345 -29.66345 -29.66345 -29.66345
 -29.50110 -29.50110 -29.50110 -29.50110 -29.50110
 -29.33843 -29.33843 -29.33843 -29.33843 -29.33843
 -29.18510 -29.18510 -29.18510 -29.18510 -29.18510
 -29.03735 -29.03735 -29.03735 -29.03736 -29.03737
 -28.87374 -28.87374 -28.87375 -28.87377 -28.87382
 -28.64661 -28.64663 -28.64666 -28.64672 -28.64686
 -28.34240 -28.34243 -28.34249 -28.34260 -28.34284
 -28.02981 -28.02985 -28.02993 -28.03007 -28.03038
 -27.76315 -27.76319 -27.76328 -27.76344 -27.76376
 -27.55562 -27.55566 -27.55575 -27.55591 -27.55623
 -27.40985 -27.40990 -27.40998 -27.41015 -27.41047
 -27.31116 -27.31120 -27.31129 -27.31145 -27.31175
 -27.25552 -27.25556 -27.25564 -27.25579 -27.25608
 -27.23018 -27.23022 -27.23029 -27.23043 -27.23071
 -27.22858 -27.22861 -27.22868 -27.22881 -27.22907
 -27.24654 -27.24658 -27.24664 -27.24676 -27.24699
 -27.27155 -27.27157 -27.27163 -27.27174 -27.27194
 -27.30135 -27.30137 -27.30142 -27.30151 -27.30169
 -27.33226 -27.33228 -27.33232 -27.33240 -27.33254
 -27.36188 -27.36190 -27.36193 -27.36200 -27.36212
 -27.38900 -27.38901 -27.38904 -27.38909 -27.38918
 -27.41330 -27.41331 -27.41333 -27.41337 -27.41344
 -27.43504 -27.43505 -27.43506 -27.43509 -27.43515
 -27.45480 -27.45480 -27.45481 -27.45484 -27.45488
 -27.47332 -27.47333 -27.47334 -27.47335 -27.47339
 -27.49139 -27.49139 -27.49140 -27.49141 -27.49144
 -27.50962 -27.50962 -27.50962 -27.50963 -27.50965
 -27.52820 -27.52821 -27.52821 -27.52822 -27.52823
 -27.54684 -27.54684 -27.54685 -27.54685 -27.54686
================================================================================
 -25.18657 -25.18657 -25.18657 -25.19608 -25.22121
 -25.23556 -25.23556 -25.23556 -25.24005 -25.26980
 -25.28475 -25.28475 -25.28475 -25.28917 -25.31141
 -25.33420 -25.33420 -25.33420 -25.33852 -25.36041
 -25.38392 -25.38392 -25.38392 -25.38815 -25.40963
 -25.43397 -25.43397 -25.43397 -25.43397 -25.45911
 -25.48437 -25.48437 -25.48437 -25.48437 -25.50888
 -25.53518 -25.53518 -25.53518 -25.53518 -25.55320
 -25.58642 -25.58642 -25.58642 -25.58642 -25.60385
 -25.63813 -25.63813 -25.63813 -25.63813 -25.65495
 -25.69036 -25.69036 -25.69036 -25.69036 -25.70653
 -25.74314 -25.74314 -25.74314 -25.74314 -25.75863
 -25.79652 -25.79652 -25.79652 -25.79652 -25.80697
 -25.85054 -25.85054 -25.85054 -25.85054 -25.86044
 -25.90524 -25.90524 -25.90524 -25.90524 -25.91458
 -25.96066 -25.96066 -25.96066 -25.96066 -25.96942
 -26.01685 -26.01685 -26.01685 -26.01685 -26.02501
 -26.07383 -26.07383 -26.07383 -26.07383 -26.07855
 -26.13162 -26.13162 -26.13162 -26.13162 -26.13596
 -26.19023 -26.19023 -26.19023 -26.19023 -26.19419
 -26.24966 -26.24966 -26.24966 -26.24966 -26.25325
 -26.30986 -26.30986 -26.30986 -26.30986 -26.31138
 -26.37079 -26.37079 -26.37079 -26.37079 -26.37216
 -26.43241 -26.43241 -26.43241 -26.43241 -26.43363
 -26.49458 -26.49458 -26.49458 -26.49458 -26.49567
 -26.55712 -26.55712 -26.55712 -26.55712 -26.55809
 -26.61915 -26.61915 -26.61915 -26.61915 -26.61915
 -26.67822 -26.67822 -26.67822 -26.67822 -26.67823
 -26.72911 -26.72911 -26.72912 -26.72912 -26.72914
 -26.76650 -26.76651 -26.76651 -26.76653 -26.76656
 -26.78841 -26.78842 -26.78843 -26.78846 -26.78851
 -26.79916 -26.79917 -26.79919 -26.79923 -26.79931
 -26.80701 -26.80703 -26.80705 -26.80710 -26.80720
 -26.81947 -26.81949 -26.81952 -26.81958 -26.81969
 -26.84084 -26.84086 -26.84089 -26.84095 -26.84107
 -26.87224 -26.87226 -26.87229 -26.87235 -26.87247
 -26.91268 -26.91269 -26.91273 -26.91279 -26.91290
 -26.95999 -26.96001 -26.96004 -26.96010 -26.96021
 -27.01162 -27.01164 -27.01167 -27.01172 -27.01182
 -27.06505 -27.06506 -27.06508 -27.06513 -27.06522
 -27.11807 -27.11808 -27.11810 -27.11814 -27.11822
 -27.16901 -27.16901 -27.16903 -27.16907 -27.16913
 -27.21674 -27.21674 -27.21676 -27.21679 -27.21684
 -27.26072 -27.26073 -27.26074 -27.26076 -27.26081
 -27.30100 -27.30100 -27.30101 -27.30103 -27.30107
 -27.33798 -27.33799 -27.33800 -27.33801 -27.33804
 -27.37216 -27.37216 -27.37217 -27.37218 -27.37220
 -27.40379 -27.40379 -27.40379 -27.40380 -27.40382
 -27.43298 -27.43298 -27.43299 -27.43299 -27.43301
 -27.46002 -27.46002 -27.46003 -27.46003 -27.46004
================================================================================
 -24.99871 -24.99871 -24.99871 -25.00237 -25.02054
 -25.04741 -25.04741 -25.04741 -25.05101 -25.06899
 -25.09626 -25.09626 -25.09626 -25.09626 -25.11755
 -25.14529 -25.14529 -25.14529 -25.14529 -25.16625
 -25.19453 -25.19453 -25.19453 -25.19453 -25.21017
 -25.24401 -25.24401 -25.24401 -25.24401 -25.25930
 -25.29376 -25.29376 -25.29376 -25.29376 -25.30866
 -25.34381 -25.34381 -25.34381 -25.34381 -25.35828
 -25.39418 -25.39418 -25.39418 -25.39418 -25.40819
 -25.44491 -25.44491 -25.44491 -25.44491 -25.45452
 -25.49602 -25.49602 -25.49602 -25.49602 -25.50525
 -25.54755 -25.54755 -25.54755 -25.54755 -25.55637
 -25.59951 -25.59951 -25.59951 -25.59951 -25.60792
 -25.65195 -25.65195 -25.65195 -25.65195 -25.65992
 -25.70488 -25.70488 -25.70488 -25.70488 -25.70961
 -25.75834 -25.75834 -25.75834 -25.75834 -25.76277
 -25.81235 -25.81235 -25.81235 -25.81235 -25.81646
 -25.86693 -25.86693 -25.86693 -25.86693 -25.87072
 -25.92207 -25.92207 -25.92207 -25.92207 -25.92370
 -25.97778 -25.97778 -25.97778 -25.97778 -25.97926
 -26.03404 -26.03404 -26.03404 -26.03404 -26.03539
 -26.09083 -26.09083 -26.09083 -26.09083 -26.09203
 -26.14809 -26.14809 -26.14809 -26.14809 -26.14809
 -26.20580 -26.20580 -26.20580 -26.20580 -26.20580
 -26.26387 -26.26387 -26.26387 -26.26387 -26.26387
 -26.32223 -26.32223 -26.32223 -26.32223 -26.32223
 -26.38076 -26.38076 -26.38076 -26.38076 -26.38076
 -26.43941 -26.43941 -26.43941 -26.43941 -26.43941
 -26.49799 -26.49799 -26.49799 -26.49799 -26.49799
 -26.55599 -26.55599 -26.55599 -26.55599 -26.55599
 -26.61369 -26.61369 -26.61369 -26.61369 -26.61369
 -26.67069 -26.67069 -26.67069 -26.67069 -26.67069
 -26.72677 -26.72677 -26.72677 -26.72677 -26.72677
 -26.78175 -26.78175 -26.78175 -26.78175 -26.78175
 -26.83544 -26.83544 -26.83544 -26.83544 -26.83544
 -26.88767 -26.88767 -26.88767 -26.88767 -26.88767
 -26.93827 -26.93827 -26.93827 -26.93827 -26.93827
 -26.98707 -26.98707 -26.98707 -26.98707 -26.98707
 -27.03393 -27.03393 -27.03393 -27.03393 -27.03393
 -27.07866 -27.07866 -27.07866 -27.07866 -27.07866
 -27.12115 -27.12115 -27.12115 -27.12115 -27.12115
 -27.16132 -27.16132 -27.16132 -27.16132 -27.16132
 -27.19911 -27.19911 -27.19911 -27.19911 -27.19911
 -27.23465 -27.23465 -27.23465 -27.23465 -27.23465
 -27.26828 -27.26828 -27.26828 -27.26828 -27.26828
 -27.30044 -27.30044 -27.30044 -27.30044 -27.30044
 -27.33138 -27.33138 -27.33138 -27.33138 -27.33138
 -27.36076 -27.36076 -27.36076 -27.36076 -27.36076
 -27.38816 -27.38816 -27.38816 -27.38816 -27.38816
 -27.41357 -27.41357 -27.41357 -27.41357 -27.41357
