   10    5   50    1   10 F: Be 50. Si3N4 0.055 Si 0.7 A:Si 3. 200. 380.       
================================================================================
  11.00000  12.00000  13.00000  14.00000  15.00000
   0.00000   0.09590   0.19179   0.28769   0.38359   0.47949   0.57538   0.67128
   0.76718   0.86308   0.95897   1.05487   1.15077   1.24667   1.34256   1.43846
   1.53436   1.63025   1.72615   1.82205   1.91795   2.01384   2.10974   2.20564
   2.30154   2.39743   2.49333   2.58923   2.68513   2.78102   2.87692   2.97282
   3.06872   3.16461   3.26051   3.35641   3.45230   3.54820   3.64410   3.74000
   3.83589   3.93179   4.02769   4.12359   4.21948   4.31538   4.41128   4.50718
   4.60307   4.69897
================================================================================
 -60.00000 -60.00000 -60.00000 -60.00000 -60.00000
 -60.00000 -60.00000 -60.00000 -60.00000 -60.00000
 -60.00000 -60.00000 -60.00000 -60.00000 -60.00000
 -60.00000 -60.00000 -60.00000 -60.00000 -60.00000
 -60.00000 -60.00000 -60.00000 -60.00000 -60.00000
 -59.99997 -59.99998 -59.99999 -59.99999 -59.99999
 -59.99989 -59.99992 -59.99994 -59.99996 -59.99997
 -59.99966 -59.99975 -59.99982 -59.99987 -59.99991
 -59.99923 -59.99944 -59.99959 -59.99970 -59.99979
 -59.99861 -59.99898 -59.99926 -59.99947 -59.99961
 -59.99790 -59.99847 -59.99889 -59.99919 -59.99942
 -59.99725 -59.99800 -59.99854 -59.99895 -59.99924
 -59.22939 -59.22954 -59.22965 -59.22973 -59.22979
 -54.86939 -54.86939 -54.86940 -54.86941 -54.86941
 -51.16036 -51.16038 -51.16046 -51.16056 -51.16056
 -48.00215 -48.00223 -48.00257 -48.00299 -48.00299
 -45.31427 -45.31445 -45.31522 -45.31619 -45.31619
 -43.03275 -43.03302 -43.03419 -43.03419 -43.03566
 -41.10067 -41.10098 -41.10148 -41.10235 -41.10406
 -39.46474 -39.46525 -39.46575 -39.46661 -39.46830
 -38.07808 -38.07854 -38.07898 -38.07975 -38.08126
 -36.90118 -36.90156 -36.90193 -36.90258 -36.90384
 -35.90180 -35.90211 -35.90241 -35.90294 -35.90396
 -35.05382 -35.05407 -35.05431 -35.05472 -35.05553
 -34.33435 -34.33454 -34.33472 -34.33504 -34.33567
 -33.72295 -33.72309 -33.72324 -33.72348 -33.72396
 -33.20128 -33.20140 -33.20150 -33.20169 -33.20205
 -32.75340 -32.75348 -32.75356 -32.75370 -32.75398
 -32.36641 -32.36644 -32.36654 -32.36664 -32.36685
 -32.03008 -32.03011 -32.03018 -32.03026 -32.03041
 -31.73627 -31.73629 -31.73635 -31.73641 -31.73652
 -31.47900 -31.47902 -31.47906 -31.47910 -31.47918
 -31.25310 -31.25312 -31.25314 -31.25317 -31.25323
 -31.05488 -31.05489 -31.05491 -31.05494 -31.05498
 -30.88101 -30.88102 -30.88103 -30.88105 -30.88108
 -30.72892 -30.72892 -30.72893 -30.72895 -30.72897
 -30.59647 -30.59647 -30.59647 -30.59649 -30.59650
 -30.48173 -30.48173 -30.48173 -30.48174 -30.48174
 -30.38317 -30.38317 -30.38318 -30.38318 -30.38318
 -30.29938 -30.29938 -30.29938 -30.29938 -30.29939
 -30.22902 -30.22902 -30.22903 -30.22903 -30.22903
 -30.17086 -30.17086 -30.17086 -30.17086 -30.17086
 -30.12367 -30.12367 -30.12368 -30.12368 -30.12368
 -30.08634 -30.08634 -30.08634 -30.08634 -30.08634
 -30.05778 -30.05778 -30.05778 -30.05778 -30.05778
 -30.03699 -30.03699 -30.03699 -30.03699 -30.03699
 -30.02305 -30.02305 -30.02305 -30.02305 -30.02305
 -30.01513 -30.01513 -30.01513 -30.01513 -30.01513
 -30.01248 -30.01248 -30.01248 -30.01248 -30.01248
 -30.01444 -30.01444 -30.01444 -30.01444 -30.01444
================================================================================
 -60.00000 -60.00000 -60.00000 -60.00000 -60.00000
 -60.00000 -60.00000 -60.00000 -60.00000 -60.00000
 -60.00000 -60.00000 -60.00000 -60.00000 -60.00000
 -60.00000 -60.00000 -60.00000 -60.00000 -60.00000
 -59.99995 -59.99997 -59.99997 -59.99998 -59.99999
 -59.99973 -59.99980 -59.99986 -59.99990 -59.99992
 -59.99896 -59.99923 -59.99944 -59.99959 -59.99971
 -59.99690 -59.99769 -59.99831 -59.99878 -59.99913
 -59.99221 -59.99408 -59.99564 -59.99690 -59.99784
 -59.98251 -59.98637 -59.98988 -59.99288 -59.99519
 -59.96517 -59.97216 -59.97910 -59.98537 -59.99033
 -59.93977 -59.95081 -59.96259 -59.97377 -59.98288
 -58.47385 -58.47440 -58.47500 -58.47557 -58.47603
 -54.11099 -54.11100 -54.11101 -54.11103 -54.11106
 -50.38295 -50.38300 -50.38310 -50.38334 -50.38361
 -47.18561 -47.18581 -47.18621 -47.18713 -47.18814
 -44.45779 -44.45837 -44.45920 -44.46113 -44.46324
 -42.15608 -42.15692 -42.15814 -42.16095 -42.16400
 -40.22466 -40.22565 -40.22708 -40.22835 -40.23398
 -38.60279 -38.60382 -38.60530 -38.60660 -38.61238
 -37.23529 -37.23626 -37.23766 -37.23889 -37.24434
 -36.07862 -36.07949 -36.08074 -36.08184 -36.08670
 -35.09824 -35.09867 -35.10008 -35.10103 -35.10255
 -34.26807 -34.26856 -34.26920 -34.27054 -34.27181
 -33.56514 -33.56553 -33.56606 -33.56716 -33.56821
 -32.96901 -32.96933 -32.96976 -32.97064 -32.97149
 -32.46148 -32.46174 -32.46208 -32.46278 -32.46346
 -32.02635 -32.02655 -32.02683 -32.02739 -32.02793
 -31.65133 -31.65149 -31.65170 -31.65215 -31.65257
 -31.32640 -31.32655 -31.32672 -31.32706 -31.32739
 -31.04298 -31.04305 -31.04322 -31.04349 -31.04375
 -30.79583 -30.79588 -30.79601 -30.79621 -30.79640
 -30.57878 -30.57882 -30.57892 -30.57898 -30.57923
 -30.38904 -30.38907 -30.38914 -30.38919 -30.38937
 -30.22277 -30.22280 -30.22283 -30.22289 -30.22304
 -30.07766 -30.07769 -30.07771 -30.07776 -30.07787
 -29.95176 -29.95177 -29.95179 -29.95182 -29.95190
 -29.84272 -29.84273 -29.84275 -29.84277 -29.84283
 -29.74929 -29.74929 -29.74931 -29.74933 -29.74937
 -29.67007 -29.67007 -29.67008 -29.67010 -29.67011
 -29.60377 -29.60378 -29.60378 -29.60379 -29.60380
 -29.54918 -29.54918 -29.54919 -29.54920 -29.54920
 -29.50513 -29.50513 -29.50514 -29.50514 -29.50515
 -29.47052 -29.47052 -29.47052 -29.47053 -29.47053
 -29.44430 -29.44430 -29.44430 -29.44430 -29.44431
 -29.42552 -29.42552 -29.42552 -29.42552 -29.42552
 -29.41329 -29.41329 -29.41329 -29.41329 -29.41329
 -29.40681 -29.40681 -29.40681 -29.40681 -29.40681
 -29.40537 -29.40537 -29.40537 -29.40537 -29.40537
 -29.40833 -29.40833 -29.40833 -29.40833 -29.40833
================================================================================
 -60.00000 -60.00000 -60.00000 -60.00000 -60.00000
 -60.00000 -60.00000 -60.00000 -60.00000 -60.00000
 -59.99999 -59.99999 -60.00000 -60.00000 -60.00000
 -59.99991 -59.99993 -59.99995 -59.99996 -59.99997
 -59.99934 -59.99951 -59.99964 -59.99974 -59.99981
 -59.99705 -59.99781 -59.99839 -59.99883 -59.99915
 -59.99080 -59.99317 -59.99497 -59.99632 -59.99732
 -59.97859 -59.98404 -59.98820 -59.99134 -59.99368
 -59.96024 -59.97005 -59.97766 -59.98350 -59.98792
 -59.93665 -59.95130 -59.96299 -59.97227 -59.97959
 -59.90723 -59.92618 -59.94204 -59.95550 -59.96692
 -59.86989 -59.89186 -59.91157 -59.92997 -59.94718
 -58.06861 -58.06901 -58.06938 -58.06974 -58.07010
 -53.68285 -53.68286 -53.68287 -53.68289 -53.68295
 -49.88188 -49.88198 -49.88208 -49.88227 -49.88274
 -46.59570 -46.59590 -46.59631 -46.59692 -46.59837
 -43.82182 -43.82219 -43.82297 -43.82412 -43.82682
 -41.51674 -41.51728 -41.51841 -41.52006 -41.52154
 -39.60448 -39.60529 -39.60669 -39.60872 -39.61054
 -38.01072 -38.01161 -38.01316 -38.01540 -38.01740
 -36.67206 -36.67298 -36.67455 -36.67683 -36.67886
 -35.54176 -35.54264 -35.54350 -35.54633 -35.54826
 -34.58361 -34.58414 -34.58520 -34.58662 -34.58957
 -33.77252 -33.77310 -33.77404 -33.77529 -33.77789
 -33.08552 -33.08603 -33.08683 -33.08791 -33.09015
 -32.50283 -32.50326 -32.50394 -32.50485 -32.50673
 -32.00673 -32.00708 -32.00764 -32.00840 -32.00995
 -31.58085 -31.58114 -31.58161 -31.58223 -31.58352
 -31.21398 -31.21418 -31.21464 -31.21515 -31.21621
 -30.89681 -30.89697 -30.89721 -30.89774 -30.89858
 -30.61999 -30.62011 -30.62031 -30.62074 -30.62142
 -30.37968 -30.37977 -30.37992 -30.38025 -30.38046
 -30.16819 -30.16828 -30.16840 -30.16855 -30.16884
 -29.98424 -29.98431 -29.98440 -29.98452 -29.98474
 -29.82321 -29.82325 -29.82334 -29.82343 -29.82361
 -29.68314 -29.68317 -29.68324 -29.68332 -29.68346
 -29.56234 -29.56237 -29.56240 -29.56247 -29.56257
 -29.45776 -29.45778 -29.45781 -29.45786 -29.45794
 -29.36847 -29.36849 -29.36851 -29.36855 -29.36861
 -29.29307 -29.29308 -29.29310 -29.29313 -29.29317
 -29.23026 -29.23027 -29.23028 -29.23030 -29.23034
 -29.17881 -29.17882 -29.17883 -29.17884 -29.17887
 -29.13757 -29.13758 -29.13758 -29.13759 -29.13762
 -29.10544 -29.10544 -29.10544 -29.10545 -29.10546
 -29.08138 -29.08138 -29.08139 -29.08139 -29.08140
 -29.06447 -29.06447 -29.06447 -29.06447 -29.06448
 -29.05384 -29.05384 -29.05384 -29.05384 -29.05384
 -29.04872 -29.04872 -29.04872 -29.04872 -29.04872
 -29.04842 -29.04842 -29.04842 -29.04842 -29.04842
 -29.05233 -29.05233 -29.05233 -29.05233 -29.05233
================================================================================
 -60.00000 -60.00000 -60.00000 -60.00000 -60.00000
 -60.00000 -60.00000 -60.00000 -60.00000 -60.00000
 -60.00000 -60.00000 -60.00000 -60.00000 -60.00000
 -59.99992 -59.99994 -59.99996 -59.99997 -59.99998
 -59.99927 -59.99946 -59.99960 -59.99971 -59.99979
 -59.99589 -59.99693 -59.99773 -59.99834 -59.99879
 -59.98469 -59.98854 -59.99151 -59.99376 -59.99544
 -59.95952 -59.96948 -59.97725 -59.98320 -59.98767
 -59.91905 -59.93823 -59.95352 -59.96541 -59.97447
 -59.86968 -59.89911 -59.92311 -59.94215 -59.95695
 -59.82006 -59.85818 -59.88999 -59.91584 -59.93646
 -59.77290 -59.81634 -59.85340 -59.88449 -59.91047
 -57.76143 -57.76189 -57.76226 -57.76256 -57.76281
 -53.18820 -53.18821 -53.18822 -53.18825 -53.18829
 -49.16684 -49.16687 -49.16692 -49.16704 -49.16723
 -45.80873 -45.80882 -45.80895 -45.80926 -45.80946
 -43.06128 -43.06145 -43.06172 -43.06234 -43.06273
 -40.81572 -40.81605 -40.81650 -40.81706 -40.81817
 -38.96888 -38.96923 -38.97000 -38.97081 -38.97238
 -37.43688 -37.43732 -37.43830 -37.43934 -37.44133
 -36.15251 -36.15302 -36.15377 -36.15535 -36.15765
 -35.06806 -35.06869 -35.06949 -35.07118 -35.07363
 -34.14704 -34.14768 -34.14848 -34.15018 -34.15263
 -33.36645 -33.36689 -33.36782 -33.36943 -33.37176
 -32.70374 -32.70414 -32.70500 -32.70648 -32.70860
 -32.14046 -32.14082 -32.14158 -32.14289 -32.14477
 -31.65989 -31.66020 -31.66085 -31.66150 -31.66360
 -31.24569 -31.24595 -31.24633 -31.24707 -31.24806
 -30.88842 -30.88857 -30.88896 -30.88959 -30.89042
 -30.57966 -30.57978 -30.58010 -30.58061 -30.58130
 -30.30927 -30.30938 -30.30964 -30.31007 -30.31063
 -30.07551 -30.07560 -30.07580 -30.07614 -30.07658
 -29.86859 -29.86865 -29.86883 -29.86910 -29.86947
 -29.68946 -29.68950 -29.68961 -29.68987 -29.69017
 -29.53249 -29.53251 -29.53261 -29.53275 -29.53306
 -29.39634 -29.39636 -29.39643 -29.39655 -29.39680
 -29.27980 -29.27982 -29.27987 -29.27995 -29.28014
 -29.17875 -29.17876 -29.17881 -29.17887 -29.17902
 -29.09282 -29.09282 -29.09286 -29.09291 -29.09297
 -29.02059 -29.02060 -29.02062 -29.02067 -29.02072
 -28.96076 -28.96076 -28.96078 -28.96082 -28.96086
 -28.91207 -28.91207 -28.91208 -28.91210 -28.91214
 -28.87333 -28.87333 -28.87334 -28.87336 -28.87339
 -28.84344 -28.84344 -28.84345 -28.84346 -28.84348
 -28.82138 -28.82138 -28.82138 -28.82139 -28.82140
 -28.80620 -28.80620 -28.80620 -28.80621 -28.80622
 -28.79707 -28.79707 -28.79708 -28.79708 -28.79709
 -28.79325 -28.79325 -28.79325 -28.79325 -28.79325
 -28.79404 -28.79404 -28.79404 -28.79404 -28.79404
 -28.79884 -28.79884 -28.79884 -28.79884 -28.79884
================================================================================
 -60.00000 -60.00000 -60.00000 -60.00000 -60.00000
 -60.00000 -60.00000 -60.00000 -60.00000 -60.00000
 -60.00000 -60.00000 -60.00000 -60.00000 -60.00000
 -59.99990 -59.99992 -59.99994 -59.99996 -59.99997
 -59.99893 -59.99920 -59.99941 -59.99956 -59.99968
 -59.99343 -59.99507 -59.99634 -59.99730 -59.99803
 -59.97399 -59.98035 -59.98534 -59.98916 -59.99204
 -59.92886 -59.94557 -59.95896 -59.96941 -59.97740
 -59.85676 -59.88831 -59.91443 -59.93538 -59.95177
 -59.77222 -59.81873 -59.85857 -59.89152 -59.91799
 -59.69370 -59.75182 -59.80300 -59.84648 -59.88228
 -59.63120 -59.69636 -59.75482 -59.80550 -59.84818
 -57.26678 -57.26708 -57.26732 -57.26750 -57.26764
 -52.37395 -52.37396 -52.37396 -52.37397 -52.37398
 -48.31265 -48.31266 -48.31268 -48.31270 -48.31276
 -45.02041 -45.02043 -45.02047 -45.02054 -45.02064
 -42.35363 -42.35367 -42.35377 -42.35394 -42.35417
 -40.18362 -40.18370 -40.18391 -40.18424 -40.18470
 -38.40377 -38.40390 -38.40424 -38.40480 -38.40555
 -36.93050 -36.93069 -36.93119 -36.93200 -36.93310
 -35.69703 -35.69729 -35.69793 -35.69898 -35.70041
 -34.65634 -34.65652 -34.65715 -34.65864 -34.66032
 -33.77172 -33.77193 -33.77261 -33.77367 -33.77607
 -33.02165 -33.02186 -33.02256 -33.02364 -33.02610
 -32.38395 -32.38415 -32.38484 -32.38589 -32.38827
 -31.84101 -31.84109 -31.84183 -31.84281 -31.84405
 -31.37683 -31.37691 -31.37758 -31.37846 -31.37957
 -30.97499 -30.97506 -30.97549 -30.97643 -30.97741
 -30.62768 -30.62775 -30.62811 -30.62893 -30.62978
 -30.32748 -30.32748 -30.32785 -30.32830 -30.32925
 -30.06341 -30.06341 -30.06372 -30.06410 -30.06490
 -29.83592 -29.83592 -29.83616 -29.83647 -29.83712
 -29.63297 -29.63297 -29.63312 -29.63344 -29.63399
 -29.45804 -29.45804 -29.45816 -29.45841 -29.45885
 -29.30433 -29.30433 -29.30443 -29.30464 -29.30500
 -29.17127 -29.17127 -29.17135 -29.17152 -29.17169
 -29.05821 -29.05821 -29.05828 -29.05836 -29.05853
 -28.95989 -28.95989 -28.95993 -28.96001 -28.96015
 -28.87658 -28.87658 -28.87660 -28.87667 -28.87678
 -28.80688 -28.80688 -28.80690 -28.80695 -28.80704
 -28.74947 -28.74947 -28.74948 -28.74952 -28.74959
 -28.70306 -28.70306 -28.70308 -28.70311 -28.70316
 -28.66646 -28.66646 -28.66647 -28.66649 -28.66653
 -28.63852 -28.63852 -28.63853 -28.63854 -28.63856
 -28.61821 -28.61821 -28.61821 -28.61822 -28.61824
 -28.60459 -28.60459 -28.60459 -28.60460 -28.60461
 -28.59684 -28.59684 -28.59684 -28.59684 -28.59685
 -28.59420 -28.59420 -28.59420 -28.59421 -28.59421
 -28.59601 -28.59601 -28.59601 -28.59601 -28.59601
 -28.60165 -28.60165 -28.60165 -28.60165 -28.60165
================================================================================
 -60.00000 -60.00000 -60.00000 -60.00000 -60.00000
 -60.00000 -60.00000 -60.00000 -60.00000 -60.00000
 -59.99998 -59.99998 -59.99999 -59.99999 -59.99999
 -59.99958 -59.99968 -59.99976 -59.99982 -59.99987
 -59.99603 -59.99701 -59.99777 -59.99835 -59.99879
 -59.97799 -59.98331 -59.98750 -59.99074 -59.99319
 -59.92228 -59.94014 -59.95461 -59.96602 -59.97482
 -59.81438 -59.85312 -59.88602 -59.91301 -59.93452
 -59.67421 -59.73430 -59.78794 -59.83405 -59.87238
 -59.53784 -59.61359 -59.68385 -59.74668 -59.80093
 -59.42864 -59.51399 -59.59512 -59.66966 -59.73585
 -59.35340 -59.44380 -59.53095 -59.61228 -59.68578
 -56.19901 -56.19907 -56.19912 -56.19916 -56.19919
 -51.31160 -51.31160 -51.31160 -51.31160 -51.31160
 -47.37383 -47.37383 -47.37383 -47.37384 -47.37385
 -44.20124 -44.20124 -44.20125 -44.20127 -44.20131
 -41.63693 -41.63693 -41.63697 -41.63702 -41.63709
 -39.55331 -39.55332 -39.55338 -39.55354 -39.55370
 -37.84652 -37.84654 -37.84667 -37.84698 -37.84730
 -36.43563 -36.43567 -36.43589 -36.43623 -36.43695
 -35.25571 -35.25571 -35.25610 -35.25659 -35.25764
 -34.26108 -34.26108 -34.26159 -34.26224 -34.26361
 -33.41555 -33.41555 -33.41600 -33.41694 -33.41858
 -32.69881 -32.69881 -32.69930 -32.70034 -32.70215
 -32.08905 -32.08905 -32.08956 -32.09064 -32.09251
 -31.56930 -31.56930 -31.56980 -31.57087 -31.57191
 -31.12419 -31.12419 -31.12466 -31.12532 -31.12664
 -30.73701 -30.73701 -30.73731 -30.73805 -30.73926
 -30.40155 -30.40155 -30.40182 -30.40248 -30.40357
 -30.11145 -30.11145 -30.11168 -30.11226 -30.11319
 -29.85477 -29.85477 -29.85497 -29.85547 -29.85627
 -29.63445 -29.63445 -29.63462 -29.63502 -29.63568
 -29.43589 -29.43589 -29.43597 -29.43626 -29.43694
 -29.26542 -29.26542 -29.26549 -29.26573 -29.26609
 -29.11499 -29.11499 -29.11505 -29.11524 -29.11554
 -28.98490 -28.98490 -28.98494 -28.98511 -28.98535
 -28.87520 -28.87520 -28.87521 -28.87536 -28.87554
 -28.77929 -28.77929 -28.77930 -28.77941 -28.77957
 -28.69823 -28.69823 -28.69824 -28.69830 -28.69845
 -28.63068 -28.63068 -28.63069 -28.63074 -28.63086
 -28.57534 -28.57534 -28.57534 -28.57539 -28.57545
 -28.53091 -28.53091 -28.53091 -28.53095 -28.53099
 -28.49616 -28.49616 -28.49616 -28.49619 -28.49623
 -28.46994 -28.46994 -28.46994 -28.46996 -28.46999
 -28.45120 -28.45120 -28.45120 -28.45121 -28.45124
 -28.43899 -28.43899 -28.43899 -28.43900 -28.43902
 -28.43249 -28.43249 -28.43249 -28.43249 -28.43251
 -28.43095 -28.43095 -28.43095 -28.43096 -28.43096
 -28.43371 -28.43371 -28.43371 -28.43371 -28.43372
 -28.44014 -28.44014 -28.44014 -28.44014 -28.44014
================================================================================
 -59.99994 -59.99996 -59.99997 -59.99998 -59.99998
 -59.99920 -59.99939 -59.99955 -59.99967 -59.99975
 -59.99391 -59.99538 -59.99655 -59.99744 -59.99812
 -59.97151 -59.97827 -59.98366 -59.98784 -59.99103
 -59.91225 -59.93197 -59.94815 -59.96102 -59.97101
 -59.81026 -59.84918 -59.88250 -59.91004 -59.93210
 -59.68735 -59.74485 -59.79628 -59.84056 -59.87738
 -59.57304 -59.64408 -59.70977 -59.76826 -59.81853
 -59.48490 -59.56431 -59.63934 -59.70772 -59.76787
 -59.42815 -59.51206 -59.59235 -59.66653 -59.73274
 -59.40118 -59.48691 -59.56942 -59.64615 -59.71511
 -59.32819 -59.39963 -59.46612 -59.52572 -59.57723
 -54.40722 -54.40722 -54.40722 -54.40722 -54.40722
 -49.79991 -49.79991 -49.79991 -49.79991 -49.79991
 -46.09876 -46.09876 -46.09876 -46.09876 -46.09876
 -43.11912 -43.11912 -43.11912 -43.11912 -43.11913
 -40.71226 -40.71226 -40.71226 -40.71228 -40.71229
 -38.75809 -38.75809 -38.75811 -38.75814 -38.75818
 -37.15874 -37.15874 -37.15879 -37.15885 -37.15898
 -35.83795 -35.83795 -35.83801 -35.83817 -35.83843
 -34.73417 -34.73417 -34.73427 -34.73455 -34.73500
 -33.80424 -33.80424 -33.80440 -33.80482 -33.80550
 -33.01343 -33.01343 -33.01365 -33.01422 -33.01514
 -32.34318 -32.34318 -32.34334 -32.34414 -32.34527
 -31.77251 -31.77251 -31.77270 -31.77334 -31.77434
 -31.28541 -31.28541 -31.28561 -31.28630 -31.28736
 -30.86733 -30.86733 -30.86753 -30.86822 -30.86928
 -30.50132 -30.50132 -30.50152 -30.50218 -30.50320
 -30.18303 -30.18303 -30.18311 -30.18383 -30.18478
 -29.90747 -29.90747 -29.90755 -29.90801 -29.90904
 -29.66153 -29.66153 -29.66160 -29.66201 -29.66292
 -29.45135 -29.45135 -29.45141 -29.45175 -29.45252
 -29.25902 -29.25902 -29.25902 -29.25937 -29.25981
 -29.09467 -29.09467 -29.09467 -29.09496 -29.09533
 -28.94857 -28.94857 -28.94857 -28.94882 -28.94913
 -28.82223 -28.82223 -28.82223 -28.82238 -28.82269
 -28.71666 -28.71666 -28.71666 -28.71678 -28.71702
 -28.62349 -28.62349 -28.62349 -28.62358 -28.62378
 -28.54487 -28.54487 -28.54487 -28.54494 -28.54505
 -28.47955 -28.47955 -28.47955 -28.47961 -28.47970
 -28.42628 -28.42628 -28.42628 -28.42632 -28.42640
 -28.38379 -28.38379 -28.38379 -28.38381 -28.38388
 -28.35084 -28.35084 -28.35084 -28.35086 -28.35091
 -28.32628 -28.32628 -28.32628 -28.32629 -28.32633
 -28.30903 -28.30903 -28.30903 -28.30904 -28.30907
 -28.29817 -28.29817 -28.29817 -28.29818 -28.29819
 -28.29287 -28.29287 -28.29287 -28.29288 -28.29289
 -28.29241 -28.29241 -28.29241 -28.29241 -28.29242
 -28.29610 -28.29610 -28.29610 -28.29610 -28.29610
 -28.30327 -28.30327 -28.30327 -28.30327 -28.30328
================================================================================
 -60.00000 -60.00000 -60.00000 -60.00000 -60.00000
 -60.00000 -60.00000 -60.00000 -60.00000 -60.00000
 -60.00000 -60.00000 -60.00000 -60.00000 -60.00000
 -60.00000 -60.00000 -60.00000 -60.00000 -60.00000
 -60.00000 -60.00000 -60.00000 -60.00000 -60.00000
 -60.00000 -60.00000 -60.00000 -60.00000 -60.00000
 -60.00000 -60.00000 -60.00000 -60.00000 -60.00000
 -60.00000 -60.00000 -60.00000 -60.00000 -60.00000
 -60.00000 -60.00000 -60.00000 -60.00000 -60.00000
 -60.00000 -60.00000 -60.00000 -60.00000 -60.00000
 -60.00000 -60.00000 -60.00000 -60.00000 -60.00000
 -59.01380 -59.01392 -59.01416 -59.01461 -59.01545
 -53.37472 -53.37520 -53.37610 -53.37783 -53.38110
 -48.63412 -48.63490 -48.63640 -48.63927 -48.64472
 -44.75078 -44.75169 -44.75344 -44.75678 -44.76314
 -41.62118 -41.62212 -41.62392 -41.62738 -41.63397
 -39.11134 -39.11227 -39.11406 -39.11750 -39.12406
 -37.09675 -37.09766 -37.09942 -37.10279 -37.10923
 -35.47780 -35.47869 -35.48041 -35.48370 -35.48997
 -34.17990 -34.18076 -34.18242 -34.18561 -34.19171
 -33.14609 -33.14692 -33.14853 -33.15162 -33.15753
 -32.33015 -32.33095 -32.33250 -32.33549 -32.34118
 -31.69232 -31.69309 -31.69457 -31.69743 -31.70291
 -31.19801 -31.19874 -31.20014 -31.20287 -31.20810
 -30.81603 -30.81670 -30.81800 -30.82057 -30.82544
 -30.51785 -30.51844 -30.51959 -30.52199 -30.52645
 -30.27666 -30.27717 -30.27814 -30.28030 -30.28425
 -30.06646 -30.06686 -30.06762 -30.06938 -30.07281
 -29.86933 -29.86961 -29.87016 -29.87158 -29.87436
 -29.67713 -29.67732 -29.67768 -29.67877 -29.68093
 -29.48500 -29.48512 -29.48534 -29.48616 -29.48780
 -29.30393 -29.30400 -29.30413 -29.30473 -29.30571
 -29.12861 -29.12865 -29.12873 -29.12909 -29.12992
 -28.97165 -28.97167 -28.97172 -28.97198 -28.97260
 -28.82906 -28.82907 -28.82909 -28.82930 -28.82979
 -28.70375 -28.70375 -28.70377 -28.70393 -28.70431
 -28.59738 -28.59739 -28.59740 -28.59752 -28.59780
 -28.50379 -28.50379 -28.50380 -28.50386 -28.50405
 -28.42466 -28.42467 -28.42467 -28.42472 -28.42487
 -28.35892 -28.35892 -28.35893 -28.35896 -28.35908
 -28.30537 -28.30537 -28.30537 -28.30540 -28.30550
 -28.26276 -28.26276 -28.26277 -28.26278 -28.26286
 -28.22987 -28.22987 -28.22987 -28.22988 -28.22995
 -28.20551 -28.20551 -28.20551 -28.20552 -28.20555
 -28.18858 -28.18858 -28.18858 -28.18858 -28.18861
 -28.17811 -28.17811 -28.17811 -28.17811 -28.17813
 -28.17323 -28.17323 -28.17323 -28.17324 -28.17325
 -28.17321 -28.17321 -28.17321 -28.17321 -28.17322
 -28.17732 -28.17732 -28.17732 -28.17732 -28.17732
 -28.18492 -28.18492 -28.18492 -28.18492 -28.18492
================================================================================
 -28.30485 -28.30485 -28.30485 -28.30485 -28.30485
 -28.35191 -28.35191 -28.35191 -28.35191 -28.35191
 -28.39876 -28.39876 -28.39876 -28.39876 -28.39876
 -28.44534 -28.44534 -28.44534 -28.44534 -28.44534
 -28.49158 -28.49158 -28.49158 -28.49158 -28.49158
 -28.53738 -28.53738 -28.53738 -28.53738 -28.53738
 -28.58263 -28.58263 -28.58263 -28.58263 -28.58263
 -28.62719 -28.62719 -28.62719 -28.62719 -28.62719
 -28.67087 -28.67087 -28.67087 -28.67087 -28.67087
 -28.71346 -28.71346 -28.71346 -28.71346 -28.71346
 -28.75470 -28.75470 -28.75470 -28.75470 -28.75470
 -28.79426 -28.79426 -28.79426 -28.79426 -28.79426
 -28.83172 -28.83172 -28.83172 -28.83172 -28.83172
 -28.86662 -28.86662 -28.86662 -28.86662 -28.86662
 -28.89835 -28.89835 -28.89835 -28.89835 -28.89835
 -28.92619 -28.92619 -28.92619 -28.92619 -28.92619
 -28.94922 -28.94922 -28.94922 -28.94922 -28.94922
 -28.96642 -28.96642 -28.96642 -28.96642 -28.96642
 -28.97668 -28.97668 -28.97668 -28.97668 -28.97668
 -28.97937 -28.97937 -28.97937 -28.97937 -28.97937
 -28.97324 -28.97324 -28.97324 -28.97324 -28.97324
 -28.95780 -28.95780 -28.95781 -28.95782 -28.95784
 -28.93214 -28.93216 -28.93218 -28.93222 -28.93230
 -28.89237 -28.89240 -28.89246 -28.89258 -28.89279
 -28.83691 -28.83697 -28.83709 -28.83732 -28.83775
 -28.77144 -28.77154 -28.77172 -28.77207 -28.77273
 -28.70536 -28.70548 -28.70571 -28.70616 -28.70702
 -28.64123 -28.64136 -28.64161 -28.64212 -28.64309
 -28.59005 -28.59019 -28.59045 -28.59097 -28.59197
 -28.54205 -28.54218 -28.54242 -28.54291 -28.54388
 -28.51384 -28.51396 -28.51417 -28.51463 -28.51554
 -28.46901 -28.46910 -28.46927 -28.46965 -28.47041
 -28.43259 -28.43266 -28.43280 -28.43311 -28.43376
 -28.38581 -28.38586 -28.38596 -28.38621 -28.38675
 -28.33907 -28.33911 -28.33918 -28.33937 -28.33981
 -28.30621 -28.30623 -28.30629 -28.30641 -28.30679
 -28.25820 -28.25822 -28.25825 -28.25834 -28.25866
 -28.21333 -28.21334 -28.21337 -28.21343 -28.21364
 -28.17302 -28.17303 -28.17305 -28.17310 -28.17326
 -28.13830 -28.13830 -28.13831 -28.13834 -28.13848
 -28.10964 -28.10965 -28.10965 -28.10967 -28.10978
 -28.08709 -28.08709 -28.08709 -28.08710 -28.08719
 -28.07034 -28.07034 -28.07035 -28.07035 -28.07041
 -28.05892 -28.05892 -28.05892 -28.05893 -28.05897
 -28.05230 -28.05230 -28.05230 -28.05231 -28.05234
 -28.05008 -28.05008 -28.05008 -28.05008 -28.05010
 -28.05192 -28.05192 -28.05192 -28.05192 -28.05194
 -28.05743 -28.05743 -28.05744 -28.05744 -28.05745
 -28.06595 -28.06595 -28.06595 -28.06595 -28.06595
 -28.07648 -28.07648 -28.07648 -28.07648 -28.07649
================================================================================
 -27.16526 -27.16526 -27.17765 -27.20091 -27.22718
 -27.21477 -27.21477 -27.22681 -27.24956 -27.27543
 -27.26448 -27.26448 -27.27614 -27.29832 -27.32373
 -27.31440 -27.31440 -27.32565 -27.34721 -27.37208
 -27.36452 -27.36452 -27.37138 -27.39005 -27.42047
 -27.41482 -27.41482 -27.42138 -27.43934 -27.45986
 -27.46527 -27.46527 -27.47152 -27.48873 -27.50854
 -27.51584 -27.51584 -27.52175 -27.53816 -27.55723
 -27.56644 -27.56644 -27.56908 -27.58758 -27.60584
 -27.61701 -27.61701 -27.61947 -27.63690 -27.65429
 -27.66742 -27.66742 -27.66970 -27.68189 -27.70248
 -27.71752 -27.71752 -27.71961 -27.73089 -27.75025
 -27.76711 -27.76711 -27.76901 -27.77936 -27.79180
 -27.81591 -27.81591 -27.81591 -27.82702 -27.83849
 -27.86359 -27.86359 -27.86359 -27.87356 -27.88402
 -27.90973 -27.90973 -27.90973 -27.91630 -27.92801
 -27.95381 -27.95381 -27.95381 -27.95955 -27.96996
 -27.99522 -27.99522 -27.99522 -28.00018 -28.00930
 -28.03322 -28.03322 -28.03322 -28.03745 -28.04533
 -28.06709 -28.06709 -28.06709 -28.07064 -28.07519
 -28.09704 -28.09704 -28.09704 -28.09908 -28.10378
 -28.12350 -28.12350 -28.12350 -28.12516 -28.12903
 -28.14651 -28.14651 -28.14651 -28.14785 -28.15099
 -28.16657 -28.16657 -28.16657 -28.16764 -28.17017
 -28.18137 -28.18137 -28.18137 -28.18222 -28.18422
 -28.19413 -28.19413 -28.19413 -28.19454 -28.19586
 -28.20466 -28.20466 -28.20466 -28.20497 -28.20600
 -28.20005 -28.20005 -28.20005 -28.20029 -28.20107
 -28.19488 -28.19488 -28.19488 -28.19506 -28.19566
 -28.18019 -28.18019 -28.18019 -28.18025 -28.18079
 -28.16493 -28.16493 -28.16493 -28.16498 -28.16540
 -28.13481 -28.13481 -28.13481 -28.13485 -28.13510
 -28.10368 -28.10368 -28.10368 -28.10372 -28.10393
 -28.08984 -28.08984 -28.08984 -28.08987 -28.09007
 -28.06829 -28.06829 -28.06829 -28.06829 -28.06850
 -28.03839 -28.03839 -28.03839 -28.03839 -28.03858
 -28.01099 -28.01099 -28.01099 -28.01099 -28.01112
 -27.98676 -27.98676 -27.98676 -27.98676 -27.98687
 -27.96630 -27.96630 -27.96630 -27.96630 -27.96640
 -27.94995 -27.94995 -27.94995 -27.94995 -27.95004
 -27.93785 -27.93785 -27.93785 -27.93785 -27.93792
 -27.92993 -27.92993 -27.92993 -27.92993 -27.92997
 -27.92585 -27.92585 -27.92585 -27.92585 -27.92589
 -27.92522 -27.92522 -27.92522 -27.92522 -27.92525
 -27.92764 -27.92764 -27.92764 -27.92764 -27.92767
 -27.93297 -27.93297 -27.93297 -27.93297 -27.93298
 -27.94118 -27.94118 -27.94118 -27.94118 -27.94119
 -27.95212 -27.95212 -27.95212 -27.95212 -27.95213
 -27.96502 -27.96502 -27.96502 -27.96502 -27.96502
 -27.97851 -27.97851 -27.97851 -27.97851 -27.97852
