   13    5   50    1   13 F: Be 50. Si3N4 0.055 Si 0.7 A:Si 3. 200. 380.       
================================================================================
  11.00000  12.00000  13.00000  14.00000  15.00000
   0.00000   0.09590   0.19179   0.28769   0.38359   0.47949   0.57538   0.67128
   0.76718   0.86308   0.95897   1.05487   1.15077   1.24667   1.34256   1.43846
   1.53436   1.63025   1.72615   1.82205   1.91795   2.01384   2.10974   2.20564
   2.30154   2.39743   2.49333   2.58923   2.68513   2.78102   2.87692   2.97282
   3.06872   3.16461   3.26051   3.35641   3.45230   3.54820   3.64410   3.74000
   3.83589   3.93179   4.02769   4.12359   4.21948   4.31538   4.41128   4.50718
   4.60307   4.69897
================================================================================
 -59.99996 -59.99997 -59.99998 -59.99999 -59.99999
 -59.99979 -59.99985 -59.99989 -59.99992 -59.99994
 -59.99921 -59.99943 -59.99958 -59.99970 -59.99978
 -59.99788 -59.99846 -59.99888 -59.99919 -59.99941
 -59.99560 -59.99679 -59.99767 -59.99832 -59.99878
 -59.99257 -59.99458 -59.99607 -59.99715 -59.99794
 -59.98935 -59.99223 -59.99436 -59.99592 -59.99705
 -59.98659 -59.99023 -59.99291 -59.99487 -59.99630
 -59.98476 -59.98891 -59.99197 -59.99420 -59.99582
 -59.98404 -59.98840 -59.99162 -59.99396 -59.99566
 -59.98434 -59.98865 -59.99183 -59.99413 -59.99578
 -59.98544 -59.98948 -59.99244 -59.99459 -59.99612
 -59.22772 -59.22835 -59.22881 -59.22913 -59.22937
 -54.86962 -54.86962 -54.86963 -54.86964 -54.86964
 -51.16192 -51.16194 -51.16202 -51.16212 -51.16212
 -48.00681 -48.00689 -48.00723 -48.00766 -48.00766
 -45.32202 -45.32220 -45.32299 -45.32398 -45.32398
 -43.04147 -43.04175 -43.04294 -43.04294 -43.04445
 -41.10835 -41.10867 -41.10918 -41.11006 -41.11181
 -39.47056 -39.47108 -39.47158 -39.47245 -39.47417
 -38.08215 -38.08262 -38.08306 -38.08384 -38.08536
 -36.90389 -36.90429 -36.90466 -36.90531 -36.90658
 -35.90359 -35.90391 -35.90421 -35.90473 -35.90576
 -35.05499 -35.05524 -35.05548 -35.05589 -35.05670
 -34.33512 -34.33531 -34.33550 -34.33582 -34.33644
 -33.72346 -33.72361 -33.72375 -33.72400 -33.72448
 -33.20164 -33.20175 -33.20186 -33.20204 -33.20240
 -32.75366 -32.75374 -32.75382 -32.75396 -32.75423
 -32.36661 -32.36663 -32.36673 -32.36684 -32.36704
 -32.03023 -32.03026 -32.03033 -32.03041 -32.03056
 -31.73639 -31.73641 -31.73647 -31.73652 -31.73664
 -31.47910 -31.47911 -31.47915 -31.47919 -31.47927
 -31.25318 -31.25319 -31.25322 -31.25325 -31.25331
 -31.05495 -31.05495 -31.05498 -31.05500 -31.05504
 -30.88106 -30.88107 -30.88108 -30.88110 -30.88113
 -30.72896 -30.72896 -30.72897 -30.72899 -30.72901
 -30.59650 -30.59650 -30.59650 -30.59652 -30.59653
 -30.48175 -30.48175 -30.48176 -30.48177 -30.48177
 -30.38319 -30.38319 -30.38319 -30.38320 -30.38320
 -30.29939 -30.29939 -30.29940 -30.29940 -30.29940
 -30.22903 -30.22904 -30.22904 -30.22904 -30.22904
 -30.17086 -30.17086 -30.17087 -30.17087 -30.17087
 -30.12368 -30.12368 -30.12368 -30.12368 -30.12368
 -30.08635 -30.08635 -30.08635 -30.08635 -30.08635
 -30.05778 -30.05778 -30.05778 -30.05778 -30.05778
 -30.03699 -30.03699 -30.03699 -30.03699 -30.03699
 -30.02305 -30.02305 -30.02305 -30.02305 -30.02305
 -30.01513 -30.01513 -30.01513 -30.01513 -30.01513
 -30.01248 -30.01248 -30.01248 -30.01248 -30.01248
 -30.01444 -30.01444 -30.01444 -30.01444 -30.01444
================================================================================
 -59.99935 -59.99952 -59.99965 -59.99975 -59.99982
 -59.99731 -59.99802 -59.99856 -59.99895 -59.99924
 -59.99212 -59.99421 -59.99577 -59.99692 -59.99776
 -59.98262 -59.98718 -59.99061 -59.99315 -59.99502
 -59.96940 -59.97734 -59.98334 -59.98782 -59.99114
 -59.95492 -59.96646 -59.97525 -59.98187 -59.98678
 -59.94215 -59.95676 -59.96800 -59.97651 -59.98285
 -59.93316 -59.94985 -59.96280 -59.97266 -59.98005
 -59.92866 -59.94629 -59.96009 -59.97068 -59.97864
 -59.92829 -59.94584 -59.95971 -59.97045 -59.97855
 -59.93124 -59.94789 -59.96120 -59.97161 -59.97949
 -59.93657 -59.95176 -59.96405 -59.97377 -59.98117
 -58.47519 -58.47564 -58.47600 -58.47628 -58.47649
 -54.11350 -54.11351 -54.11352 -54.11354 -54.11357
 -50.39682 -50.39688 -50.39699 -50.39723 -50.39751
 -47.21982 -47.22005 -47.22048 -47.22148 -47.22257
 -44.50658 -44.50723 -44.50816 -44.51032 -44.51268
 -42.20658 -42.20753 -42.20889 -42.21205 -42.21549
 -40.26867 -40.26977 -40.27135 -40.27276 -40.27899
 -38.63769 -38.63881 -38.64041 -38.64182 -38.64809
 -37.26166 -37.26270 -37.26419 -37.26550 -37.27130
 -36.09805 -36.09896 -36.10027 -36.10143 -36.10651
 -35.11248 -35.11293 -35.11438 -35.11536 -35.11694
 -34.27842 -34.27892 -34.27958 -34.28094 -34.28225
 -33.57266 -33.57306 -33.57360 -33.57472 -33.57578
 -32.97447 -32.97479 -32.97523 -32.97612 -32.97698
 -32.46544 -32.46570 -32.46604 -32.46675 -32.46743
 -32.02926 -32.02946 -32.02974 -32.03030 -32.03084
 -31.65345 -31.65362 -31.65383 -31.65428 -31.65471
 -31.32792 -31.32807 -31.32824 -31.32859 -31.32891
 -31.04409 -31.04417 -31.04434 -31.04461 -31.04486
 -30.79659 -30.79665 -30.79677 -30.79697 -30.79716
 -30.57935 -30.57939 -30.57949 -30.57955 -30.57980
 -30.38943 -30.38947 -30.38954 -30.38959 -30.38977
 -30.22307 -30.22309 -30.22312 -30.22319 -30.22333
 -30.07788 -30.07790 -30.07792 -30.07797 -30.07808
 -29.95189 -29.95191 -29.95192 -29.95196 -29.95203
 -29.84282 -29.84283 -29.84284 -29.84287 -29.84293
 -29.74936 -29.74936 -29.74938 -29.74940 -29.74944
 -29.67012 -29.67012 -29.67013 -29.67015 -29.67016
 -29.60380 -29.60381 -29.60382 -29.60383 -29.60384
 -29.54920 -29.54921 -29.54921 -29.54922 -29.54923
 -29.50515 -29.50515 -29.50515 -29.50516 -29.50516
 -29.47053 -29.47053 -29.47053 -29.47053 -29.47054
 -29.44431 -29.44431 -29.44431 -29.44431 -29.44431
 -29.42552 -29.42552 -29.42552 -29.42552 -29.42553
 -29.41329 -29.41329 -29.41329 -29.41329 -29.41329
 -29.40681 -29.40681 -29.40681 -29.40681 -29.40681
 -29.40537 -29.40537 -29.40537 -29.40537 -29.40537
 -29.40833 -29.40833 -29.40833 -29.40833 -29.40833
================================================================================
 -60.00000 -60.00000 -60.00000 -60.00000 -60.00000
 -60.00000 -60.00000 -60.00000 -60.00000 -60.00000
 -60.00000 -60.00000 -60.00000 -60.00000 -60.00000
 -60.00000 -60.00000 -60.00000 -60.00000 -60.00000
 -60.00000 -60.00000 -60.00000 -60.00000 -60.00000
 -60.00000 -60.00000 -60.00000 -60.00000 -60.00000
 -60.00000 -60.00000 -60.00000 -60.00000 -60.00000
 -60.00000 -60.00000 -60.00000 -60.00000 -60.00000
 -60.00000 -60.00000 -60.00000 -60.00000 -60.00000
 -59.99999 -59.99999 -59.99999 -59.99999 -60.00000
 -59.99988 -59.99989 -59.99990 -59.99992 -59.99994
 -59.99904 -59.99910 -59.99919 -59.99933 -59.99950
 -58.07293 -58.07294 -58.07295 -58.07295 -58.07297
 -53.70557 -53.70558 -53.70560 -53.70562 -53.70568
 -49.97591 -49.97602 -49.97615 -49.97639 -49.97697
 -46.77195 -46.77224 -46.77286 -46.77377 -46.77595
 -44.03152 -44.03212 -44.03339 -44.03524 -44.03965
 -41.71711 -41.71796 -41.71976 -41.72238 -41.72474
 -39.77699 -39.77820 -39.78028 -39.78332 -39.78603
 -38.15141 -38.15264 -38.15479 -38.15789 -38.16067
 -36.78367 -36.78485 -36.78689 -36.78985 -36.79248
 -35.62898 -35.63005 -35.63110 -35.63456 -35.63693
 -34.65164 -34.65226 -34.65350 -34.65516 -34.65861
 -33.82529 -33.82594 -33.82700 -33.82842 -33.83136
 -33.12647 -33.12702 -33.12791 -33.12910 -33.13156
 -32.53460 -32.53506 -32.53579 -32.53677 -32.53880
 -32.03135 -32.03172 -32.03232 -32.03312 -32.03477
 -31.60024 -31.60054 -31.60103 -31.60169 -31.60303
 -31.22924 -31.22944 -31.22992 -31.23045 -31.23155
 -30.90860 -30.90876 -30.90901 -30.90956 -30.91042
 -30.62931 -30.62944 -30.62964 -30.63008 -30.63077
 -30.38667 -30.38676 -30.38691 -30.38725 -30.38746
 -30.17381 -30.17390 -30.17403 -30.17418 -30.17447
 -29.98854 -29.98861 -29.98870 -29.98882 -29.98905
 -29.82662 -29.82666 -29.82675 -29.82684 -29.82702
 -29.68582 -29.68586 -29.68593 -29.68600 -29.68614
 -29.56426 -29.56429 -29.56432 -29.56439 -29.56449
 -29.45925 -29.45927 -29.45930 -29.45935 -29.45943
 -29.36962 -29.36964 -29.36966 -29.36970 -29.36976
 -29.29395 -29.29396 -29.29398 -29.29401 -29.29406
 -29.23093 -29.23094 -29.23095 -29.23098 -29.23101
 -29.17932 -29.17932 -29.17933 -29.17934 -29.17938
 -29.13794 -29.13795 -29.13795 -29.13796 -29.13799
 -29.10570 -29.10571 -29.10571 -29.10572 -29.10573
 -29.08157 -29.08157 -29.08157 -29.08158 -29.08159
 -29.06460 -29.06460 -29.06460 -29.06460 -29.06461
 -29.05392 -29.05392 -29.05392 -29.05393 -29.05393
 -29.04877 -29.04877 -29.04877 -29.04877 -29.04877
 -29.04845 -29.04845 -29.04845 -29.04845 -29.04845
 -29.05234 -29.05234 -29.05234 -29.05234 -29.05234
================================================================================
 -60.00000 -60.00000 -60.00000 -60.00000 -60.00000
 -60.00000 -60.00000 -60.00000 -60.00000 -60.00000
 -60.00000 -60.00000 -60.00000 -60.00000 -60.00000
 -60.00000 -60.00000 -60.00000 -60.00000 -60.00000
 -60.00000 -60.00000 -60.00000 -60.00000 -60.00000
 -60.00000 -60.00000 -60.00000 -60.00000 -60.00000
 -59.99998 -59.99999 -59.99999 -59.99999 -60.00000
 -59.99984 -59.99988 -59.99991 -59.99994 -59.99995
 -59.99914 -59.99936 -59.99952 -59.99965 -59.99974
 -59.99679 -59.99761 -59.99823 -59.99870 -59.99905
 -59.99141 -59.99357 -59.99523 -59.99649 -59.99743
 -59.98214 -59.98654 -59.98995 -59.99256 -59.99453
 -57.74334 -57.74338 -57.74342 -57.74344 -57.74347
 -53.16534 -53.16535 -53.16536 -53.16538 -53.16542
 -49.20900 -49.20904 -49.20909 -49.20922 -49.20944
 -45.92401 -45.92412 -45.92430 -45.92470 -45.92496
 -43.22888 -43.22913 -43.22953 -43.23043 -43.23102
 -41.01113 -41.01166 -41.01235 -41.01324 -41.01497
 -39.17045 -39.17099 -39.17222 -39.17351 -39.17603
 -37.62821 -37.62889 -37.63042 -37.63203 -37.63515
 -36.32385 -36.32461 -36.32572 -36.32808 -36.33151
 -35.21524 -35.21613 -35.21726 -35.21963 -35.22308
 -34.27046 -34.27131 -34.27237 -34.27463 -34.27790
 -33.46781 -33.46837 -33.46955 -33.47159 -33.47453
 -32.78600 -32.78649 -32.78752 -32.78931 -32.79189
 -32.20664 -32.20706 -32.20794 -32.20947 -32.21166
 -31.71277 -31.71313 -31.71387 -31.71459 -31.71697
 -31.28842 -31.28871 -31.28912 -31.28994 -31.29103
 -30.92285 -30.92301 -30.92343 -30.92411 -30.92501
 -30.60690 -30.60704 -30.60738 -30.60792 -30.60865
 -30.33128 -30.33139 -30.33167 -30.33212 -30.33271
 -30.09244 -30.09252 -30.09274 -30.09308 -30.09355
 -29.88248 -29.88255 -29.88272 -29.88301 -29.88339
 -29.70034 -29.70037 -29.70049 -29.70076 -29.70106
 -29.54128 -29.54131 -29.54140 -29.54155 -29.54187
 -29.40340 -29.40342 -29.40350 -29.40361 -29.40387
 -29.28500 -29.28502 -29.28507 -29.28516 -29.28534
 -29.18286 -29.18287 -29.18292 -29.18298 -29.18313
 -29.09605 -29.09606 -29.09610 -29.09615 -29.09622
 -29.02312 -29.02313 -29.02315 -29.02320 -29.02325
 -28.96272 -28.96272 -28.96274 -28.96278 -28.96282
 -28.91356 -28.91357 -28.91358 -28.91360 -28.91364
 -28.87446 -28.87446 -28.87447 -28.87448 -28.87451
 -28.84428 -28.84428 -28.84428 -28.84429 -28.84431
 -28.82198 -28.82198 -28.82198 -28.82199 -28.82201
 -28.80663 -28.80663 -28.80663 -28.80664 -28.80665
 -28.79737 -28.79737 -28.79737 -28.79737 -28.79738
 -28.79343 -28.79343 -28.79343 -28.79344 -28.79344
 -28.79414 -28.79414 -28.79415 -28.79415 -28.79415
 -28.79890 -28.79890 -28.79890 -28.79890 -28.79890
================================================================================
 -60.00000 -60.00000 -60.00000 -60.00000 -60.00000
 -60.00000 -60.00000 -60.00000 -60.00000 -60.00000
 -60.00000 -60.00000 -60.00000 -60.00000 -60.00000
 -60.00000 -60.00000 -60.00000 -60.00000 -60.00000
 -60.00000 -60.00000 -60.00000 -60.00000 -60.00000
 -59.99998 -59.99999 -59.99999 -59.99999 -59.99999
 -59.99977 -59.99983 -59.99987 -59.99991 -59.99993
 -59.99841 -59.99881 -59.99911 -59.99935 -59.99952
 -59.99299 -59.99473 -59.99608 -59.99711 -59.99788
 -59.97864 -59.98386 -59.98795 -59.99109 -59.99346
 -59.95185 -59.96333 -59.97245 -59.97953 -59.98491
 -59.91453 -59.93414 -59.95000 -59.96249 -59.97211
 -56.89794 -56.89797 -56.89799 -56.89801 -56.89802
 -52.03541 -52.03541 -52.03541 -52.03541 -52.03542
 -48.08675 -48.08676 -48.08677 -48.08678 -48.08681
 -44.89812 -44.89814 -44.89816 -44.89822 -44.89829
 -42.31525 -42.31529 -42.31538 -42.31553 -42.31575
 -40.20892 -40.20900 -40.20922 -40.20957 -40.21005
 -38.47329 -38.47344 -38.47384 -38.47449 -38.47539
 -37.02639 -37.02663 -37.02725 -37.02826 -37.02963
 -35.80424 -35.80457 -35.80539 -35.80674 -35.80857
 -34.76357 -34.76381 -34.76461 -34.76652 -34.76867
 -33.87195 -33.87221 -33.87307 -33.87441 -33.87744
 -33.11091 -33.11116 -33.11203 -33.11336 -33.11638
 -32.46091 -32.46115 -32.46197 -32.46322 -32.46607
 -31.90581 -31.90591 -31.90677 -31.90791 -31.90935
 -31.43047 -31.43055 -31.43131 -31.43230 -31.43356
 -31.01943 -31.01950 -31.01997 -31.02102 -31.02211
 -30.66420 -30.66427 -30.66467 -30.66556 -30.66648
 -30.35689 -30.35689 -30.35727 -30.35776 -30.35878
 -30.08746 -30.08746 -30.08779 -30.08819 -30.08904
 -29.85467 -29.85467 -29.85492 -29.85524 -29.85592
 -29.64849 -29.64849 -29.64865 -29.64898 -29.64954
 -29.47030 -29.47030 -29.47043 -29.47069 -29.47114
 -29.31433 -29.31433 -29.31443 -29.31465 -29.31502
 -29.17936 -29.17936 -29.17945 -29.17962 -29.17979
 -29.06424 -29.06424 -29.06430 -29.06439 -29.06456
 -28.96469 -28.96469 -28.96473 -28.96481 -28.96495
 -28.88039 -28.88039 -28.88041 -28.88048 -28.88059
 -28.80988 -28.80988 -28.80990 -28.80995 -28.81004
 -28.75180 -28.75180 -28.75182 -28.75186 -28.75193
 -28.70486 -28.70486 -28.70487 -28.70491 -28.70496
 -28.66782 -28.66782 -28.66783 -28.66785 -28.66789
 -28.63954 -28.63954 -28.63954 -28.63956 -28.63958
 -28.61895 -28.61895 -28.61896 -28.61897 -28.61898
 -28.60512 -28.60512 -28.60513 -28.60513 -28.60515
 -28.59720 -28.59720 -28.59720 -28.59721 -28.59722
 -28.59443 -28.59443 -28.59444 -28.59444 -28.59444
 -28.59614 -28.59614 -28.59614 -28.59615 -28.59615
 -28.60173 -28.60173 -28.60173 -28.60173 -28.60173
================================================================================
 -60.00000 -60.00000 -60.00000 -60.00000 -60.00000
 -60.00000 -60.00000 -60.00000 -60.00000 -60.00000
 -60.00000 -60.00000 -60.00000 -60.00000 -60.00000
 -60.00000 -60.00000 -60.00000 -60.00000 -60.00000
 -59.99998 -59.99999 -59.99999 -59.99999 -59.99999
 -59.99972 -59.99979 -59.99984 -59.99988 -59.99991
 -59.99775 -59.99830 -59.99873 -59.99906 -59.99931
 -59.98886 -59.99156 -59.99369 -59.99533 -59.99657
 -59.96311 -59.97186 -59.97883 -59.98425 -59.98839
 -59.91271 -59.93247 -59.94862 -59.96143 -59.97135
 -59.84243 -59.87592 -59.90413 -59.92711 -59.94530
 -59.75654 -59.80136 -59.84013 -59.87248 -59.89862
 -55.46243 -55.46243 -55.46243 -55.46244 -55.46244
 -50.75399 -50.75399 -50.75399 -50.75399 -50.75399
 -46.97007 -46.97007 -46.97007 -46.97007 -46.97007
 -43.92291 -43.92291 -43.92292 -43.92293 -43.92295
 -41.45989 -41.45990 -41.45992 -41.45996 -41.46000
 -39.45702 -39.45703 -39.45709 -39.45721 -39.45734
 -37.81282 -37.81284 -37.81296 -37.81325 -37.81355
 -36.44799 -36.44802 -36.44826 -36.44860 -36.44934
 -35.29916 -35.29916 -35.29958 -35.30013 -35.30129
 -34.32271 -34.32271 -34.32330 -34.32405 -34.32563
 -33.48520 -33.48520 -33.48572 -33.48683 -33.48876
 -32.76906 -32.76906 -32.76963 -32.77086 -32.77299
 -32.15518 -32.15518 -32.15578 -32.15704 -32.15922
 -31.62873 -31.62873 -31.62930 -31.63052 -31.63172
 -31.17583 -31.17583 -31.17636 -31.17711 -31.17860
 -30.78133 -30.78133 -30.78166 -30.78249 -30.78383
 -30.43898 -30.43898 -30.43927 -30.44000 -30.44118
 -30.14228 -30.14228 -30.14253 -30.14315 -30.14415
 -29.88041 -29.88041 -29.88062 -29.88115 -29.88200
 -29.65476 -29.65476 -29.65493 -29.65536 -29.65604
 -29.45286 -29.45286 -29.45295 -29.45325 -29.45395
 -29.27898 -29.27898 -29.27905 -29.27930 -29.27967
 -29.12614 -29.12614 -29.12619 -29.12640 -29.12670
 -28.99398 -28.99398 -28.99403 -28.99419 -28.99445
 -28.88203 -28.88203 -28.88204 -28.88219 -28.88238
 -28.78476 -28.78476 -28.78477 -28.78489 -28.78505
 -28.70260 -28.70260 -28.70261 -28.70268 -28.70283
 -28.63415 -28.63415 -28.63416 -28.63421 -28.63433
 -28.57806 -28.57806 -28.57806 -28.57811 -28.57817
 -28.53301 -28.53301 -28.53301 -28.53305 -28.53310
 -28.49777 -28.49777 -28.49777 -28.49779 -28.49783
 -28.47115 -28.47115 -28.47115 -28.47116 -28.47120
 -28.45209 -28.45209 -28.45209 -28.45210 -28.45212
 -28.43963 -28.43963 -28.43963 -28.43964 -28.43965
 -28.43293 -28.43293 -28.43293 -28.43294 -28.43295
 -28.43124 -28.43124 -28.43124 -28.43124 -28.43125
 -28.43388 -28.43388 -28.43388 -28.43388 -28.43389
 -28.44023 -28.44023 -28.44023 -28.44023 -28.44023
================================================================================
 -60.00000 -60.00000 -60.00000 -60.00000 -60.00000
 -60.00000 -60.00000 -60.00000 -60.00000 -60.00000
 -60.00000 -60.00000 -60.00000 -60.00000 -60.00000
 -60.00000 -60.00000 -60.00000 -60.00000 -60.00000
 -59.99999 -59.99999 -60.00000 -60.00000 -60.00000
 -59.99983 -59.99987 -59.99990 -59.99993 -59.99995
 -59.99823 -59.99866 -59.99900 -59.99926 -59.99945
 -59.98914 -59.99174 -59.99379 -59.99539 -59.99660
 -59.95749 -59.96734 -59.97530 -59.98154 -59.98634
 -59.88703 -59.91159 -59.93207 -59.94860 -59.96158
 -59.78173 -59.82489 -59.86245 -59.89393 -59.91947
 -58.93835 -58.94885 -58.95738 -58.96410 -58.96928
 -53.54406 -53.54406 -53.54406 -53.54406 -53.54406
 -49.14332 -49.14332 -49.14332 -49.14332 -49.14332
 -45.60809 -45.60809 -45.60809 -45.60809 -45.60809
 -42.76186 -42.76186 -42.76186 -42.76186 -42.76186
 -40.46246 -40.46246 -40.46246 -40.46247 -40.46247
 -38.59485 -38.59485 -38.59486 -38.59488 -38.59491
 -37.06474 -37.06474 -37.06478 -37.06483 -37.06493
 -35.79824 -35.79824 -35.79829 -35.79843 -35.79867
 -34.73535 -34.73535 -34.73546 -34.73573 -34.73618
 -33.83423 -33.83423 -33.83441 -33.83485 -33.83558
 -33.06167 -33.06167 -33.06192 -33.06255 -33.06358
 -32.40088 -32.40088 -32.40107 -32.40199 -32.40328
 -31.83300 -31.83300 -31.83322 -31.83396 -31.83511
 -31.34403 -31.34403 -31.34426 -31.34505 -31.34626
 -30.92120 -30.92120 -30.92143 -30.92221 -30.92341
 -30.54945 -30.54945 -30.54967 -30.55041 -30.55156
 -30.22495 -30.22495 -30.22504 -30.22583 -30.22688
 -29.94289 -29.94289 -29.94298 -29.94348 -29.94459
 -29.69152 -29.69152 -29.69159 -29.69203 -29.69301
 -29.47554 -29.47554 -29.47560 -29.47597 -29.47678
 -29.27945 -29.27945 -29.27945 -29.27982 -29.28028
 -29.11118 -29.11118 -29.11118 -29.11148 -29.11186
 -28.96225 -28.96225 -28.96225 -28.96251 -28.96282
 -28.83346 -28.83346 -28.83346 -28.83361 -28.83393
 -28.72520 -28.72520 -28.72520 -28.72532 -28.72557
 -28.63038 -28.63038 -28.63038 -28.63048 -28.63068
 -28.55040 -28.55040 -28.55040 -28.55048 -28.55059
 -28.48397 -28.48397 -28.48397 -28.48403 -28.48412
 -28.42977 -28.42977 -28.42977 -28.42980 -28.42988
 -28.38650 -28.38650 -28.38650 -28.38653 -28.38659
 -28.35292 -28.35292 -28.35292 -28.35294 -28.35300
 -28.32785 -28.32785 -28.32785 -28.32787 -28.32791
 -28.31020 -28.31020 -28.31020 -28.31021 -28.31024
 -28.29902 -28.29902 -28.29902 -28.29903 -28.29904
 -28.29347 -28.29347 -28.29347 -28.29347 -28.29348
 -28.29280 -28.29280 -28.29280 -28.29280 -28.29281
 -28.29633 -28.29633 -28.29633 -28.29633 -28.29633
 -28.30341 -28.30341 -28.30341 -28.30341 -28.30341
================================================================================
 -60.00000 -60.00000 -60.00000 -60.00000 -60.00000
 -60.00000 -60.00000 -60.00000 -60.00000 -60.00000
 -60.00000 -60.00000 -60.00000 -60.00000 -60.00000
 -60.00000 -60.00000 -60.00000 -60.00000 -60.00000
 -60.00000 -60.00000 -60.00000 -60.00000 -60.00000
 -59.99990 -59.99992 -59.99994 -59.99996 -59.99997
 -59.99870 -59.99901 -59.99925 -59.99944 -59.99959
 -59.99056 -59.99278 -59.99456 -59.99595 -59.99701
 -59.95791 -59.96750 -59.97532 -59.98150 -59.98627
 -59.87725 -59.90324 -59.92520 -59.94312 -59.95731
 -59.74923 -59.79653 -59.83850 -59.87431 -59.90382
 -57.06037 -57.06054 -57.06068 -57.06079 -57.06087
 -51.91127 -51.91127 -51.91127 -51.91127 -51.91127
 -47.77809 -47.77809 -47.77809 -47.77809 -47.77809
 -44.45750 -44.45750 -44.45750 -44.45750 -44.45750
 -41.78362 -41.78362 -41.78362 -41.78362 -41.78362
 -39.62309 -39.62309 -39.62309 -39.62309 -39.62309
 -37.86814 -37.86814 -37.86814 -37.86815 -37.86816
 -36.43061 -36.43061 -36.43061 -36.43063 -36.43066
 -35.24155 -35.24155 -35.24157 -35.24162 -35.24171
 -34.24482 -34.24482 -34.24486 -34.24498 -34.24518
 -33.40129 -33.40129 -33.40132 -33.40159 -33.40195
 -32.67920 -32.67920 -32.67925 -32.67956 -32.68025
 -32.06283 -32.06283 -32.06290 -32.06333 -32.06429
 -31.53357 -31.53357 -31.53365 -31.53418 -31.53497
 -31.07769 -31.07769 -31.07769 -31.07840 -31.07929
 -30.68275 -30.68275 -30.68275 -30.68350 -30.68444
 -30.33320 -30.33320 -30.33320 -30.33374 -30.33489
 -30.02672 -30.02672 -30.02672 -30.02724 -30.02834
 -29.75982 -29.75982 -29.75982 -29.76030 -29.76130
 -29.51966 -29.51966 -29.51966 -29.52008 -29.52099
 -29.31404 -29.31404 -29.31404 -29.31440 -29.31491
 -29.12431 -29.12431 -29.12431 -29.12453 -29.12508
 -28.96213 -28.96213 -28.96213 -28.96231 -28.96277
 -28.81743 -28.81743 -28.81743 -28.81758 -28.81797
 -28.69219 -28.69219 -28.69219 -28.69232 -28.69265
 -28.58781 -28.58781 -28.58781 -28.58791 -28.58816
 -28.49545 -28.49545 -28.49545 -28.49550 -28.49567
 -28.41761 -28.41761 -28.41761 -28.41765 -28.41779
 -28.35309 -28.35309 -28.35309 -28.35312 -28.35323
 -28.30064 -28.30064 -28.30064 -28.30067 -28.30076
 -28.25900 -28.25900 -28.25900 -28.25901 -28.25910
 -28.22694 -28.22694 -28.22694 -28.22695 -28.22701
 -28.20326 -28.20326 -28.20326 -28.20327 -28.20330
 -28.18688 -28.18688 -28.18688 -28.18689 -28.18691
 -28.17686 -28.17686 -28.17686 -28.17686 -28.17688
 -28.17234 -28.17234 -28.17234 -28.17234 -28.17236
 -28.17261 -28.17261 -28.17261 -28.17261 -28.17262
 -28.17696 -28.17696 -28.17696 -28.17696 -28.17697
 -28.18471 -28.18471 -28.18471 -28.18471 -28.18472
================================================================================
 -60.00000 -60.00000 -60.00000 -60.00000 -60.00000
 -60.00000 -60.00000 -60.00000 -60.00000 -60.00000
 -60.00000 -60.00000 -60.00000 -60.00000 -60.00000
 -60.00000 -60.00000 -60.00000 -60.00000 -60.00000
 -59.99992 -59.99994 -59.99995 -59.99996 -59.99997
 -59.99877 -59.99906 -59.99929 -59.99947 -59.99961
 -59.99001 -59.99232 -59.99419 -59.99566 -59.99679
 -59.95136 -59.96223 -59.97117 -59.97831 -59.98386
 -59.85067 -59.88111 -59.90729 -59.92898 -59.94638
 -59.68975 -59.74450 -59.79434 -59.83791 -59.87460
 -59.50186 -59.57345 -59.64140 -59.70343 -59.75796
 -55.09697 -55.09698 -55.09698 -55.09698 -55.09698
 -50.28792 -50.28792 -50.28792 -50.28792 -50.28792
 -46.42839 -46.42839 -46.42839 -46.42839 -46.42839
 -43.32724 -43.32724 -43.32724 -43.32724 -43.32724
 -40.82942 -40.82942 -40.82942 -40.82942 -40.82942
 -38.81031 -38.81031 -38.81031 -38.81031 -38.81031
 -37.16938 -37.16938 -37.16938 -37.16938 -37.16939
 -35.82442 -35.82442 -35.82442 -35.82443 -35.82444
 -34.71141 -34.71141 -34.71141 -34.71144 -34.71147
 -33.77818 -33.77818 -33.77818 -33.77824 -33.77833
 -32.98866 -32.98866 -32.98866 -32.98876 -32.98898
 -32.31322 -32.31322 -32.31322 -32.31339 -32.31377
 -31.73768 -31.73768 -31.73768 -31.73795 -31.73853
 -31.24422 -31.24422 -31.24422 -31.24459 -31.24537
 -30.81964 -30.81964 -30.81964 -30.82009 -30.82073
 -30.45178 -30.45178 -30.45178 -30.45213 -30.45300
 -30.12456 -30.12456 -30.12456 -30.12492 -30.12585
 -29.83673 -29.83673 -29.83673 -29.83710 -29.83802
 -29.58585 -29.58585 -29.58585 -29.58619 -29.58707
 -29.35788 -29.35788 -29.35788 -29.35821 -29.35902
 -29.16361 -29.16361 -29.16361 -29.16378 -29.16436
 -28.98108 -28.98108 -28.98108 -28.98124 -28.98176
 -28.82573 -28.82573 -28.82573 -28.82586 -28.82630
 -28.68581 -28.68581 -28.68581 -28.68592 -28.68630
 -28.56456 -28.56456 -28.56456 -28.56461 -28.56498
 -28.46445 -28.46445 -28.46445 -28.46449 -28.46478
 -28.37476 -28.37476 -28.37476 -28.37479 -28.37497
 -28.29918 -28.29918 -28.29918 -28.29921 -28.29935
 -28.23664 -28.23664 -28.23664 -28.23664 -28.23677
 -28.18595 -28.18595 -28.18595 -28.18595 -28.18606
 -28.14591 -28.14591 -28.14591 -28.14591 -28.14600
 -28.11530 -28.11530 -28.11530 -28.11530 -28.11535
 -28.09294 -28.09294 -28.09294 -28.09294 -28.09298
 -28.07775 -28.07775 -28.07775 -28.07775 -28.07778
 -28.06880 -28.06880 -28.06880 -28.06880 -28.06882
 -28.06526 -28.06526 -28.06526 -28.06526 -28.06527
 -28.06640 -28.06640 -28.06640 -28.06640 -28.06641
 -28.07153 -28.07153 -28.07153 -28.07153 -28.07153
 -28.07991 -28.07991 -28.07991 -28.07991 -28.07991
================================================================================
 -60.00000 -60.00000 -60.00000 -60.00000 -60.00000
 -59.99999 -59.99999 -59.99999 -60.00000 -60.00000
 -59.99975 -59.99981 -59.99986 -59.99989 -59.99992
 -59.99709 -59.99777 -59.99831 -59.99874 -59.99907
 -59.98078 -59.98516 -59.98872 -59.99155 -59.99373
 -59.92224 -59.93900 -59.95305 -59.96443 -59.97339
 -59.79680 -59.83588 -59.87034 -59.89954 -59.92345
 -59.62583 -59.68762 -59.74514 -59.79657 -59.84082
 -59.45666 -59.53416 -59.60925 -59.67933 -59.74234
 -59.31945 -59.40599 -59.49190 -59.57435 -59.65079
 -57.55395 -57.55571 -57.55716 -57.55831 -57.55920
 -52.21889 -52.21889 -52.21889 -52.21889 -52.21889
 -47.93307 -47.93307 -47.93307 -47.93307 -47.93307
 -44.49313 -44.49313 -44.49313 -44.49313 -44.49313
 -41.72844 -41.72844 -41.72844 -41.72844 -41.72844
 -39.50047 -39.50047 -39.50047 -39.50047 -39.50047
 -37.69793 -37.69793 -37.69793 -37.69793 -37.69793
 -36.23115 -36.23115 -36.23115 -36.23115 -36.23115
 -35.02684 -35.02684 -35.02684 -35.02684 -35.02685
 -34.02830 -34.02830 -34.02830 -34.02831 -34.02831
 -33.18925 -33.18925 -33.18925 -33.18926 -33.18929
 -32.47825 -32.47825 -32.47825 -32.47828 -32.47837
 -31.86910 -31.86910 -31.86910 -31.86917 -31.86934
 -31.35020 -31.35020 -31.35020 -31.35031 -31.35061
 -30.90542 -30.90542 -30.90542 -30.90560 -30.90604
 -30.52276 -30.52276 -30.52276 -30.52291 -30.52340
 -30.19089 -30.19089 -30.19089 -30.19107 -30.19167
 -29.89354 -29.89354 -29.89354 -29.89374 -29.89442
 -29.63071 -29.63071 -29.63071 -29.63092 -29.63164
 -29.40122 -29.40122 -29.40122 -29.40131 -29.40215
 -29.18985 -29.18985 -29.18985 -29.18995 -29.19075
 -29.01080 -29.01080 -29.01080 -29.01088 -29.01141
 -28.83829 -28.83829 -28.83829 -28.83837 -28.83885
 -28.69226 -28.69226 -28.69226 -28.69232 -28.69274
 -28.55893 -28.55893 -28.55893 -28.55893 -28.55935
 -28.44313 -28.44313 -28.44313 -28.44313 -28.44349
 -28.34872 -28.34872 -28.34872 -28.34872 -28.34893
 -28.26258 -28.26258 -28.26258 -28.26258 -28.26275
 -28.18993 -28.18993 -28.18993 -28.18993 -28.19007
 -28.12986 -28.12986 -28.12986 -28.12986 -28.12998
 -28.08133 -28.08133 -28.08133 -28.08133 -28.08142
 -28.04317 -28.04317 -28.04317 -28.04317 -28.04322
 -28.01422 -28.01422 -28.01422 -28.01422 -28.01426
 -27.99332 -27.99332 -27.99332 -27.99332 -27.99335
 -27.97941 -27.97941 -27.97941 -27.97941 -27.97944
 -27.97159 -27.97159 -27.97159 -27.97159 -27.97161
 -27.96905 -27.96905 -27.96905 -27.96905 -27.96906
 -27.97111 -27.97111 -27.97111 -27.97111 -27.97111
 -27.97702 -27.97702 -27.97702 -27.97702 -27.97702
 -27.98603 -27.98603 -27.98603 -27.98603 -27.98603
================================================================================
 -60.00000 -60.00000 -60.00000 -60.00000 -60.00000
 -60.00000 -60.00000 -60.00000 -60.00000 -60.00000
 -60.00000 -60.00000 -60.00000 -60.00000 -60.00000
 -60.00000 -60.00000 -60.00000 -60.00000 -60.00000
 -60.00000 -60.00000 -60.00000 -60.00000 -60.00000
 -60.00000 -60.00000 -60.00000 -60.00000 -60.00000
 -60.00000 -60.00000 -60.00000 -60.00000 -60.00000
 -60.00000 -60.00000 -60.00000 -60.00000 -60.00000
 -60.00000 -60.00000 -60.00000 -60.00000 -60.00000
 -59.98610 -59.98610 -59.98610 -59.98610 -59.98610
 -55.32765 -55.32765 -55.32765 -55.32765 -55.32765
 -50.38986 -50.38986 -50.38986 -50.38986 -50.38986
 -46.43014 -46.43014 -46.43014 -46.43014 -46.43014
 -43.25167 -43.25167 -43.25167 -43.25167 -43.25167
 -40.69667 -40.69667 -40.69667 -40.69667 -40.69667
 -38.63683 -38.63683 -38.63683 -38.63683 -38.63683
 -36.96914 -36.96914 -36.96914 -36.96914 -36.96914
 -35.61057 -35.61057 -35.61057 -35.61057 -35.61057
 -34.49321 -34.49321 -34.49321 -34.49321 -34.49321
 -33.56397 -33.56397 -33.56397 -33.56398 -33.56399
 -32.76892 -32.76893 -32.76894 -32.76898 -32.76906
 -32.01876 -32.01882 -32.01892 -32.01914 -32.01957
 -31.21057 -31.21071 -31.21098 -31.21152 -31.21258
 -30.41021 -30.41041 -30.41079 -30.41154 -30.41299
 -29.72360 -29.72382 -29.72423 -29.72505 -29.72664
 -29.17766 -29.17788 -29.17831 -29.17913 -29.18075
 -28.75964 -28.75986 -28.76028 -28.76109 -28.76268
 -28.44826 -28.44848 -28.44888 -28.44968 -28.45122
 -28.22390 -28.22410 -28.22450 -28.22526 -28.22677
 -28.06937 -28.06957 -28.06995 -28.07068 -28.07214
 -27.96902 -27.96921 -27.96957 -27.97026 -27.97166
 -27.91175 -27.91193 -27.91227 -27.91293 -27.91424
 -27.88368 -27.88384 -27.88416 -27.88476 -27.88600
 -27.87773 -27.87788 -27.87817 -27.87872 -27.87986
 -27.88271 -27.88284 -27.88310 -27.88358 -27.88461
 -27.89226 -27.89237 -27.89259 -27.89300 -27.89391
 -27.90367 -27.90376 -27.90393 -27.90428 -27.90501
 -27.90768 -27.90776 -27.90790 -27.90817 -27.90876
 -27.90605 -27.90611 -27.90621 -27.90642 -27.90689
 -27.89987 -27.89991 -27.89999 -27.90014 -27.90050
 -27.89114 -27.89117 -27.89123 -27.89134 -27.89161
 -27.88192 -27.88194 -27.88198 -27.88206 -27.88224
 -27.87386 -27.87387 -27.87390 -27.87396 -27.87409
 -27.86803 -27.86804 -27.86806 -27.86810 -27.86820
 -27.86505 -27.86505 -27.86507 -27.86510 -27.86517
 -27.86519 -27.86519 -27.86520 -27.86522 -27.86526
 -27.86853 -27.86853 -27.86854 -27.86855 -27.86858
 -27.87497 -27.87497 -27.87498 -27.87499 -27.87501
 -27.88419 -27.88419 -27.88419 -27.88420 -27.88422
 -27.89566 -27.89566 -27.89566 -27.89567 -27.89568
================================================================================
 -26.21862 -26.21862 -26.22324 -26.24662 -26.28309
 -26.26841 -26.26841 -26.27292 -26.29586 -26.33187
 -26.31852 -26.31852 -26.32292 -26.34535 -26.37012
 -26.36900 -26.36900 -26.36900 -26.39514 -26.41945
 -26.41986 -26.41986 -26.41986 -26.44526 -26.46906
 -26.47116 -26.47116 -26.47116 -26.48974 -26.51897
 -26.52291 -26.52291 -26.52291 -26.54083 -26.56924
 -26.57515 -26.57515 -26.57515 -26.59236 -26.61989
 -26.62791 -26.62791 -26.62791 -26.64438 -26.67097
 -26.68121 -26.68121 -26.68121 -26.69691 -26.71471
 -26.73508 -26.73508 -26.73508 -26.74559 -26.76701
 -26.78953 -26.78953 -26.78953 -26.79943 -26.81983
 -26.84459 -26.84459 -26.84459 -26.85384 -26.87317
 -26.90023 -26.90023 -26.90023 -26.90884 -26.92704
 -26.95646 -26.95646 -26.95646 -26.96440 -26.98143
 -27.01322 -27.01322 -27.01322 -27.01776 -27.03144
 -27.07046 -27.07046 -27.07046 -27.07459 -27.08716
 -27.12809 -27.12809 -27.12809 -27.13182 -27.14330
 -27.18598 -27.18598 -27.18598 -27.18933 -27.19974
 -27.24398 -27.24398 -27.24398 -27.24537 -27.25634
 -27.30188 -27.30188 -27.30188 -27.30312 -27.31293
 -27.35944 -27.35944 -27.35944 -27.36053 -27.36690
 -27.41635 -27.41635 -27.41635 -27.41730 -27.42291
 -27.47190 -27.47190 -27.47190 -27.47273 -27.47764
 -27.52391 -27.52391 -27.52391 -27.52392 -27.52888
 -27.56588 -27.56588 -27.56589 -27.56591 -27.57011
 -27.58622 -27.58624 -27.58627 -27.58633 -27.58887
 -27.57565 -27.57569 -27.57575 -27.57588 -27.57792
 -27.53843 -27.53848 -27.53859 -27.53879 -27.54043
 -27.49116 -27.49123 -27.49137 -27.49163 -27.49300
 -27.45043 -27.45051 -27.45066 -27.45097 -27.45214
 -27.42549 -27.42557 -27.42574 -27.42606 -27.42697
 -27.41878 -27.41887 -27.41904 -27.41936 -27.42020
 -27.42863 -27.42871 -27.42887 -27.42919 -27.42997
 -27.45134 -27.45142 -27.45157 -27.45186 -27.45258
 -27.48263 -27.48270 -27.48283 -27.48310 -27.48375
 -27.51825 -27.51831 -27.51843 -27.51867 -27.51920
 -27.55456 -27.55461 -27.55472 -27.55492 -27.55538
 -27.58891 -27.58895 -27.58904 -27.58921 -27.58960
 -27.61968 -27.61972 -27.61979 -27.61992 -27.62024
 -27.64633 -27.64636 -27.64642 -27.64652 -27.64676
 -27.66912 -27.66914 -27.66919 -27.66927 -27.66945
 -27.68878 -27.68880 -27.68883 -27.68890 -27.68904
 -27.70618 -27.70620 -27.70622 -27.70627 -27.70637
 -27.72224 -27.72224 -27.72226 -27.72230 -27.72237
 -27.73782 -27.73783 -27.73784 -27.73787 -27.73792
 -27.75372 -27.75373 -27.75374 -27.75376 -27.75379
 -27.77031 -27.77031 -27.77032 -27.77033 -27.77036
 -27.78740 -27.78740 -27.78741 -27.78742 -27.78744
 -27.80445 -27.80445 -27.80446 -27.80446 -27.80448
================================================================================
 -25.87822 -25.87822 -25.87822 -25.89987 -25.91923
 -25.92741 -25.92741 -25.92741 -25.94357 -25.96778
 -25.97683 -25.97683 -25.97683 -25.99263 -26.01646
 -26.02650 -26.02650 -26.02650 -26.04189 -26.06529
 -26.07644 -26.07644 -26.07644 -26.09140 -26.11430
 -26.12669 -26.12669 -26.12669 -26.14116 -26.15685
 -26.17725 -26.17725 -26.17725 -26.18718 -26.20645
 -26.22816 -26.22816 -26.22816 -26.23769 -26.25633
 -26.27942 -26.27942 -26.27942 -26.28854 -26.30650
 -26.33105 -26.33105 -26.33105 -26.33974 -26.35698
 -26.38307 -26.38307 -26.38307 -26.39130 -26.40779
 -26.43548 -26.43548 -26.43548 -26.44036 -26.45421
 -26.48828 -26.48828 -26.48828 -26.49284 -26.50591
 -26.54146 -26.54146 -26.54146 -26.54569 -26.55796
 -26.59500 -26.59500 -26.59500 -26.59890 -26.61033
 -26.64886 -26.64886 -26.64886 -26.65054 -26.66301
 -26.70298 -26.70298 -26.70298 -26.70450 -26.71594
 -26.75729 -26.75729 -26.75729 -26.75865 -26.76634
 -26.81166 -26.81166 -26.81166 -26.81289 -26.81981
 -26.86599 -26.86599 -26.86599 -26.86599 -26.87327
 -26.92009 -26.92009 -26.92009 -26.92009 -26.92656
 -26.97378 -26.97378 -26.97378 -26.97378 -26.97948
 -27.02685 -27.02685 -27.02685 -27.02685 -27.03052
 -27.07903 -27.07903 -27.07903 -27.07903 -27.08222
 -27.13004 -27.13004 -27.13004 -27.13004 -27.13278
 -27.17955 -27.17955 -27.17955 -27.17955 -27.18191
 -27.22726 -27.22726 -27.22726 -27.22726 -27.22926
 -27.27282 -27.27282 -27.27282 -27.27282 -27.27399
 -27.31593 -27.31593 -27.31593 -27.31593 -27.31691
 -27.35618 -27.35618 -27.35618 -27.35618 -27.35700
 -27.39329 -27.39329 -27.39329 -27.39329 -27.39396
 -27.42685 -27.42685 -27.42685 -27.42685 -27.42741
 -27.45675 -27.45675 -27.45675 -27.45675 -27.45704
 -27.48295 -27.48295 -27.48295 -27.48295 -27.48319
 -27.50550 -27.50550 -27.50550 -27.50550 -27.50570
 -27.52481 -27.52481 -27.52481 -27.52481 -27.52497
 -27.54135 -27.54135 -27.54135 -27.54135 -27.54141
 -27.55591 -27.55591 -27.55591 -27.55591 -27.55596
 -27.56911 -27.56911 -27.56911 -27.56911 -27.56915
 -27.58157 -27.58157 -27.58157 -27.58157 -27.58161
 -27.59383 -27.59383 -27.59383 -27.59383 -27.59383
 -27.60632 -27.60632 -27.60632 -27.60632 -27.60632
 -27.61927 -27.61927 -27.61927 -27.61927 -27.61927
 -27.63280 -27.63280 -27.63280 -27.63280 -27.63280
 -27.64707 -27.64707 -27.64707 -27.64707 -27.64707
 -27.66239 -27.66239 -27.66239 -27.66239 -27.66239
 -27.67915 -27.67915 -27.67915 -27.67915 -27.67915
 -27.69723 -27.69723 -27.69723 -27.69723 -27.69723
 -27.71577 -27.71577 -27.71577 -27.71577 -27.71577
 -27.73361 -27.73361 -27.73361 -27.73361 -27.73361
