    6    5   50    1    6 F: Be 50. Si3N4 0.055 Si 0.7 A:Si 3. 200. 380.       
================================================================================
  11.00000  12.00000  13.00000  14.00000  15.00000
   0.00000   0.09590   0.19179   0.28769   0.38359   0.47949   0.57538   0.67128
   0.76718   0.86308   0.95897   1.05487   1.15077   1.24667   1.34256   1.43846
   1.53436   1.63025   1.72615   1.82205   1.91795   2.01384   2.10974   2.20564
   2.30154   2.39743   2.49333   2.58923   2.68513   2.78102   2.87692   2.97282
   3.06872   3.16461   3.26051   3.35641   3.45230   3.54820   3.64410   3.74000
   3.83589   3.93179   4.02769   4.12359   4.21948   4.31538   4.41128   4.50718
   4.60307   4.69897
================================================================================
 -59.99998 -59.99999 -59.99999 -59.99999 -59.99999
 -59.99990 -59.99993 -59.99995 -59.99996 -59.99997
 -59.99966 -59.99975 -59.99982 -59.99987 -59.99991
 -59.99910 -59.99935 -59.99953 -59.99966 -59.99975
 -59.99808 -59.99860 -59.99899 -59.99927 -59.99947
 -59.99658 -59.99751 -59.99819 -59.99869 -59.99905
 -59.99479 -59.99620 -59.99724 -59.99800 -59.99855
 -59.99303 -59.99492 -59.99630 -59.99732 -59.99806
 -59.99166 -59.99391 -59.99557 -59.99679 -59.99768
 -59.99089 -59.99335 -59.99516 -59.99649 -59.99746
 -59.99078 -59.99327 -59.99510 -59.99645 -59.99743
 -59.99123 -59.99360 -59.99534 -59.99662 -59.99755
 -59.22858 -59.22895 -59.22922 -59.22941 -59.22956
 -54.86927 -54.86928 -54.86928 -54.86929 -54.86929
 -51.15895 -51.15897 -51.15905 -51.15915 -51.15915
 -47.99571 -47.99578 -47.99612 -47.99654 -47.99654
 -45.29905 -45.29922 -45.29996 -45.30090 -45.30090
 -43.00940 -43.00965 -43.01076 -43.01076 -43.01216
 -41.07325 -41.07355 -41.07402 -41.07484 -41.07644
 -39.43748 -39.43797 -39.43843 -39.43924 -39.44083
 -38.05349 -38.05393 -38.05435 -38.05507 -38.05650
 -36.88032 -36.88069 -36.88104 -36.88165 -36.88286
 -35.88467 -35.88497 -35.88526 -35.88576 -35.88674
 -35.04014 -35.04038 -35.04061 -35.04101 -35.04180
 -34.32362 -34.32381 -34.32399 -34.32430 -34.32491
 -33.71466 -33.71480 -33.71494 -33.71518 -33.71565
 -33.19497 -33.19508 -33.19518 -33.19537 -33.19572
 -32.74856 -32.74865 -32.74873 -32.74886 -32.74914
 -32.36275 -32.36277 -32.36287 -32.36298 -32.36318
 -32.02738 -32.02741 -32.02748 -32.02756 -32.02771
 -31.73424 -31.73426 -31.73432 -31.73437 -31.73449
 -31.47758 -31.47760 -31.47763 -31.47767 -31.47775
 -31.25201 -31.25202 -31.25205 -31.25208 -31.25214
 -31.05410 -31.05411 -31.05413 -31.05415 -31.05420
 -30.88042 -30.88043 -30.88044 -30.88046 -30.88049
 -30.72848 -30.72848 -30.72849 -30.72850 -30.72853
 -30.59618 -30.59618 -30.59618 -30.59620 -30.59621
 -30.48151 -30.48152 -30.48152 -30.48153 -30.48153
 -30.38301 -30.38302 -30.38302 -30.38302 -30.38302
 -30.29926 -30.29926 -30.29926 -30.29927 -30.29927
 -30.22894 -30.22894 -30.22894 -30.22894 -30.22895
 -30.17080 -30.17080 -30.17080 -30.17080 -30.17080
 -30.12363 -30.12363 -30.12364 -30.12364 -30.12364
 -30.08631 -30.08631 -30.08631 -30.08632 -30.08632
 -30.05776 -30.05776 -30.05776 -30.05776 -30.05776
 -30.03698 -30.03698 -30.03698 -30.03698 -30.03698
 -30.02304 -30.02304 -30.02304 -30.02304 -30.02304
 -30.01513 -30.01513 -30.01513 -30.01513 -30.01513
 -30.01248 -30.01248 -30.01248 -30.01248 -30.01248
 -30.01444 -30.01444 -30.01444 -30.01444 -30.01444
================================================================================
 -59.99999 -59.99999 -59.99999 -59.99999 -60.00000
 -59.99987 -59.99991 -59.99993 -59.99995 -59.99996
 -59.99928 -59.99947 -59.99962 -59.99972 -59.99980
 -59.99733 -59.99804 -59.99857 -59.99896 -59.99925
 -59.99281 -59.99471 -59.99613 -59.99719 -59.99796
 -59.98504 -59.98896 -59.99191 -59.99411 -59.99573
 -59.97441 -59.98100 -59.98604 -59.98983 -59.99264
 -59.96192 -59.97145 -59.97894 -59.98469 -59.98899
 -59.94845 -59.96082 -59.97093 -59.97896 -59.98504
 -59.93475 -59.94957 -59.96232 -59.97286 -59.98099
 -59.92203 -59.93870 -59.95383 -59.96687 -59.97713
 -59.91196 -59.92969 -59.94664 -59.96179 -59.97395
 -58.47380 -58.47446 -58.47508 -58.47563 -58.47607
 -54.11215 -54.11216 -54.11217 -54.11220 -54.11223
 -50.38712 -50.38717 -50.38727 -50.38752 -50.38778
 -47.18946 -47.18967 -47.19007 -47.19100 -47.19202
 -44.45336 -44.45393 -44.45475 -44.45666 -44.45875
 -42.14042 -42.14124 -42.14241 -42.14512 -42.14807
 -40.20054 -40.20148 -40.20284 -40.20404 -40.20935
 -38.57468 -38.57564 -38.57703 -38.57825 -38.58366
 -37.20682 -37.20773 -37.20904 -37.21020 -37.21530
 -36.05212 -36.05294 -36.05411 -36.05515 -36.05972
 -35.07473 -35.07514 -35.07647 -35.07737 -35.07881
 -34.24800 -34.24846 -34.24908 -34.25035 -34.25157
 -33.54842 -33.54880 -33.54931 -33.55036 -33.55137
 -32.95537 -32.95568 -32.95609 -32.95695 -32.95777
 -32.45055 -32.45080 -32.45114 -32.45182 -32.45248
 -32.01758 -32.01778 -32.01805 -32.01860 -32.01912
 -31.64437 -31.64453 -31.64475 -31.64518 -31.64560
 -31.32105 -31.32120 -31.32137 -31.32170 -31.32203
 -31.03880 -31.03887 -31.03904 -31.03931 -31.03956
 -30.79277 -30.79283 -30.79295 -30.79315 -30.79333
 -30.57636 -30.57641 -30.57651 -30.57657 -30.57681
 -30.38725 -30.38728 -30.38736 -30.38740 -30.38758
 -30.22139 -30.22142 -30.22145 -30.22151 -30.22165
 -30.07661 -30.07663 -30.07665 -30.07670 -30.07681
 -29.95104 -29.95106 -29.95107 -29.95111 -29.95118
 -29.84218 -29.84219 -29.84221 -29.84223 -29.84229
 -29.74888 -29.74889 -29.74890 -29.74892 -29.74897
 -29.66977 -29.66977 -29.66978 -29.66980 -29.66981
 -29.60355 -29.60355 -29.60356 -29.60357 -29.60358
 -29.54902 -29.54903 -29.54903 -29.54904 -29.54904
 -29.50502 -29.50502 -29.50503 -29.50503 -29.50504
 -29.47044 -29.47044 -29.47045 -29.47045 -29.47045
 -29.44425 -29.44425 -29.44425 -29.44426 -29.44426
 -29.42549 -29.42549 -29.42549 -29.42549 -29.42549
 -29.41327 -29.41327 -29.41327 -29.41327 -29.41327
 -29.40680 -29.40680 -29.40680 -29.40680 -29.40680
 -29.40536 -29.40536 -29.40536 -29.40536 -29.40536
 -29.40833 -29.40833 -29.40833 -29.40833 -29.40833
================================================================================
 -59.99684 -59.99767 -59.99829 -59.99875 -59.99909
 -59.98931 -59.99208 -59.99418 -59.99574 -59.99690
 -59.97358 -59.98033 -59.98548 -59.98936 -59.99224
 -59.94944 -59.96208 -59.97186 -59.97928 -59.98483
 -59.92098 -59.94024 -59.95535 -59.96695 -59.97572
 -59.89432 -59.91946 -59.93944 -59.95496 -59.96678
 -59.87423 -59.90355 -59.92709 -59.94555 -59.95972
 -59.86218 -59.89365 -59.91915 -59.93934 -59.95503
 -59.85591 -59.88762 -59.91365 -59.93470 -59.95146
 -59.85084 -59.88125 -59.90686 -59.92846 -59.94656
 -59.84307 -59.87115 -59.89587 -59.91820 -59.93838
 -59.83216 -59.85746 -59.88114 -59.90440 -59.92722
 -58.06935 -58.06974 -58.07011 -58.07049 -58.07086
 -53.68958 -53.68959 -53.68960 -53.68963 -53.68969
 -49.89529 -49.89539 -49.89549 -49.89569 -49.89617
 -46.59691 -46.59711 -46.59752 -46.59813 -46.59959
 -43.79934 -43.79970 -43.80044 -43.80152 -43.80409
 -41.47372 -41.47421 -41.47523 -41.47672 -41.47806
 -39.54875 -39.54946 -39.55069 -39.55248 -39.55407
 -37.94983 -37.95061 -37.95195 -37.95390 -37.95563
 -36.61167 -36.61246 -36.61383 -36.61582 -36.61758
 -35.48551 -35.48628 -35.48704 -35.48952 -35.49122
 -34.53320 -34.53367 -34.53462 -34.53588 -34.53850
 -33.72881 -33.72933 -33.73018 -33.73131 -33.73366
 -33.04845 -33.04891 -33.04965 -33.05064 -33.05269
 -32.47194 -32.47234 -32.47297 -32.47382 -32.47557
 -31.98139 -31.98172 -31.98225 -31.98296 -31.98443
 -31.55999 -31.56027 -31.56071 -31.56131 -31.56253
 -31.19698 -31.19717 -31.19762 -31.19811 -31.19912
 -30.88330 -30.88345 -30.88368 -30.88420 -30.88502
 -30.60907 -30.60920 -30.60939 -30.60981 -30.61047
 -30.37136 -30.37146 -30.37160 -30.37193 -30.37213
 -30.16141 -30.16150 -30.16162 -30.16177 -30.16206
 -29.97902 -29.97909 -29.97918 -29.97929 -29.97951
 -29.81904 -29.81908 -29.81917 -29.81926 -29.81944
 -29.67985 -29.67988 -29.67995 -29.68002 -29.68016
 -29.55999 -29.56001 -29.56005 -29.56012 -29.56022
 -29.45593 -29.45595 -29.45598 -29.45603 -29.45611
 -29.36706 -29.36707 -29.36709 -29.36713 -29.36719
 -29.29198 -29.29199 -29.29201 -29.29204 -29.29209
 -29.22944 -29.22944 -29.22946 -29.22948 -29.22952
 -29.17820 -29.17821 -29.17822 -29.17823 -29.17826
 -29.13712 -29.13713 -29.13714 -29.13714 -29.13717
 -29.10511 -29.10512 -29.10512 -29.10513 -29.10514
 -29.08116 -29.08116 -29.08116 -29.08117 -29.08117
 -29.06431 -29.06431 -29.06432 -29.06432 -29.06432
 -29.05374 -29.05374 -29.05374 -29.05374 -29.05374
 -29.04866 -29.04866 -29.04866 -29.04866 -29.04866
 -29.04839 -29.04839 -29.04839 -29.04839 -29.04839
 -29.05231 -29.05231 -29.05231 -29.05231 -29.05231
================================================================================
 -60.00000 -60.00000 -60.00000 -60.00000 -60.00000
 -60.00000 -60.00000 -60.00000 -60.00000 -60.00000
 -60.00000 -60.00000 -60.00000 -60.00000 -60.00000
 -60.00000 -60.00000 -60.00000 -60.00000 -60.00000
 -60.00000 -60.00000 -60.00000 -60.00000 -60.00000
 -60.00000 -60.00000 -60.00000 -60.00000 -60.00000
 -60.00000 -60.00000 -60.00000 -60.00000 -60.00000
 -60.00000 -60.00000 -60.00000 -60.00000 -60.00000
 -60.00000 -60.00000 -60.00000 -60.00000 -60.00000
 -60.00000 -60.00000 -60.00000 -60.00000 -60.00000
 -60.00000 -60.00000 -60.00000 -60.00000 -60.00000
 -60.00000 -60.00000 -60.00000 -60.00000 -60.00000
 -57.79409 -57.79409 -57.79409 -57.79409 -57.79409
 -53.33388 -53.33389 -53.33391 -53.33394 -53.33400
 -49.36099 -49.36104 -49.36112 -49.36130 -49.36161
 -45.94574 -45.94586 -45.94604 -45.94647 -45.94674
 -43.12238 -43.12258 -43.12289 -43.12360 -43.12405
 -40.81267 -40.81300 -40.81344 -40.81400 -40.81510
 -38.91886 -38.91917 -38.91986 -38.92058 -38.92198
 -37.35634 -37.35670 -37.35752 -37.35838 -37.36003
 -36.05532 -36.05573 -36.05633 -36.05759 -36.05943
 -34.96507 -34.96558 -34.96621 -34.96754 -34.96947
 -34.04563 -34.04614 -34.04678 -34.04811 -34.05005
 -33.27169 -33.27205 -33.27280 -33.27409 -33.27596
 -32.61839 -32.61872 -32.61942 -32.62063 -32.62238
 -32.06574 -32.06604 -32.06668 -32.06778 -32.06936
 -31.59597 -31.59624 -31.59680 -31.59736 -31.59917
 -31.19128 -31.19151 -31.19184 -31.19250 -31.19337
 -30.84275 -30.84289 -30.84324 -30.84380 -30.84455
 -30.54233 -30.54245 -30.54274 -30.54321 -30.54384
 -30.27843 -30.27853 -30.27878 -30.27917 -30.27970
 -30.05140 -30.05148 -30.05167 -30.05199 -30.05241
 -29.84859 -29.84865 -29.84882 -29.84908 -29.84944
 -29.67372 -29.67375 -29.67386 -29.67412 -29.67440
 -29.51971 -29.51974 -29.51983 -29.51996 -29.52026
 -29.38608 -29.38610 -29.38617 -29.38628 -29.38653
 -29.27229 -29.27231 -29.27236 -29.27244 -29.27262
 -29.17284 -29.17285 -29.17289 -29.17296 -29.17310
 -29.08818 -29.08818 -29.08822 -29.08827 -29.08834
 -29.01699 -29.01699 -29.01701 -29.01706 -29.01711
 -28.95799 -28.95799 -28.95801 -28.95805 -28.95809
 -28.90997 -28.90998 -28.90999 -28.91001 -28.91005
 -28.87178 -28.87178 -28.87179 -28.87180 -28.87183
 -28.84231 -28.84231 -28.84232 -28.84233 -28.84235
 -28.82057 -28.82057 -28.82057 -28.82058 -28.82060
 -28.80564 -28.80564 -28.80564 -28.80565 -28.80566
 -28.79671 -28.79671 -28.79671 -28.79671 -28.79672
 -28.79302 -28.79302 -28.79302 -28.79303 -28.79303
 -28.79392 -28.79392 -28.79392 -28.79392 -28.79392
 -28.79878 -28.79878 -28.79878 -28.79878 -28.79878
================================================================================
 -60.00000 -60.00000 -60.00000 -60.00000 -60.00000
 -60.00000 -60.00000 -60.00000 -60.00000 -60.00000
 -60.00000 -60.00000 -60.00000 -60.00000 -60.00000
 -60.00000 -60.00000 -60.00000 -60.00000 -60.00000
 -60.00000 -60.00000 -60.00000 -60.00000 -60.00000
 -60.00000 -60.00000 -60.00000 -60.00000 -60.00000
 -60.00000 -60.00000 -60.00000 -60.00000 -60.00000
 -60.00000 -60.00000 -60.00000 -60.00000 -60.00000
 -60.00000 -60.00000 -60.00000 -60.00000 -60.00000
 -60.00000 -60.00000 -60.00000 -60.00000 -60.00000
 -58.28341 -58.28341 -58.28341 -58.28341 -58.28341
 -52.88117 -52.88117 -52.88117 -52.88117 -52.88117
 -48.54228 -48.54228 -48.54228 -48.54228 -48.54228
 -45.05978 -45.05978 -45.05978 -45.05978 -45.05978
 -42.26098 -42.26098 -42.26098 -42.26098 -42.26098
 -40.00567 -40.00567 -40.00567 -40.00567 -40.00567
 -38.18129 -38.18129 -38.18129 -38.18129 -38.18129
 -36.69726 -36.69726 -36.69726 -36.69726 -36.69726
 -35.47976 -35.47976 -35.47976 -35.47976 -35.47976
 -34.47193 -34.47193 -34.47193 -34.47194 -34.47194
 -33.62759 -33.62759 -33.62759 -33.62760 -33.62761
 -32.91546 -32.91546 -32.91547 -32.91550 -32.91553
 -32.30939 -32.30939 -32.30942 -32.30945 -32.30954
 -31.79758 -31.79759 -31.79763 -31.79769 -31.79784
 -31.36352 -31.36354 -31.36360 -31.36370 -31.36393
 -30.99462 -30.99463 -30.99474 -30.99488 -30.99505
 -30.67888 -30.67890 -30.67903 -30.67921 -30.67943
 -30.39876 -30.39878 -30.39889 -30.39914 -30.39940
 -30.15373 -30.15375 -30.15388 -30.15415 -30.15444
 -29.94262 -29.94262 -29.94277 -29.94296 -29.94335
 -29.74801 -29.74801 -29.74815 -29.74834 -29.74873
 -29.58655 -29.58655 -29.58669 -29.58686 -29.58722
 -29.42715 -29.42715 -29.42725 -29.42744 -29.42778
 -29.29424 -29.29424 -29.29433 -29.29450 -29.29480
 -29.17078 -29.17078 -29.17086 -29.17101 -29.17128
 -29.06316 -29.06316 -29.06322 -29.06336 -29.06349
 -28.97699 -28.97699 -28.97704 -28.97711 -28.97725
 -28.89522 -28.89522 -28.89525 -28.89532 -28.89544
 -28.82526 -28.82526 -28.82529 -28.82535 -28.82544
 -28.76646 -28.76646 -28.76648 -28.76652 -28.76660
 -28.71797 -28.71797 -28.71798 -28.71802 -28.71808
 -28.67884 -28.67884 -28.67886 -28.67888 -28.67893
 -28.64813 -28.64813 -28.64813 -28.64815 -28.64820
 -28.62488 -28.62488 -28.62488 -28.62489 -28.62492
 -28.60823 -28.60823 -28.60824 -28.60825 -28.60826
 -28.59748 -28.59748 -28.59748 -28.59749 -28.59750
 -28.59197 -28.59197 -28.59197 -28.59198 -28.59198
 -28.59110 -28.59110 -28.59110 -28.59111 -28.59111
 -28.59423 -28.59423 -28.59423 -28.59423 -28.59423
 -28.60065 -28.60065 -28.60065 -28.60065 -28.60065
================================================================================
 -60.00000 -60.00000 -60.00000 -60.00000 -60.00000
 -60.00000 -60.00000 -60.00000 -60.00000 -60.00000
 -60.00000 -60.00000 -60.00000 -60.00000 -60.00000
 -60.00000 -60.00000 -60.00000 -60.00000 -60.00000
 -60.00000 -60.00000 -60.00000 -60.00000 -60.00000
 -60.00000 -60.00000 -60.00000 -60.00000 -60.00000
 -60.00000 -60.00000 -60.00000 -60.00000 -60.00000
 -60.00000 -60.00000 -60.00000 -60.00000 -60.00000
 -60.00000 -60.00000 -60.00000 -60.00000 -60.00000
 -58.77556 -58.77556 -58.77556 -58.77556 -58.77556
 -53.20831 -53.20831 -53.20831 -53.20831 -53.20831
 -48.72446 -48.72446 -48.72446 -48.72446 -48.72446
 -45.12874 -45.12874 -45.12874 -45.12874 -45.12874
 -42.24215 -42.24215 -42.24215 -42.24215 -42.24215
 -39.92119 -39.92119 -39.92119 -39.92119 -39.92119
 -38.04904 -38.04904 -38.04904 -38.04904 -38.04904
 -36.53189 -36.53189 -36.53189 -36.53189 -36.53189
 -35.29423 -35.29423 -35.29423 -35.29423 -35.29423
 -34.27439 -34.27439 -34.27439 -34.27439 -34.27439
 -33.42538 -33.42538 -33.42538 -33.42538 -33.42538
 -32.70909 -32.70909 -32.70909 -32.70910 -32.70910
 -32.10091 -32.10091 -32.10091 -32.10091 -32.10092
 -31.58007 -31.58007 -31.58008 -31.58009 -31.58011
 -31.13924 -31.13924 -31.13926 -31.13928 -31.13933
 -30.76538 -30.76538 -30.76540 -30.76545 -30.76554
 -30.44857 -30.44857 -30.44861 -30.44869 -30.44877
 -30.17881 -30.17881 -30.17886 -30.17893 -30.17908
 -29.93916 -29.93916 -29.93920 -29.93932 -29.93951
 -29.73042 -29.73042 -29.73047 -29.73061 -29.73084
 -29.55291 -29.55291 -29.55298 -29.55314 -29.55339
 -29.38732 -29.38732 -29.38739 -29.38756 -29.38783
 -29.25494 -29.25494 -29.25501 -29.25518 -29.25545
 -29.11739 -29.11739 -29.11743 -29.11757 -29.11789
 -29.00653 -29.00653 -29.00657 -29.00670 -29.00690
 -28.90052 -28.90052 -28.90055 -28.90067 -28.90086
 -28.80854 -28.80854 -28.80857 -28.80868 -28.80884
 -28.73975 -28.73975 -28.73976 -28.73986 -28.74000
 -28.66994 -28.66994 -28.66995 -28.67004 -28.67016
 -28.61036 -28.61036 -28.61037 -28.61042 -28.61054
 -28.56063 -28.56063 -28.56064 -28.56068 -28.56078
 -28.52011 -28.52011 -28.52011 -28.52015 -28.52021
 -28.48796 -28.48796 -28.48796 -28.48800 -28.48804
 -28.46330 -28.46330 -28.46330 -28.46332 -28.46336
 -28.44521 -28.44521 -28.44521 -28.44522 -28.44525
 -28.43291 -28.43291 -28.43291 -28.43292 -28.43294
 -28.42578 -28.42578 -28.42578 -28.42579 -28.42581
 -28.42333 -28.42333 -28.42333 -28.42333 -28.42334
 -28.42504 -28.42504 -28.42504 -28.42504 -28.42505
 -28.43025 -28.43025 -28.43025 -28.43025 -28.43026
 -28.43816 -28.43816 -28.43816 -28.43816 -28.43816
