    2    5   50    1    2 F: Be 50. Si3N4 0.055 Si 0.7 A:Si 3. 200. 380.       
================================================================================
  11.00000  12.00000  13.00000  14.00000  15.00000
   0.00000   0.09590   0.19179   0.28769   0.38359   0.47949   0.57538   0.67128
   0.76718   0.86308   0.95897   1.05487   1.15077   1.24667   1.34256   1.43846
   1.53436   1.63025   1.72615   1.82205   1.91795   2.01384   2.10974   2.20564
   2.30154   2.39743   2.49333   2.58923   2.68513   2.78102   2.87692   2.97282
   3.06872   3.16461   3.26051   3.35641   3.45230   3.54820   3.64410   3.74000
   3.83589   3.93179   4.02769   4.12359   4.21948   4.31538   4.41128   4.50718
   4.60307   4.69897
================================================================================
 -60.00000 -60.00000 -60.00000 -60.00000 -60.00000
 -60.00000 -60.00000 -60.00000 -60.00000 -60.00000
 -60.00000 -60.00000 -60.00000 -60.00000 -60.00000
 -60.00000 -60.00000 -60.00000 -60.00000 -60.00000
 -60.00000 -60.00000 -60.00000 -60.00000 -60.00000
 -60.00000 -60.00000 -60.00000 -60.00000 -60.00000
 -59.99996 -59.99997 -59.99998 -59.99999 -60.00000
 -59.99971 -59.99983 -59.99990 -59.99995 -59.99997
 -59.99880 -59.99927 -59.99958 -59.99977 -59.99988
 -59.99642 -59.99781 -59.99875 -59.99931 -59.99963
 -59.99190 -59.99501 -59.99713 -59.99843 -59.99916
 -59.98531 -59.99089 -59.99474 -59.99711 -59.99845
 -59.22595 -59.22742 -59.22843 -59.22905 -59.22941
 -54.86657 -54.86658 -54.86658 -54.86659 -54.86659
 -51.13941 -51.13943 -51.13951 -51.13960 -51.13960
 -47.93448 -47.93454 -47.93483 -47.93520 -47.93520
 -45.19156 -45.19169 -45.19228 -45.19301 -45.19301
 -42.87628 -42.87647 -42.87729 -42.87729 -42.87832
 -40.93768 -40.93789 -40.93824 -40.93884 -40.94001
 -39.31440 -39.31476 -39.31511 -39.31572 -39.31691
 -37.94891 -37.94926 -37.94959 -37.95015 -37.95127
 -36.79525 -36.79555 -36.79584 -36.79634 -36.79733
 -35.81702 -35.81728 -35.81753 -35.81796 -35.81880
 -34.98751 -34.98772 -34.98792 -34.98828 -34.98897
 -34.28321 -34.28338 -34.28355 -34.28383 -34.28439
 -33.68401 -33.68415 -33.68427 -33.68450 -33.68494
 -33.17201 -33.17211 -33.17221 -33.17238 -33.17272
 -32.73126 -32.73134 -32.73141 -32.73155 -32.73181
 -32.34981 -32.34984 -32.34993 -32.35003 -32.35023
 -32.01796 -32.01799 -32.01806 -32.01813 -32.01828
 -31.72724 -31.72726 -31.72731 -31.72737 -31.72748
 -31.47271 -31.47272 -31.47276 -31.47280 -31.47288
 -31.24831 -31.24833 -31.24835 -31.24838 -31.24844
 -31.05147 -31.05148 -31.05150 -31.05152 -31.05156
 -30.87844 -30.87845 -30.87846 -30.87848 -30.87851
 -30.72700 -30.72700 -30.72701 -30.72703 -30.72705
 -30.59521 -30.59522 -30.59522 -30.59523 -30.59525
 -30.48080 -30.48080 -30.48081 -30.48082 -30.48082
 -30.38249 -30.38249 -30.38249 -30.38250 -30.38250
 -30.29888 -30.29888 -30.29888 -30.29888 -30.29889
 -30.22867 -30.22867 -30.22867 -30.22867 -30.22867
 -30.17060 -30.17060 -30.17060 -30.17061 -30.17061
 -30.12350 -30.12350 -30.12350 -30.12350 -30.12350
 -30.08622 -30.08622 -30.08623 -30.08623 -30.08623
 -30.05770 -30.05770 -30.05770 -30.05770 -30.05770
 -30.03694 -30.03694 -30.03694 -30.03694 -30.03694
 -30.02302 -30.02302 -30.02302 -30.02302 -30.02302
 -30.01511 -30.01511 -30.01511 -30.01511 -30.01511
 -30.01247 -30.01247 -30.01247 -30.01247 -30.01247
 -30.01444 -30.01444 -30.01444 -30.01444 -30.01444
================================================================================
 -60.00000 -60.00000 -60.00000 -60.00000 -60.00000
 -60.00000 -60.00000 -60.00000 -60.00000 -60.00000
 -60.00000 -60.00000 -60.00000 -60.00000 -60.00000
 -60.00000 -60.00000 -60.00000 -60.00000 -60.00000
 -60.00000 -60.00000 -60.00000 -60.00000 -60.00000
 -60.00000 -60.00000 -60.00000 -60.00000 -60.00000
 -60.00000 -60.00000 -60.00000 -60.00000 -60.00000
 -60.00000 -60.00000 -60.00000 -60.00000 -60.00000
 -60.00000 -60.00000 -60.00000 -60.00000 -60.00000
 -60.00000 -60.00000 -60.00000 -60.00000 -60.00000
 -60.00000 -60.00000 -60.00000 -60.00000 -60.00000
 -60.00000 -60.00000 -60.00000 -60.00000 -60.00000
 -58.47239 -58.47239 -58.47239 -58.47239 -58.47239
 -54.04970 -54.04970 -54.04971 -54.04973 -54.04976
 -50.13074 -50.13077 -50.13082 -50.13096 -50.13111
 -46.72676 -46.72683 -46.72697 -46.72729 -46.72764
 -43.89219 -43.89235 -43.89258 -43.89310 -43.89367
 -41.56821 -41.56843 -41.56874 -41.56947 -41.57025
 -39.66240 -39.66267 -39.66307 -39.66341 -39.66494
 -38.09116 -38.09148 -38.09193 -38.09233 -38.09409
 -36.78454 -36.78488 -36.78537 -36.78581 -36.78772
 -35.69123 -35.69158 -35.69209 -35.69254 -35.69452
 -34.77040 -34.77060 -34.77126 -34.77171 -34.77242
 -33.99552 -33.99577 -33.99612 -33.99683 -33.99751
 -33.34151 -33.34174 -33.34206 -33.34271 -33.34334
 -32.78794 -32.78815 -32.78843 -32.78902 -32.78957
 -32.31687 -32.31705 -32.31729 -32.31780 -32.31828
 -31.91060 -31.91076 -31.91097 -31.91140 -31.91181
 -31.55966 -31.55979 -31.55997 -31.56033 -31.56067
 -31.25574 -31.25586 -31.25601 -31.25630 -31.25658
 -30.98769 -30.98776 -30.98791 -30.98814 -30.98837
 -30.75520 -30.75525 -30.75537 -30.75555 -30.75572
 -30.54667 -30.54671 -30.54681 -30.54686 -30.54709
 -30.36513 -30.36517 -30.36524 -30.36528 -30.36545
 -30.20423 -30.20426 -30.20429 -30.20435 -30.20448
 -30.06341 -30.06344 -30.06346 -30.06351 -30.06361
 -29.94201 -29.94203 -29.94205 -29.94208 -29.94215
 -29.83535 -29.83536 -29.83538 -29.83540 -29.83546
 -29.74372 -29.74373 -29.74374 -29.74376 -29.74380
 -29.66590 -29.66591 -29.66592 -29.66593 -29.66594
 -29.60070 -29.60071 -29.60071 -29.60072 -29.60073
 -29.54696 -29.54696 -29.54697 -29.54698 -29.54698
 -29.50356 -29.50356 -29.50357 -29.50357 -29.50358
 -29.46943 -29.46943 -29.46943 -29.46944 -29.46944
 -29.44357 -29.44357 -29.44357 -29.44357 -29.44358
 -29.42504 -29.42504 -29.42504 -29.42504 -29.42505
 -29.41299 -29.41299 -29.41299 -29.41299 -29.41299
 -29.40664 -29.40664 -29.40664 -29.40664 -29.40664
 -29.40528 -29.40528 -29.40528 -29.40528 -29.40528
 -29.40828 -29.40828 -29.40828 -29.40828 -29.40828
