    8    5   50    1    8 F: Be 50. Si3N4 0.055 Si 0.7 A:Si 3. 200. 380.       
================================================================================
  11.00000  12.00000  13.00000  14.00000  15.00000
   0.00000   0.09590   0.19179   0.28769   0.38359   0.47949   0.57538   0.67128
   0.76718   0.86308   0.95897   1.05487   1.15077   1.24667   1.34256   1.43846
   1.53436   1.63025   1.72615   1.82205   1.91795   2.01384   2.10974   2.20564
   2.30154   2.39743   2.49333   2.58923   2.68513   2.78102   2.87692   2.97282
   3.06872   3.16461   3.26051   3.35641   3.45230   3.54820   3.64410   3.74000
   3.83589   3.93179   4.02769   4.12359   4.21948   4.31538   4.41128   4.50718
   4.60307   4.69897
================================================================================
 -60.00000 -60.00000 -60.00000 -60.00000 -60.00000
 -60.00000 -60.00000 -60.00000 -60.00000 -60.00000
 -59.99998 -59.99999 -59.99999 -59.99999 -59.99999
 -59.99990 -59.99993 -59.99995 -59.99996 -59.99997
 -59.99964 -59.99974 -59.99982 -59.99987 -59.99991
 -59.99904 -59.99932 -59.99952 -59.99966 -59.99976
 -59.99788 -59.99852 -59.99897 -59.99929 -59.99950
 -59.99597 -59.99724 -59.99813 -59.99874 -59.99914
 -59.99330 -59.99549 -59.99702 -59.99804 -59.99870
 -59.99016 -59.99347 -59.99578 -59.99729 -59.99824
 -59.98711 -59.99152 -59.99460 -59.99660 -59.99784
 -59.98472 -59.99000 -59.99371 -59.99610 -59.99757
 -59.22707 -59.22808 -59.22878 -59.22923 -59.22950
 -54.86934 -54.86935 -54.86935 -54.86936 -54.86936
 -51.15969 -51.15970 -51.15978 -51.15989 -51.15989
 -47.99881 -47.99889 -47.99922 -47.99964 -47.99964
 -45.30602 -45.30620 -45.30695 -45.30791 -45.30791
 -43.01977 -43.02004 -43.02118 -43.02118 -43.02260
 -41.08521 -41.08551 -41.08600 -41.08684 -41.08849
 -39.44924 -39.44974 -39.45022 -39.45105 -39.45268
 -38.06404 -38.06449 -38.06492 -38.06566 -38.06712
 -36.88923 -36.88961 -36.88997 -36.89060 -36.89183
 -35.89197 -35.89228 -35.89258 -35.89309 -35.89409
 -35.04597 -35.04621 -35.04645 -35.04685 -35.04764
 -34.32818 -34.32837 -34.32855 -34.32887 -34.32949
 -33.71818 -33.71832 -33.71846 -33.71871 -33.71918
 -33.19765 -33.19776 -33.19786 -33.19805 -33.19841
 -32.75061 -32.75070 -32.75078 -32.75092 -32.75119
 -32.36430 -32.36433 -32.36443 -32.36453 -32.36473
 -32.02852 -32.02855 -32.02862 -32.02870 -32.02885
 -31.73510 -31.73512 -31.73518 -31.73523 -31.73535
 -31.47818 -31.47820 -31.47824 -31.47828 -31.47835
 -31.25247 -31.25249 -31.25251 -31.25254 -31.25260
 -31.05443 -31.05444 -31.05446 -31.05448 -31.05453
 -30.88067 -30.88068 -30.88069 -30.88071 -30.88074
 -30.72866 -30.72867 -30.72867 -30.72869 -30.72872
 -30.59630 -30.59630 -30.59631 -30.59632 -30.59634
 -30.48160 -30.48161 -30.48161 -30.48162 -30.48162
 -30.38308 -30.38308 -30.38308 -30.38309 -30.38309
 -30.29931 -30.29931 -30.29931 -30.29932 -30.29932
 -30.22898 -30.22898 -30.22898 -30.22898 -30.22898
 -30.17082 -30.17082 -30.17082 -30.17082 -30.17083
 -30.12365 -30.12365 -30.12365 -30.12365 -30.12365
 -30.08633 -30.08633 -30.08633 -30.08633 -30.08633
 -30.05777 -30.05777 -30.05777 -30.05777 -30.05777
 -30.03698 -30.03698 -30.03698 -30.03698 -30.03698
 -30.02305 -30.02305 -30.02305 -30.02305 -30.02305
 -30.01513 -30.01513 -30.01513 -30.01513 -30.01513
 -30.01248 -30.01248 -30.01248 -30.01248 -30.01248
 -30.01444 -30.01444 -30.01444 -30.01444 -30.01444
================================================================================
 -60.00000 -60.00000 -60.00000 -60.00000 -60.00000
 -59.99999 -59.99999 -59.99999 -60.00000 -60.00000
 -59.99989 -59.99992 -59.99994 -59.99996 -59.99997
 -59.99943 -59.99958 -59.99969 -59.99978 -59.99984
 -59.99791 -59.99846 -59.99888 -59.99918 -59.99941
 -59.99443 -59.99590 -59.99700 -59.99782 -59.99842
 -59.98835 -59.99139 -59.99369 -59.99542 -59.99669
 -59.97926 -59.98450 -59.98861 -59.99176 -59.99410
 -59.96616 -59.97422 -59.98092 -59.98631 -59.99039
 -59.94746 -59.95894 -59.96931 -59.97816 -59.98504
 -59.92289 -59.93818 -59.95321 -59.96683 -59.97773
 -59.89533 -59.91423 -59.93423 -59.95330 -59.96902
 -58.47230 -58.47315 -58.47405 -58.47490 -58.47558
 -54.11028 -54.11028 -54.11029 -54.11032 -54.11035
 -50.37689 -50.37694 -50.37705 -50.37728 -50.37754
 -47.16564 -47.16584 -47.16622 -47.16710 -47.16806
 -44.42191 -44.42244 -44.42321 -44.42499 -44.42693
 -42.11017 -42.11093 -42.11203 -42.11455 -42.11730
 -40.17583 -40.17672 -40.17800 -40.17913 -40.18415
 -38.55623 -38.55715 -38.55848 -38.55965 -38.56483
 -37.19366 -37.19454 -37.19581 -37.19693 -37.20188
 -36.04294 -36.04374 -36.04489 -36.04591 -36.05038
 -35.06832 -35.06872 -35.07004 -35.07092 -35.07235
 -34.24352 -34.24398 -34.24459 -34.24585 -34.24705
 -33.54524 -33.54562 -33.54613 -33.54718 -33.54817
 -32.95306 -32.95337 -32.95379 -32.95464 -32.95545
 -32.44883 -32.44908 -32.44941 -32.45010 -32.45075
 -32.01622 -32.01642 -32.01669 -32.01724 -32.01776
 -31.64327 -31.64343 -31.64365 -31.64408 -31.64450
 -31.32015 -31.32030 -31.32047 -31.32080 -31.32113
 -31.03804 -31.03811 -31.03828 -31.03855 -31.03880
 -30.79215 -30.79220 -30.79233 -30.79252 -30.79271
 -30.57583 -30.57587 -30.57597 -30.57604 -30.57628
 -30.38680 -30.38684 -30.38691 -30.38696 -30.38714
 -30.22102 -30.22105 -30.22108 -30.22114 -30.22128
 -30.07630 -30.07632 -30.07635 -30.07640 -30.07650
 -29.95080 -29.95081 -29.95083 -29.95086 -29.95094
 -29.84199 -29.84200 -29.84201 -29.84204 -29.84210
 -29.74873 -29.74873 -29.74875 -29.74877 -29.74881
 -29.66964 -29.66965 -29.66966 -29.66967 -29.66968
 -29.60345 -29.60346 -29.60346 -29.60347 -29.60348
 -29.54894 -29.54895 -29.54895 -29.54896 -29.54897
 -29.50496 -29.50496 -29.50497 -29.50497 -29.50498
 -29.47040 -29.47040 -29.47040 -29.47040 -29.47041
 -29.44422 -29.44422 -29.44422 -29.44422 -29.44422
 -29.42546 -29.42546 -29.42546 -29.42546 -29.42547
 -29.41325 -29.41325 -29.41325 -29.41325 -29.41325
 -29.40679 -29.40679 -29.40679 -29.40679 -29.40679
 -29.40536 -29.40536 -29.40536 -29.40536 -29.40536
 -29.40832 -29.40832 -29.40832 -29.40833 -29.40833
================================================================================
 -60.00000 -60.00000 -60.00000 -60.00000 -60.00000
 -60.00000 -60.00000 -60.00000 -60.00000 -60.00000
 -59.99996 -59.99997 -59.99998 -59.99999 -59.99999
 -59.99964 -59.99973 -59.99980 -59.99986 -59.99990
 -59.99787 -59.99843 -59.99884 -59.99916 -59.99939
 -59.99175 -59.99389 -59.99550 -59.99671 -59.99760
 -59.97726 -59.98305 -59.98748 -59.99081 -59.99330
 -59.95215 -59.96396 -59.97314 -59.98016 -59.98547
 -59.91775 -59.93693 -59.95223 -59.96430 -59.97369
 -59.87679 -59.90292 -59.92458 -59.94251 -59.95726
 -59.83119 -59.86233 -59.88946 -59.91353 -59.93486
 -59.78339 -59.81693 -59.84791 -59.87770 -59.90642
 -58.06734 -58.06804 -58.06867 -58.06927 -58.06986
 -53.68566 -53.68568 -53.68569 -53.68571 -53.68577
 -49.88442 -49.88452 -49.88462 -49.88481 -49.88528
 -46.58680 -46.58700 -46.58740 -46.58800 -46.58942
 -43.79773 -43.79808 -43.79882 -43.79989 -43.80245
 -41.48127 -41.48176 -41.48280 -41.48432 -41.48568
 -39.56305 -39.56378 -39.56505 -39.56690 -39.56855
 -37.96800 -37.96881 -37.97021 -37.97224 -37.97405
 -36.63128 -36.63211 -36.63354 -36.63562 -36.63746
 -35.50482 -35.50562 -35.50641 -35.50901 -35.51078
 -34.55119 -34.55168 -34.55267 -34.55398 -34.55671
 -33.74487 -33.74541 -33.74629 -33.74747 -33.74991
 -33.06237 -33.06285 -33.06361 -33.06464 -33.06676
 -32.48374 -32.48414 -32.48480 -32.48567 -32.48747
 -31.99118 -31.99152 -31.99207 -31.99279 -31.99429
 -31.56812 -31.56840 -31.56886 -31.56946 -31.57071
 -31.20365 -31.20384 -31.20429 -31.20479 -31.20582
 -30.88861 -30.88877 -30.88900 -30.88953 -30.89035
 -30.61337 -30.61350 -30.61369 -30.61411 -30.61478
 -30.37463 -30.37473 -30.37487 -30.37520 -30.37541
 -30.16408 -30.16417 -30.16429 -30.16444 -30.16472
 -29.98106 -29.98113 -29.98122 -29.98134 -29.98156
 -29.82067 -29.82071 -29.82080 -29.82089 -29.82107
 -29.68113 -29.68116 -29.68123 -29.68131 -29.68145
 -29.56090 -29.56092 -29.56096 -29.56103 -29.56113
 -29.45664 -29.45666 -29.45668 -29.45674 -29.45682
 -29.36760 -29.36761 -29.36763 -29.36768 -29.36774
 -29.29240 -29.29241 -29.29242 -29.29246 -29.29250
 -29.22975 -29.22976 -29.22977 -29.22979 -29.22983
 -29.17843 -29.17844 -29.17845 -29.17846 -29.17849
 -29.13729 -29.13730 -29.13730 -29.13731 -29.13734
 -29.10523 -29.10524 -29.10524 -29.10525 -29.10526
 -29.08124 -29.08124 -29.08124 -29.08125 -29.08125
 -29.06437 -29.06437 -29.06437 -29.06438 -29.06438
 -29.05377 -29.05377 -29.05377 -29.05378 -29.05378
 -29.04868 -29.04868 -29.04868 -29.04868 -29.04868
 -29.04840 -29.04840 -29.04840 -29.04840 -29.04840
 -29.05231 -29.05231 -29.05231 -29.05232 -29.05232
================================================================================
 -60.00000 -60.00000 -60.00000 -60.00000 -60.00000
 -59.99999 -59.99999 -59.99999 -60.00000 -60.00000
 -59.99983 -59.99988 -59.99991 -59.99993 -59.99995
 -59.99858 -59.99895 -59.99922 -59.99943 -59.99958
 -59.99267 -59.99454 -59.99596 -59.99704 -59.99784
 -59.97469 -59.98102 -59.98591 -59.98963 -59.99241
 -59.93749 -59.95260 -59.96451 -59.97369 -59.98065
 -59.88243 -59.90948 -59.93137 -59.94862 -59.96191
 -59.82060 -59.85961 -59.89205 -59.91821 -59.93878
 -59.76419 -59.81255 -59.85371 -59.88766 -59.91495
 -59.71842 -59.77232 -59.81901 -59.85838 -59.89098
 -59.68035 -59.73546 -59.78391 -59.82594 -59.86240
 -57.78742 -57.78810 -57.78865 -57.78910 -57.78948
 -53.32065 -53.32066 -53.32067 -53.32071 -53.32077
 -49.36230 -49.36236 -49.36243 -49.36262 -49.36293
 -45.98326 -45.98339 -45.98359 -45.98405 -45.98435
 -43.19232 -43.19255 -43.19292 -43.19375 -43.19429
 -40.90532 -40.90573 -40.90627 -40.90697 -40.90833
 -39.02493 -39.02532 -39.02620 -39.02712 -39.02892
 -37.46786 -37.46833 -37.46939 -37.47050 -37.47264
 -36.16604 -36.16656 -36.16733 -36.16897 -36.17134
 -35.07030 -35.07094 -35.07174 -35.07344 -35.07590
 -34.14260 -34.14324 -34.14403 -34.14571 -34.14814
 -33.35854 -33.35897 -33.35989 -33.36147 -33.36376
 -32.69447 -32.69486 -32.69570 -32.69715 -32.69923
 -32.13111 -32.13147 -32.13221 -32.13349 -32.13533
 -31.65119 -31.65150 -31.65214 -31.65277 -31.65484
 -31.23789 -31.23815 -31.23852 -31.23924 -31.24021
 -30.88165 -30.88180 -30.88218 -30.88280 -30.88362
 -30.57401 -30.57414 -30.57445 -30.57496 -30.57563
 -30.30455 -30.30465 -30.30491 -30.30533 -30.30590
 -30.07181 -30.07189 -30.07209 -30.07242 -30.07286
 -29.86550 -29.86557 -29.86574 -29.86602 -29.86638
 -29.68704 -29.68708 -29.68719 -29.68745 -29.68774
 -29.53053 -29.53055 -29.53064 -29.53078 -29.53109
 -29.39477 -29.39479 -29.39487 -29.39498 -29.39523
 -29.27867 -29.27869 -29.27874 -29.27882 -29.27901
 -29.17787 -29.17787 -29.17792 -29.17799 -29.17813
 -29.09213 -29.09213 -29.09217 -29.09222 -29.09229
 -29.02006 -29.02007 -29.02009 -29.02014 -29.02019
 -28.96036 -28.96036 -28.96038 -28.96042 -28.96045
 -28.91177 -28.91177 -28.91178 -28.91180 -28.91184
 -28.87311 -28.87311 -28.87313 -28.87314 -28.87317
 -28.84329 -28.84329 -28.84330 -28.84331 -28.84333
 -28.82127 -28.82127 -28.82127 -28.82128 -28.82130
 -28.80613 -28.80613 -28.80613 -28.80614 -28.80615
 -28.79703 -28.79703 -28.79703 -28.79704 -28.79704
 -28.79322 -28.79322 -28.79322 -28.79323 -28.79323
 -28.79403 -28.79403 -28.79403 -28.79403 -28.79403
 -28.79884 -28.79884 -28.79884 -28.79884 -28.79884
================================================================================
 -59.99946 -59.99960 -59.99970 -59.99978 -59.99984
 -59.99626 -59.99720 -59.99793 -59.99848 -59.99889
 -59.98358 -59.98766 -59.99083 -59.99324 -59.99505
 -59.95082 -59.96268 -59.97204 -59.97926 -59.98474
 -59.89284 -59.91737 -59.93728 -59.95300 -59.96514
 -59.81859 -59.85745 -59.89004 -59.91649 -59.93738
 -59.74515 -59.79630 -59.84042 -59.87718 -59.90688
 -59.68625 -59.74600 -59.79862 -59.84334 -59.88012
 -59.64813 -59.71286 -59.77060 -59.82027 -59.86160
 -59.63105 -59.69773 -59.75755 -59.80932 -59.85264
 -59.63127 -59.69732 -59.75658 -59.80790 -59.85096
 -59.64158 -59.70442 -59.76057 -59.80914 -59.85010
 -57.38823 -57.38852 -57.38875 -57.38893 -57.38907
 -52.53284 -52.53284 -52.53285 -52.53286 -52.53287
 -48.43490 -48.43491 -48.43493 -48.43496 -48.43504
 -45.10046 -45.10049 -45.10053 -45.10062 -45.10074
 -42.39788 -42.39792 -42.39804 -42.39822 -42.39848
 -40.19968 -40.19976 -40.19997 -40.20032 -40.20079
 -38.39884 -38.39897 -38.39931 -38.39985 -38.40061
 -36.91106 -36.91124 -36.91172 -36.91249 -36.91354
 -35.66863 -35.66887 -35.66947 -35.67046 -35.67179
 -34.62349 -34.62366 -34.62424 -34.62563 -34.62718
 -33.73775 -33.73793 -33.73857 -33.73955 -33.74176
 -32.98890 -32.98909 -32.98974 -32.99075 -32.99302
 -32.35384 -32.35403 -32.35467 -32.35565 -32.35787
 -31.81427 -31.81435 -31.81505 -31.81597 -31.81713
 -31.35373 -31.35380 -31.35443 -31.35527 -31.35632
 -30.95519 -30.95526 -30.95566 -30.95657 -30.95750
 -30.61096 -30.61102 -30.61137 -30.61216 -30.61298
 -30.31371 -30.31371 -30.31406 -30.31450 -30.31542
 -30.05195 -30.05195 -30.05225 -30.05262 -30.05341
 -29.82687 -29.82687 -29.82711 -29.82741 -29.82804
 -29.62541 -29.62541 -29.62556 -29.62587 -29.62641
 -29.45202 -29.45202 -29.45213 -29.45239 -29.45282
 -29.29939 -29.29939 -29.29949 -29.29970 -29.30006
 -29.16727 -29.16727 -29.16735 -29.16752 -29.16768
 -29.05523 -29.05523 -29.05529 -29.05538 -29.05554
 -28.95752 -28.95752 -28.95755 -28.95763 -28.95777
 -28.87469 -28.87469 -28.87472 -28.87478 -28.87489
 -28.80539 -28.80539 -28.80541 -28.80547 -28.80555
 -28.74831 -28.74831 -28.74833 -28.74837 -28.74843
 -28.70218 -28.70218 -28.70219 -28.70222 -28.70227
 -28.66579 -28.66579 -28.66580 -28.66582 -28.66586
 -28.63803 -28.63803 -28.63803 -28.63804 -28.63807
 -28.61785 -28.61785 -28.61785 -28.61786 -28.61788
 -28.60434 -28.60434 -28.60434 -28.60435 -28.60436
 -28.59666 -28.59666 -28.59666 -28.59667 -28.59668
 -28.59409 -28.59409 -28.59409 -28.59410 -28.59410
 -28.59595 -28.59595 -28.59595 -28.59595 -28.59595
 -28.60161 -28.60161 -28.60161 -28.60162 -28.60162
================================================================================
 -60.00000 -60.00000 -60.00000 -60.00000 -60.00000
 -60.00000 -60.00000 -60.00000 -60.00000 -60.00000
 -60.00000 -60.00000 -60.00000 -60.00000 -60.00000
 -60.00000 -60.00000 -60.00000 -60.00000 -60.00000
 -60.00000 -60.00000 -60.00000 -60.00000 -60.00000
 -60.00000 -60.00000 -60.00000 -60.00000 -60.00000
 -60.00000 -60.00000 -60.00000 -60.00000 -60.00000
 -60.00000 -60.00000 -60.00000 -60.00000 -60.00000
 -60.00000 -60.00000 -60.00000 -60.00000 -60.00000
 -60.00000 -60.00000 -60.00000 -60.00000 -60.00000
 -59.99933 -59.99933 -59.99934 -59.99936 -59.99939
 -57.43534 -57.43839 -57.44421 -57.45525 -57.47578
 -52.94195 -52.94491 -52.95058 -52.96131 -52.98131
 -49.30819 -49.31105 -49.31652 -49.32689 -49.34624
 -46.39154 -46.39419 -46.39925 -46.40883 -46.42669
 -43.94915 -43.95098 -43.95448 -43.96108 -43.97330
 -41.69265 -41.69330 -41.69456 -41.69690 -41.70115
 -39.65272 -39.65289 -39.65326 -39.65399 -39.65518
 -37.92508 -37.92514 -37.92537 -37.92586 -37.92648
 -36.48683 -36.48688 -36.48716 -36.48757 -36.48844
 -35.28404 -35.28404 -35.28446 -35.28499 -35.28613
 -34.27244 -34.27245 -34.27297 -34.27364 -34.27505
 -33.41530 -33.41530 -33.41574 -33.41669 -33.41833
 -32.69125 -32.69125 -32.69173 -32.69276 -32.69454
 -32.07745 -32.07745 -32.07795 -32.07900 -32.08082
 -31.55599 -31.55599 -31.55647 -31.55750 -31.55852
 -31.11072 -31.11072 -31.11117 -31.11182 -31.11310
 -30.72419 -30.72419 -30.72448 -30.72520 -30.72638
 -30.38989 -30.38989 -30.39014 -30.39079 -30.39184
 -30.10130 -30.10130 -30.10152 -30.10209 -30.10300
 -29.84598 -29.84598 -29.84617 -29.84666 -29.84745
 -29.62727 -29.62727 -29.62743 -29.62783 -29.62848
 -29.42976 -29.42976 -29.42984 -29.43012 -29.43079
 -29.26044 -29.26044 -29.26051 -29.26075 -29.26110
 -29.11085 -29.11085 -29.11091 -29.11111 -29.11140
 -28.98150 -28.98150 -28.98155 -28.98171 -28.98196
 -28.87264 -28.87264 -28.87266 -28.87280 -28.87299
 -28.77724 -28.77724 -28.77725 -28.77736 -28.77752
 -28.69659 -28.69659 -28.69660 -28.69667 -28.69682
 -28.62939 -28.62939 -28.62940 -28.62945 -28.62957
 -28.57433 -28.57433 -28.57433 -28.57438 -28.57444
 -28.53013 -28.53013 -28.53013 -28.53017 -28.53021
 -28.49557 -28.49557 -28.49557 -28.49560 -28.49564
 -28.46951 -28.46951 -28.46951 -28.46952 -28.46956
 -28.45088 -28.45088 -28.45088 -28.45089 -28.45092
 -28.43876 -28.43876 -28.43876 -28.43877 -28.43879
 -28.43233 -28.43233 -28.43233 -28.43234 -28.43235
 -28.43086 -28.43086 -28.43086 -28.43086 -28.43087
 -28.43366 -28.43366 -28.43366 -28.43366 -28.43367
 -28.44011 -28.44011 -28.44011 -28.44011 -28.44011
================================================================================
 -60.00000 -60.00000 -60.00000 -60.00000 -60.00000
 -60.00000 -60.00000 -60.00000 -60.00000 -60.00000
 -60.00000 -60.00000 -60.00000 -60.00000 -60.00000
 -60.00000 -60.00000 -60.00000 -60.00000 -60.00000
 -60.00000 -60.00000 -60.00000 -60.00000 -60.00000
 -59.99964 -59.99964 -59.99964 -59.99964 -59.99964
 -56.61426 -56.61426 -56.61426 -56.61426 -56.61426
 -51.43965 -51.43965 -51.43965 -51.43965 -51.43965
 -47.29585 -47.29585 -47.29585 -47.29585 -47.29585
 -43.97779 -43.97779 -43.97779 -43.97779 -43.97779
 -41.32056 -41.32056 -41.32056 -41.32056 -41.32056
 -39.19157 -39.19157 -39.19157 -39.19157 -39.19157
 -37.48413 -37.48413 -37.48413 -37.48413 -37.48413
 -36.11170 -36.11170 -36.11170 -36.11170 -36.11170
 -35.00488 -35.00488 -35.00488 -35.00488 -35.00488
 -34.10630 -34.10630 -34.10630 -34.10630 -34.10630
 -33.36982 -33.36982 -33.36982 -33.36982 -33.36982
 -32.75814 -32.75814 -32.75814 -32.75814 -32.75814
 -32.24027 -32.24027 -32.24027 -32.24027 -32.24027
 -31.79386 -31.79387 -31.79387 -31.79387 -31.79387
 -31.40072 -31.40072 -31.40072 -31.40072 -31.40072
 -31.05225 -31.05226 -31.05226 -31.05226 -31.05226
 -30.74056 -30.74056 -30.74056 -30.74057 -30.74057
 -30.46839 -30.46839 -30.46839 -30.46840 -30.46842
 -30.23037 -30.23037 -30.23038 -30.23040 -30.23043
 -30.02236 -30.02236 -30.02237 -30.02241 -30.02247
 -29.83863 -29.83863 -29.83865 -29.83872 -29.83882
 -29.66544 -29.66544 -29.66547 -29.66556 -29.66571
 -29.50665 -29.50665 -29.50667 -29.50682 -29.50702
 -29.36543 -29.36543 -29.36545 -29.36558 -29.36588
 -29.22472 -29.22472 -29.22474 -29.22489 -29.22523
 -29.10841 -29.10841 -29.10844 -29.10859 -29.10894
 -28.98053 -28.98053 -28.98053 -28.98071 -28.98094
 -28.87446 -28.87446 -28.87446 -28.87464 -28.87485
 -28.77054 -28.77054 -28.77054 -28.77070 -28.77090
 -28.67874 -28.67874 -28.67874 -28.67885 -28.67907
 -28.60800 -28.60800 -28.60800 -28.60809 -28.60828
 -28.53685 -28.53685 -28.53685 -28.53692 -28.53709
 -28.47588 -28.47588 -28.47588 -28.47594 -28.47603
 -28.42490 -28.42490 -28.42490 -28.42495 -28.42503
 -28.38336 -28.38336 -28.38336 -28.38339 -28.38346
 -28.35045 -28.35045 -28.35045 -28.35047 -28.35053
 -28.32530 -28.32530 -28.32530 -28.32532 -28.32537
 -28.30700 -28.30700 -28.30700 -28.30701 -28.30705
 -28.29470 -28.29470 -28.29470 -28.29470 -28.29473
 -28.28773 -28.28773 -28.28773 -28.28774 -28.28775
 -28.28554 -28.28554 -28.28554 -28.28555 -28.28556
 -28.28760 -28.28760 -28.28760 -28.28760 -28.28761
 -28.29323 -28.29323 -28.29323 -28.29323 -28.29323
 -28.30161 -28.30161 -28.30161 -28.30161 -28.30161
================================================================================
 -60.00000 -60.00000 -60.00000 -60.00000 -60.00000
 -59.99957 -59.99957 -59.99957 -59.99957 -59.99957
 -56.43383 -56.43383 -56.43383 -56.43383 -56.43383
 -51.16994 -51.16994 -51.16994 -51.16994 -51.16994
 -46.95679 -46.95679 -46.95679 -46.95679 -46.95679
 -43.58591 -43.58591 -43.58591 -43.58591 -43.58591
 -40.88996 -40.88996 -40.88996 -40.88996 -40.88996
 -38.73464 -38.73464 -38.73464 -38.73464 -38.73464
 -37.01205 -37.01205 -37.01205 -37.01205 -37.01205
 -35.63548 -35.63548 -35.63548 -35.63548 -35.63548
 -34.53506 -34.53506 -34.53506 -34.53506 -34.53506
 -33.65444 -33.65444 -33.65444 -33.65444 -33.65444
 -32.94802 -32.94802 -32.94802 -32.94802 -32.94802
 -32.37828 -32.37828 -32.37828 -32.37828 -32.37828
 -31.91511 -31.91511 -31.91511 -31.91511 -31.91511
 -31.53266 -31.53266 -31.53266 -31.53266 -31.53266
 -31.21004 -31.21004 -31.21004 -31.21004 -31.21004
 -30.93023 -30.93023 -30.93023 -30.93023 -30.93023
 -30.67848 -30.67848 -30.67848 -30.67848 -30.67848
 -30.44551 -30.44551 -30.44551 -30.44551 -30.44551
 -30.22359 -30.22359 -30.22359 -30.22359 -30.22359
 -30.01268 -30.01268 -30.01268 -30.01268 -30.01268
 -29.81189 -29.81189 -29.81189 -29.81189 -29.81189
 -29.62996 -29.62996 -29.62996 -29.62996 -29.62997
 -29.46662 -29.46662 -29.46662 -29.46662 -29.46663
 -29.32207 -29.32207 -29.32207 -29.32208 -29.32210
 -29.19421 -29.19421 -29.19421 -29.19423 -29.19426
 -29.07166 -29.07166 -29.07166 -29.07169 -29.07175
 -28.96020 -28.96020 -28.96020 -28.96024 -28.96033
 -28.86466 -28.86466 -28.86466 -28.86472 -28.86485
 -28.76653 -28.76653 -28.76653 -28.76661 -28.76676
 -28.69383 -28.69383 -28.69383 -28.69392 -28.69404
 -28.60217 -28.60217 -28.60217 -28.60223 -28.60240
 -28.53278 -28.53278 -28.53278 -28.53285 -28.53302
 -28.45938 -28.45938 -28.45938 -28.45945 -28.45962
 -28.39528 -28.39528 -28.39528 -28.39535 -28.39551
 -28.35507 -28.35507 -28.35507 -28.35513 -28.35528
 -28.30560 -28.30560 -28.30560 -28.30563 -28.30574
 -28.26339 -28.26339 -28.26339 -28.26342 -28.26352
 -28.22872 -28.22872 -28.22872 -28.22874 -28.22883
 -28.20138 -28.20138 -28.20138 -28.20140 -28.20147
 -28.18079 -28.18079 -28.18079 -28.18080 -28.18087
 -28.16623 -28.16623 -28.16623 -28.16624 -28.16629
 -28.15687 -28.15687 -28.15687 -28.15688 -28.15691
 -28.15201 -28.15201 -28.15201 -28.15201 -28.15203
 -28.15119 -28.15119 -28.15119 -28.15119 -28.15121
 -28.15413 -28.15413 -28.15413 -28.15413 -28.15414
 -28.16052 -28.16052 -28.16052 -28.16052 -28.16053
 -28.16966 -28.16966 -28.16966 -28.16966 -28.16966
 -28.18043 -28.18043 -28.18043 -28.18043 -28.18043
