   29    5   50    1   29 F: Be 50. Si3N4 0.055 Si 0.7 A:Si 3. 200. 380.       
================================================================================
  11.00000  12.00000  13.00000  14.00000  15.00000
   0.00000   0.09590   0.19179   0.28769   0.38359   0.47949   0.57538   0.67128
   0.76718   0.86308   0.95897   1.05487   1.15077   1.24667   1.34256   1.43846
   1.53436   1.63025   1.72615   1.82205   1.91795   2.01384   2.10974   2.20564
   2.30154   2.39743   2.49333   2.58923   2.68513   2.78102   2.87692   2.97282
   3.06872   3.16461   3.26051   3.35641   3.45230   3.54820   3.64410   3.74000
   3.83589   3.93179   4.02769   4.12359   4.21948   4.31538   4.41128   4.50718
   4.60307   4.69897
================================================================================
 -60.00000 -60.00000 -60.00000 -60.00000 -60.00000
 -60.00000 -60.00000 -60.00000 -60.00000 -60.00000
 -60.00000 -60.00000 -60.00000 -60.00000 -60.00000
 -60.00000 -60.00000 -60.00000 -60.00000 -60.00000
 -60.00000 -60.00000 -60.00000 -60.00000 -60.00000
 -60.00000 -60.00000 -60.00000 -60.00000 -60.00000
 -60.00000 -60.00000 -60.00000 -60.00000 -60.00000
 -60.00000 -60.00000 -60.00000 -60.00000 -60.00000
 -60.00000 -60.00000 -60.00000 -60.00000 -60.00000
 -60.00000 -60.00000 -60.00000 -60.00000 -60.00000
 -60.00000 -60.00000 -60.00000 -60.00000 -60.00000
 -60.00000 -60.00000 -60.00000 -60.00000 -60.00000
 -59.22995 -59.22995 -59.22995 -59.22995 -59.22995
 -54.86956 -54.86956 -54.86957 -54.86957 -54.86957
 -51.16140 -51.16141 -51.16149 -51.16149 -51.16149
 -48.00484 -48.00491 -48.00525 -48.00525 -48.00525
 -45.31788 -45.31806 -45.31884 -45.31884 -45.31884
 -43.03560 -43.03587 -43.03705 -43.03705 -43.03705
 -41.10179 -41.10210 -41.10260 -41.10347 -41.10347
 -39.46420 -39.46471 -39.46521 -39.46606 -39.46606
 -38.07642 -38.07688 -38.07732 -38.07809 -38.07809
 -36.89895 -36.89933 -36.89970 -36.90034 -36.90034
 -35.89938 -35.89969 -35.89999 -35.90051 -35.90051
 -35.05148 -35.05173 -35.05197 -35.05238 -35.05238
 -34.33222 -34.33241 -34.33260 -34.33292 -34.33292
 -33.72109 -33.72124 -33.72138 -33.72162 -33.72162
 -33.19970 -33.19982 -33.19992 -33.20011 -33.20011
 -32.75206 -32.75214 -32.75222 -32.75236 -32.75236
 -32.36529 -32.36532 -32.36542 -32.36552 -32.36552
 -32.02917 -32.02920 -32.02927 -32.02935 -32.02935
 -31.73552 -31.73555 -31.73560 -31.73566 -31.73566
 -31.47842 -31.47844 -31.47848 -31.47852 -31.47852
 -31.25263 -31.25264 -31.25267 -31.25270 -31.25270
 -31.05451 -31.05452 -31.05454 -31.05457 -31.05457
 -30.88072 -30.88072 -30.88074 -30.88075 -30.88075
 -30.72868 -30.72869 -30.72869 -30.72871 -30.72871
 -30.59630 -30.59630 -30.59630 -30.59632 -30.59632
 -30.48160 -30.48160 -30.48160 -30.48161 -30.48161
 -30.38307 -30.38307 -30.38307 -30.38308 -30.38308
 -30.29930 -30.29930 -30.29930 -30.29930 -30.29931
 -30.22896 -30.22896 -30.22897 -30.22897 -30.22897
 -30.17081 -30.17081 -30.17081 -30.17081 -30.17081
 -30.12364 -30.12364 -30.12364 -30.12364 -30.12364
 -30.08632 -30.08632 -30.08632 -30.08632 -30.08632
 -30.05776 -30.05776 -30.05776 -30.05776 -30.05776
 -30.03698 -30.03698 -30.03698 -30.03698 -30.03698
 -30.02304 -30.02304 -30.02304 -30.02304 -30.02304
 -30.01512 -30.01512 -30.01512 -30.01512 -30.01512
 -30.01248 -30.01248 -30.01248 -30.01248 -30.01248
 -30.01444 -30.01444 -30.01444 -30.01444 -30.01444
================================================================================
 -59.99936 -59.99953 -59.99966 -59.99975 -59.99982
 -59.99655 -59.99745 -59.99814 -59.99866 -59.99904
 -59.98714 -59.99041 -59.99299 -59.99497 -59.99643
 -59.96418 -59.97288 -59.98006 -59.98576 -59.99002
 -59.92204 -59.93967 -59.95515 -59.96799 -59.97781
 -59.86254 -59.89096 -59.91763 -59.94092 -59.95928
 -59.79606 -59.83441 -59.87266 -59.90781 -59.93650
 -59.73546 -59.78101 -59.82882 -59.87475 -59.91351
 -59.68986 -59.73957 -59.79378 -59.84772 -59.89451
 -59.66308 -59.71433 -59.77178 -59.83040 -59.88228
 -59.65491 -59.70568 -59.76365 -59.82378 -59.87770
 -59.66286 -59.71162 -59.76793 -59.82690 -59.88012
 -58.46328 -58.46590 -58.46863 -58.47118 -58.47323
 -54.11456 -54.11457 -54.11458 -54.11461 -54.11464
 -50.40538 -50.40544 -50.40554 -50.40580 -50.40608
 -47.25006 -47.25030 -47.25076 -47.25183 -47.25300
 -44.56629 -44.56703 -44.56810 -44.57058 -44.57329
 -42.28750 -42.28864 -42.29029 -42.29410 -42.29826
 -40.35619 -40.35754 -40.35948 -40.36120 -40.36885
 -38.72050 -38.72185 -38.72378 -38.72550 -38.73311
 -37.33442 -37.33564 -37.33740 -37.33896 -37.34583
 -36.15927 -36.16032 -36.16183 -36.16316 -36.16902
 -35.16306 -35.16356 -35.16519 -35.16630 -35.16807
 -34.31941 -34.31996 -34.32069 -34.32218 -34.32362
 -33.60558 -33.60602 -33.60660 -33.60780 -33.60895
 -33.00070 -33.00105 -33.00151 -33.00246 -33.00337
 -32.48619 -32.48646 -32.48683 -32.48757 -32.48828
 -32.04588 -32.04609 -32.04638 -32.04697 -32.04753
 -31.66669 -31.66686 -31.66708 -31.66755 -31.66799
 -31.33823 -31.33839 -31.33856 -31.33891 -31.33925
 -31.05228 -31.05236 -31.05254 -31.05281 -31.05307
 -30.80274 -30.80280 -30.80293 -30.80313 -30.80332
 -30.58430 -30.58435 -30.58445 -30.58451 -30.58476
 -30.39321 -30.39325 -30.39332 -30.39337 -30.39355
 -30.22606 -30.22608 -30.22612 -30.22618 -30.22632
 -30.08022 -30.08024 -30.08027 -30.08032 -30.08043
 -29.95356 -29.95358 -29.95359 -29.95363 -29.95370
 -29.84411 -29.84411 -29.84413 -29.84416 -29.84421
 -29.75035 -29.75035 -29.75037 -29.75039 -29.75043
 -29.67087 -29.67088 -29.67089 -29.67090 -29.67091
 -29.60438 -29.60438 -29.60439 -29.60440 -29.60441
 -29.54963 -29.54963 -29.54964 -29.54964 -29.54965
 -29.50546 -29.50546 -29.50546 -29.50547 -29.50547
 -29.47075 -29.47075 -29.47075 -29.47076 -29.47076
 -29.44446 -29.44446 -29.44447 -29.44447 -29.44447
 -29.42563 -29.42563 -29.42563 -29.42563 -29.42563
 -29.41336 -29.41336 -29.41336 -29.41336 -29.41336
 -29.40685 -29.40685 -29.40685 -29.40685 -29.40685
 -29.40539 -29.40539 -29.40539 -29.40539 -29.40539
 -29.40834 -29.40834 -29.40834 -29.40834 -29.40834
================================================================================
 -59.99997 -59.99998 -59.99998 -59.99999 -59.99999
 -59.99961 -59.99971 -59.99979 -59.99984 -59.99989
 -59.99707 -59.99783 -59.99841 -59.99884 -59.99915
 -59.98621 -59.98971 -59.99239 -59.99441 -59.99593
 -59.95519 -59.96597 -59.97443 -59.98103 -59.98612
 -59.89257 -59.91585 -59.93502 -59.95080 -59.96366
 -59.79855 -59.83588 -59.86860 -59.89760 -59.92306
 -59.68789 -59.73575 -59.78044 -59.82333 -59.86423
 -59.58044 -59.63349 -59.68580 -59.73975 -59.79524
 -59.49124 -59.54535 -59.60109 -59.66201 -59.72859
 -59.42780 -59.48063 -59.53696 -59.60127 -59.67483
 -59.39167 -59.44216 -59.49741 -59.56256 -59.63950
 -58.05715 -58.05930 -58.06145 -58.06372 -58.06607
 -53.70772 -53.70773 -53.70774 -53.70777 -53.70783
 -49.99148 -49.99160 -49.99173 -49.99198 -49.99258
 -46.82093 -46.82125 -46.82195 -46.82297 -46.82541
 -44.11825 -44.11898 -44.12053 -44.12280 -44.12819
 -41.82590 -41.82700 -41.82931 -41.83269 -41.83573
 -39.88957 -39.89113 -39.89384 -39.89779 -39.90133
 -38.25581 -38.25738 -38.26011 -38.26408 -38.26762
 -36.87476 -36.87622 -36.87874 -36.88239 -36.88565
 -35.70561 -35.70688 -35.70814 -35.71228 -35.71512
 -34.71513 -34.71585 -34.71729 -34.71921 -34.72322
 -33.87701 -33.87775 -33.87894 -33.88054 -33.88386
 -33.16829 -33.16890 -33.16987 -33.17118 -33.17389
 -32.56818 -32.56867 -32.56947 -32.57052 -32.57271
 -32.05815 -32.05855 -32.05918 -32.06003 -32.06178
 -31.62191 -31.62223 -31.62275 -31.62343 -31.62485
 -31.24669 -31.24690 -31.24740 -31.24795 -31.24909
 -30.92236 -30.92253 -30.92278 -30.92335 -30.92424
 -30.64039 -30.64052 -30.64073 -30.64118 -30.64189
 -30.39512 -30.39522 -30.39537 -30.39571 -30.39593
 -30.18072 -30.18081 -30.18093 -30.18109 -30.18139
 -29.99390 -29.99397 -29.99406 -29.99418 -29.99441
 -29.83092 -29.83096 -29.83105 -29.83115 -29.83133
 -29.68925 -29.68928 -29.68935 -29.68943 -29.68957
 -29.56675 -29.56678 -29.56681 -29.56688 -29.56698
 -29.46120 -29.46122 -29.46124 -29.46130 -29.46138
 -29.37114 -29.37115 -29.37117 -29.37122 -29.37128
 -29.29513 -29.29514 -29.29515 -29.29519 -29.29523
 -29.23183 -29.23184 -29.23185 -29.23187 -29.23191
 -29.18000 -29.18000 -29.18001 -29.18002 -29.18006
 -29.13845 -29.13845 -29.13846 -29.13847 -29.13849
 -29.10607 -29.10607 -29.10608 -29.10608 -29.10609
 -29.08183 -29.08183 -29.08184 -29.08184 -29.08185
 -29.06478 -29.06478 -29.06478 -29.06479 -29.06479
 -29.05404 -29.05405 -29.05405 -29.05405 -29.05405
 -29.04885 -29.04885 -29.04885 -29.04885 -29.04885
 -29.04849 -29.04849 -29.04849 -29.04849 -29.04849
 -29.05236 -29.05236 -29.05236 -29.05237 -29.05237
================================================================================
 -60.00000 -60.00000 -60.00000 -60.00000 -60.00000
 -59.99997 -59.99998 -59.99998 -59.99999 -59.99999
 -59.99950 -59.99963 -59.99972 -59.99980 -59.99985
 -59.99570 -59.99678 -59.99761 -59.99824 -59.99871
 -59.97743 -59.98286 -59.98708 -59.99033 -59.99283
 -59.92134 -59.93848 -59.95228 -59.96333 -59.97224
 -59.80823 -59.84334 -59.87315 -59.89855 -59.92061
 -59.65095 -59.70153 -59.74684 -59.78821 -59.82742
 -59.48567 -59.54378 -59.59791 -59.65032 -59.70410
 -59.34170 -59.40100 -59.45765 -59.51495 -59.57749
 -59.23231 -59.28968 -59.34539 -59.40357 -59.47001
 -59.16002 -59.21436 -59.26775 -59.32484 -59.39220
 -57.78497 -57.78719 -57.78916 -57.79107 -57.79309
 -53.43195 -53.43196 -53.43198 -53.43202 -53.43210
 -49.69633 -49.69644 -49.69661 -49.69700 -49.69768
 -46.49158 -46.49199 -46.49263 -46.49413 -46.49510
 -43.75975 -43.76061 -43.76195 -43.76504 -43.76705
 -41.45569 -41.45715 -41.45909 -41.46158 -41.46647
 -39.52235 -39.52359 -39.52636 -39.52928 -39.53501
 -37.89848 -37.89976 -37.90262 -37.90563 -37.91150
 -36.52902 -36.53023 -36.53202 -36.53581 -36.54136
 -35.37052 -35.37180 -35.37341 -35.37681 -35.38178
 -34.38901 -34.39013 -34.39153 -34.39450 -34.39882
 -33.55856 -33.55925 -33.56070 -33.56322 -33.56687
 -32.85591 -32.85648 -32.85770 -32.85980 -32.86283
 -32.26073 -32.26120 -32.26220 -32.26393 -32.26642
 -31.75474 -31.75512 -31.75594 -31.75674 -31.75937
 -31.32160 -31.32192 -31.32236 -31.32325 -31.32442
 -30.94913 -30.94930 -30.94975 -30.95047 -30.95143
 -30.62739 -30.62753 -30.62789 -30.62846 -30.62922
 -30.34765 -30.34776 -30.34805 -30.34851 -30.34913
 -30.10487 -30.10496 -30.10518 -30.10553 -30.10601
 -29.89260 -29.89267 -29.89286 -29.89315 -29.89354
 -29.70820 -29.70823 -29.70835 -29.70862 -29.70893
 -29.54760 -29.54763 -29.54772 -29.54787 -29.54819
 -29.40844 -29.40846 -29.40854 -29.40865 -29.40891
 -29.28869 -29.28870 -29.28876 -29.28884 -29.28903
 -29.18576 -29.18577 -29.18582 -29.18588 -29.18603
 -29.09833 -29.09833 -29.09837 -29.09842 -29.09849
 -29.02490 -29.02490 -29.02492 -29.02497 -29.02502
 -28.96408 -28.96409 -28.96410 -28.96414 -28.96418
 -28.91460 -28.91460 -28.91462 -28.91463 -28.91467
 -28.87523 -28.87523 -28.87524 -28.87526 -28.87529
 -28.84485 -28.84485 -28.84485 -28.84486 -28.84489
 -28.82239 -28.82239 -28.82240 -28.82241 -28.82242
 -28.80692 -28.80692 -28.80692 -28.80693 -28.80694
 -28.79756 -28.79756 -28.79756 -28.79757 -28.79758
 -28.79355 -28.79355 -28.79356 -28.79356 -28.79356
 -28.79421 -28.79421 -28.79421 -28.79422 -28.79422
 -28.79894 -28.79894 -28.79894 -28.79894 -28.79894
================================================================================
 -60.00000 -60.00000 -60.00000 -60.00000 -60.00000
 -60.00000 -60.00000 -60.00000 -60.00000 -60.00000
 -60.00000 -60.00000 -60.00000 -60.00000 -60.00000
 -59.99990 -59.99992 -59.99994 -59.99996 -59.99997
 -59.99861 -59.99895 -59.99922 -59.99943 -59.99958
 -59.98949 -59.99205 -59.99405 -59.99557 -59.99672
 -59.95099 -59.96222 -59.97113 -59.97809 -59.98348
 -59.85056 -59.88033 -59.90507 -59.92523 -59.94162
 -59.68350 -59.73398 -59.77824 -59.81648 -59.84978
 -59.48871 -59.55146 -59.60858 -59.66039 -59.70864
 -59.30820 -59.37412 -59.43525 -59.49242 -59.54846
 -59.16328 -59.22742 -59.28730 -59.34437 -59.40239
 -57.58511 -57.58701 -57.58856 -57.58989 -57.59112
 -53.20415 -53.20416 -53.20419 -53.20424 -53.20432
 -49.40493 -49.40503 -49.40524 -49.40546 -49.40622
 -46.13646 -46.13678 -46.13723 -46.13816 -46.13946
 -43.38088 -43.38130 -43.38240 -43.38421 -43.38673
 -41.08498 -41.08561 -41.08723 -41.08990 -41.09359
 -39.17315 -39.17393 -39.17593 -39.17923 -39.18377
 -37.57373 -37.57459 -37.57677 -37.58037 -37.58529
 -36.22650 -36.22737 -36.22955 -36.23314 -36.23804
 -35.08674 -35.08724 -35.08894 -35.09298 -35.09756
 -34.11965 -34.12010 -34.12163 -34.12400 -34.12940
 -33.30062 -33.30102 -33.30236 -33.30442 -33.30911
 -32.60675 -32.60709 -32.60824 -32.61000 -32.61399
 -32.01833 -32.01846 -32.01957 -32.02105 -32.02291
 -31.51751 -31.51762 -31.51854 -31.51976 -31.52130
 -31.08803 -31.08812 -31.08867 -31.08990 -31.09117
 -30.71843 -30.71851 -30.71896 -30.71997 -30.72102
 -30.39920 -30.39920 -30.39962 -30.40016 -30.40128
 -30.12129 -30.12129 -30.12164 -30.12208 -30.12300
 -29.88049 -29.88049 -29.88076 -29.88111 -29.88182
 -29.66959 -29.66959 -29.66975 -29.67010 -29.67069
 -29.48679 -29.48679 -29.48692 -29.48719 -29.48766
 -29.32766 -29.32766 -29.32777 -29.32799 -29.32837
 -29.19007 -29.19007 -29.19015 -29.19033 -29.19051
 -29.07217 -29.07217 -29.07223 -29.07232 -29.07249
 -28.97098 -28.97098 -28.97101 -28.97110 -28.97124
 -28.88536 -28.88536 -28.88539 -28.88545 -28.88556
 -28.81379 -28.81379 -28.81381 -28.81386 -28.81395
 -28.75484 -28.75484 -28.75486 -28.75490 -28.75497
 -28.70720 -28.70720 -28.70721 -28.70724 -28.70729
 -28.66959 -28.66959 -28.66959 -28.66961 -28.66966
 -28.64085 -28.64085 -28.64086 -28.64087 -28.64089
 -28.61992 -28.61992 -28.61992 -28.61993 -28.61995
 -28.60581 -28.60581 -28.60582 -28.60582 -28.60584
 -28.59768 -28.59768 -28.59768 -28.59768 -28.59769
 -28.59474 -28.59474 -28.59474 -28.59474 -28.59475
 -28.59632 -28.59632 -28.59632 -28.59632 -28.59633
 -28.60183 -28.60183 -28.60183 -28.60183 -28.60183
================================================================================
 -60.00000 -60.00000 -60.00000 -60.00000 -60.00000
 -60.00000 -60.00000 -60.00000 -60.00000 -60.00000
 -60.00000 -60.00000 -60.00000 -60.00000 -60.00000
 -60.00000 -60.00000 -60.00000 -60.00000 -60.00000
 -59.99992 -59.99994 -59.99996 -59.99997 -59.99998
 -59.99882 -59.99911 -59.99933 -59.99951 -59.99964
 -59.98988 -59.99231 -59.99422 -59.99570 -59.99681
 -59.94827 -59.96000 -59.96941 -59.97679 -59.98248
 -59.83361 -59.86633 -59.89388 -59.91643 -59.93458
 -59.64119 -59.69709 -59.74689 -59.79003 -59.82693
 -59.42059 -59.48941 -59.55292 -59.61028 -59.66201
 -59.21966 -59.29131 -59.35827 -59.41995 -59.47748
 -57.40829 -57.40972 -57.41087 -57.41180 -57.41257
 -52.92330 -52.92331 -52.92333 -52.92336 -52.92344
 -48.99407 -48.99411 -48.99422 -48.99441 -48.99486
 -45.67852 -45.67856 -45.67895 -45.67948 -45.68078
 -42.93989 -42.93998 -42.94077 -42.94185 -42.94327
 -40.68373 -40.68388 -40.68479 -40.68689 -40.68915
 -38.81467 -38.81487 -38.81612 -38.81897 -38.82202
 -37.25410 -37.25434 -37.25583 -37.25805 -37.26284
 -35.93927 -35.93927 -35.94115 -35.94354 -35.94868
 -34.82548 -34.82548 -34.82735 -34.82974 -34.83484
 -33.87828 -33.87828 -33.87957 -33.88231 -33.88712
 -33.07476 -33.07476 -33.07593 -33.07842 -33.08275
 -32.39272 -32.39272 -32.39375 -32.39593 -32.39972
 -31.81330 -31.81330 -31.81418 -31.81605 -31.81789
 -31.31932 -31.31932 -31.32006 -31.32110 -31.32317
 -30.89460 -30.89460 -30.89503 -30.89610 -30.89784
 -30.52862 -30.52862 -30.52898 -30.52987 -30.53132
 -30.21237 -30.21237 -30.21266 -30.21339 -30.21457
 -29.93648 -29.93648 -29.93672 -29.93733 -29.93830
 -29.69773 -29.69773 -29.69792 -29.69839 -29.69915
 -29.48800 -29.48800 -29.48809 -29.48842 -29.48918
 -29.30653 -29.30653 -29.30661 -29.30687 -29.30726
 -29.14848 -29.14848 -29.14854 -29.14875 -29.14908
 -29.01199 -29.01199 -29.01204 -29.01221 -29.01248
 -28.89546 -28.89546 -28.89548 -28.89563 -28.89582
 -28.79547 -28.79547 -28.79548 -28.79560 -28.79576
 -28.71111 -28.71111 -28.71112 -28.71119 -28.71135
 -28.64088 -28.64088 -28.64089 -28.64094 -28.64106
 -28.58332 -28.58332 -28.58332 -28.58337 -28.58344
 -28.53708 -28.53708 -28.53708 -28.53712 -28.53717
 -28.50087 -28.50087 -28.50087 -28.50090 -28.50093
 -28.47348 -28.47348 -28.47348 -28.47349 -28.47353
 -28.45381 -28.45381 -28.45381 -28.45382 -28.45385
 -28.44087 -28.44087 -28.44087 -28.44088 -28.44090
 -28.43380 -28.43380 -28.43380 -28.43380 -28.43382
 -28.43181 -28.43181 -28.43181 -28.43181 -28.43181
 -28.43421 -28.43421 -28.43421 -28.43422 -28.43422
 -28.44042 -28.44042 -28.44042 -28.44042 -28.44043
================================================================================
 -60.00000 -60.00000 -60.00000 -60.00000 -60.00000
 -60.00000 -60.00000 -60.00000 -60.00000 -60.00000
 -60.00000 -60.00000 -60.00000 -60.00000 -60.00000
 -60.00000 -60.00000 -60.00000 -60.00000 -60.00000
 -60.00000 -60.00000 -60.00000 -60.00000 -60.00000
 -59.99987 -59.99990 -59.99992 -59.99994 -59.99996
 -59.99795 -59.99844 -59.99883 -59.99912 -59.99935
 -59.98292 -59.98686 -59.98999 -59.99244 -59.99430
 -59.91607 -59.93364 -59.94808 -59.95963 -59.96870
 -59.74879 -59.79164 -59.82897 -59.86047 -59.88651
 -59.50276 -59.56632 -59.62461 -59.67647 -59.72185
 -59.25078 -59.32224 -59.38928 -59.45057 -59.50616
 -56.97996 -56.98054 -56.98100 -56.98137 -56.98167
 -52.16232 -52.16232 -52.16233 -52.16234 -52.16236
 -48.16613 -48.16613 -48.16616 -48.16621 -48.16630
 -44.92088 -44.92088 -44.92096 -44.92112 -44.92144
 -42.28430 -42.28430 -42.28450 -42.28493 -42.28537
 -40.12853 -40.12853 -40.12893 -40.12980 -40.13068
 -38.34816 -38.34816 -38.34883 -38.34978 -38.35174
 -36.86191 -36.86191 -36.86256 -36.86421 -36.86695
 -35.60661 -35.60661 -35.60742 -35.60945 -35.61283
 -34.53910 -34.53910 -34.53999 -34.54225 -34.54598
 -33.62662 -33.62662 -33.62754 -33.62985 -33.63367
 -32.84941 -32.84941 -32.84995 -32.85252 -32.85618
 -32.18700 -32.18700 -32.18749 -32.18918 -32.19178
 -31.62223 -31.62223 -31.62267 -31.62417 -31.62648
 -31.13920 -31.13920 -31.13958 -31.14087 -31.14285
 -30.72215 -30.72215 -30.72247 -30.72358 -30.72528
 -30.36192 -30.36192 -30.36204 -30.36313 -30.36457
 -30.05027 -30.05027 -30.05037 -30.05101 -30.05244
 -29.77746 -29.77746 -29.77755 -29.77808 -29.77927
 -29.54161 -29.54161 -29.54168 -29.54210 -29.54304
 -29.33344 -29.33344 -29.33344 -29.33385 -29.33437
 -29.15360 -29.15360 -29.15360 -29.15394 -29.15435
 -28.99669 -28.99669 -28.99669 -28.99696 -28.99731
 -28.86128 -28.86128 -28.86128 -28.86144 -28.86178
 -28.74605 -28.74605 -28.74605 -28.74617 -28.74643
 -28.64705 -28.64705 -28.64705 -28.64714 -28.64735
 -28.56370 -28.56370 -28.56370 -28.56378 -28.56389
 -28.49452 -28.49452 -28.49452 -28.49458 -28.49467
 -28.43806 -28.43806 -28.43806 -28.43810 -28.43818
 -28.39295 -28.39295 -28.39295 -28.39297 -28.39304
 -28.35786 -28.35786 -28.35786 -28.35788 -28.35793
 -28.33158 -28.33158 -28.33158 -28.33160 -28.33163
 -28.31298 -28.31298 -28.31298 -28.31298 -28.31302
 -28.30104 -28.30104 -28.30104 -28.30105 -28.30107
 -28.29489 -28.29489 -28.29489 -28.29489 -28.29491
 -28.29374 -28.29374 -28.29374 -28.29374 -28.29375
 -28.29689 -28.29689 -28.29689 -28.29689 -28.29689
 -28.30373 -28.30373 -28.30373 -28.30373 -28.30374
================================================================================
 -60.00000 -60.00000 -60.00000 -60.00000 -60.00000
 -60.00000 -60.00000 -60.00000 -60.00000 -60.00000
 -60.00000 -60.00000 -60.00000 -60.00000 -60.00000
 -60.00000 -60.00000 -60.00000 -60.00000 -60.00000
 -60.00000 -60.00000 -60.00000 -60.00000 -60.00000
 -59.99999 -59.99999 -59.99999 -59.99999 -60.00000
 -59.99963 -59.99972 -59.99979 -59.99984 -59.99988
 -59.99525 -59.99637 -59.99727 -59.99796 -59.99850
 -59.96612 -59.97387 -59.98016 -59.98512 -59.98895
 -59.86000 -59.88888 -59.91343 -59.93359 -59.94965
 -59.64843 -59.70740 -59.76120 -59.80840 -59.84839
 -59.38771 -59.46690 -59.54290 -59.61334 -59.67656
 -56.13815 -56.13823 -56.13829 -56.13834 -56.13838
 -51.30810 -51.30810 -51.30810 -51.30810 -51.30811
 -47.41024 -47.41024 -47.41024 -47.41025 -47.41027
 -44.26633 -44.26633 -44.26635 -44.26641 -44.26650
 -41.72024 -41.72024 -41.72027 -41.72041 -41.72075
 -39.64372 -39.64372 -39.64382 -39.64414 -39.64466
 -37.93237 -37.93237 -37.93255 -37.93318 -37.93419
 -36.50556 -36.50556 -36.50585 -36.50688 -36.50849
 -35.30022 -35.30022 -35.30064 -35.30205 -35.30427
 -34.27364 -34.27364 -34.27387 -34.27586 -34.27856
 -33.39347 -33.39347 -33.39373 -33.39531 -33.39890
 -32.64172 -32.64172 -32.64198 -32.64359 -32.64724
 -31.99893 -31.99893 -31.99919 -32.00074 -32.00303
 -31.44924 -31.44924 -31.44924 -31.45090 -31.45300
 -30.97771 -30.97771 -30.97771 -30.97918 -30.98104
 -30.56890 -30.56890 -30.56890 -30.56983 -30.57181
 -30.21493 -30.21493 -30.21493 -30.21573 -30.21742
 -29.90830 -29.90830 -29.90830 -29.90897 -29.91038
 -29.63889 -29.63889 -29.63889 -29.63945 -29.64064
 -29.40617 -29.40617 -29.40617 -29.40662 -29.40725
 -29.19968 -29.19968 -29.19968 -29.19994 -29.20059
 -29.02152 -29.02152 -29.02152 -29.02173 -29.02225
 -28.86571 -28.86571 -28.86571 -28.86588 -28.86631
 -28.73127 -28.73127 -28.73127 -28.73141 -28.73176
 -28.61721 -28.61721 -28.61721 -28.61732 -28.61759
 -28.51901 -28.51901 -28.51901 -28.51906 -28.51924
 -28.43645 -28.43645 -28.43645 -28.43650 -28.43664
 -28.36808 -28.36808 -28.36808 -28.36812 -28.36823
 -28.31247 -28.31247 -28.31247 -28.31249 -28.31258
 -28.26822 -28.26822 -28.26822 -28.26823 -28.26831
 -28.23403 -28.23403 -28.23403 -28.23403 -28.23410
 -28.20863 -28.20863 -28.20863 -28.20864 -28.20868
 -28.19090 -28.19090 -28.19090 -28.19090 -28.19093
 -28.17980 -28.17980 -28.17980 -28.17980 -28.17982
 -28.17443 -28.17443 -28.17443 -28.17443 -28.17444
 -28.17400 -28.17400 -28.17400 -28.17400 -28.17401
 -28.17780 -28.17780 -28.17780 -28.17780 -28.17780
 -28.18521 -28.18521 -28.18521 -28.18521 -28.18521
================================================================================
 -60.00000 -60.00000 -60.00000 -60.00000 -60.00000
 -60.00000 -60.00000 -60.00000 -60.00000 -60.00000
 -60.00000 -60.00000 -60.00000 -60.00000 -60.00000
 -60.00000 -60.00000 -60.00000 -60.00000 -60.00000
 -60.00000 -60.00000 -60.00000 -60.00000 -60.00000
 -60.00000 -60.00000 -60.00000 -60.00000 -60.00000
 -59.99993 -59.99995 -59.99996 -59.99997 -59.99998
 -59.99866 -59.99897 -59.99922 -59.99942 -59.99957
 -59.98621 -59.98938 -59.99195 -59.99397 -59.99553
 -59.92111 -59.93812 -59.95236 -59.96387 -59.97292
 -59.74245 -59.78939 -59.83142 -59.86757 -59.89758
 -59.44967 -59.52001 -59.58670 -59.64752 -59.70099
 -54.92734 -54.92735 -54.92735 -54.92735 -54.92736
 -50.27253 -50.27253 -50.27253 -50.27253 -50.27253
 -46.53203 -46.53203 -46.53203 -46.53203 -46.53204
 -43.51932 -43.51932 -43.51932 -43.51933 -43.51935
 -41.08288 -41.08288 -41.08289 -41.08293 -41.08303
 -39.09950 -39.09950 -39.09952 -39.09965 -39.09994
 -37.46831 -37.46831 -37.46831 -37.46865 -37.46909
 -36.11075 -36.11075 -36.11075 -36.11139 -36.11222
 -34.96452 -34.96452 -34.96452 -34.96554 -34.96684
 -33.98732 -33.98732 -33.98732 -33.98832 -33.99048
 -33.14704 -33.14704 -33.14704 -33.14825 -33.15085
 -32.42712 -32.42712 -32.42712 -32.42845 -32.43129
 -31.80917 -31.80917 -31.80917 -31.81052 -31.81341
 -31.27866 -31.27866 -31.27866 -31.27996 -31.28180
 -30.82186 -30.82186 -30.82186 -30.82268 -30.82473
 -30.42374 -30.42374 -30.42374 -30.42447 -30.42631
 -30.07791 -30.07791 -30.07791 -30.07855 -30.08016
 -29.77781 -29.77781 -29.77781 -29.77835 -29.77971
 -29.51288 -29.51288 -29.51288 -29.51334 -29.51450
 -29.28423 -29.28423 -29.28423 -29.28445 -29.28522
 -29.07997 -29.07997 -29.07997 -29.08016 -29.08081
 -28.90394 -28.90394 -28.90394 -28.90410 -28.90463
 -28.74951 -28.74951 -28.74951 -28.74964 -28.75008
 -28.61622 -28.61622 -28.61622 -28.61627 -28.61669
 -28.50349 -28.50349 -28.50349 -28.50353 -28.50385
 -28.40610 -28.40610 -28.40610 -28.40613 -28.40632
 -28.32430 -28.32430 -28.32430 -28.32433 -28.32448
 -28.25667 -28.25667 -28.25667 -28.25667 -28.25681
 -28.20179 -28.20179 -28.20179 -28.20179 -28.20190
 -28.15829 -28.15829 -28.15829 -28.15829 -28.15837
 -28.12484 -28.12484 -28.12484 -28.12484 -28.12489
 -28.10020 -28.10020 -28.10020 -28.10020 -28.10024
 -28.08320 -28.08320 -28.08320 -28.08320 -28.08323
 -28.07281 -28.07281 -28.07281 -28.07281 -28.07283
 -28.06811 -28.06811 -28.06811 -28.06811 -28.06812
 -28.06831 -28.06831 -28.06831 -28.06831 -28.06831
 -28.07269 -28.07269 -28.07269 -28.07269 -28.07269
 -28.08060 -28.08060 -28.08060 -28.08060 -28.08060
================================================================================
 -60.00000 -60.00000 -60.00000 -60.00000 -60.00000
 -60.00000 -60.00000 -60.00000 -60.00000 -60.00000
 -60.00000 -60.00000 -60.00000 -60.00000 -60.00000
 -60.00000 -60.00000 -60.00000 -60.00000 -60.00000
 -60.00000 -60.00000 -60.00000 -60.00000 -60.00000
 -60.00000 -60.00000 -60.00000 -60.00000 -60.00000
 -60.00000 -60.00000 -60.00000 -60.00000 -60.00000
 -59.99985 -59.99988 -59.99991 -59.99993 -59.99995
 -59.99736 -59.99796 -59.99845 -59.99884 -59.99914
 -59.97567 -59.98109 -59.98555 -59.98911 -59.99188
 -59.87651 -59.90142 -59.92285 -59.94059 -59.95482
 -59.11256 -59.12852 -59.14202 -59.15302 -59.16174
 -53.71079 -53.71079 -53.71079 -53.71079 -53.71079
 -49.25532 -49.25532 -49.25532 -49.25532 -49.25532
 -45.67598 -45.67598 -45.67598 -45.67598 -45.67598
 -42.79374 -42.79374 -42.79374 -42.79375 -42.79375
 -40.46403 -40.46403 -40.46403 -40.46405 -40.46408
 -38.56941 -38.56941 -38.56941 -38.56945 -38.56956
 -37.01342 -37.01342 -37.01342 -37.01355 -37.01384
 -35.72056 -35.72056 -35.72056 -35.72085 -35.72127
 -34.63021 -34.63021 -34.63021 -34.63056 -34.63147
 -33.70083 -33.70083 -33.70083 -33.70137 -33.70275
 -32.90044 -32.90044 -32.90044 -32.90116 -32.90298
 -32.21335 -32.21335 -32.21335 -32.21419 -32.21634
 -31.62173 -31.62173 -31.62173 -31.62265 -31.62497
 -31.11207 -31.11207 -31.11207 -31.11263 -31.11455
 -30.67158 -30.67158 -30.67158 -30.67211 -30.67394
 -30.28553 -30.28553 -30.28553 -30.28603 -30.28771
 -29.94902 -29.94902 -29.94902 -29.94946 -29.95096
 -29.65644 -29.65644 -29.65644 -29.65661 -29.65811
 -29.39676 -29.39676 -29.39676 -29.39692 -29.39820
 -29.17284 -29.17284 -29.17284 -29.17296 -29.17372
 -28.97126 -28.97126 -28.97126 -28.97137 -28.97202
 -28.79776 -28.79776 -28.79776 -28.79784 -28.79837
 -28.64494 -28.64494 -28.64494 -28.64494 -28.64546
 -28.51297 -28.51297 -28.51297 -28.51297 -28.51339
 -28.40170 -28.40170 -28.40170 -28.40170 -28.40193
 -28.30516 -28.30516 -28.30516 -28.30516 -28.30536
 -28.22411 -28.22411 -28.22411 -28.22411 -28.22427
 -28.15717 -28.15717 -28.15717 -28.15717 -28.15729
 -28.10296 -28.10296 -28.10296 -28.10296 -28.10305
 -28.06011 -28.06011 -28.06011 -28.06011 -28.06016
 -28.02731 -28.02731 -28.02731 -28.02731 -28.02736
 -28.00331 -28.00331 -28.00331 -28.00331 -28.00334
 -27.98693 -27.98693 -27.98693 -27.98693 -27.98696
 -27.97714 -27.97714 -27.97714 -27.97714 -27.97716
 -27.97302 -27.97302 -27.97302 -27.97302 -27.97303
 -27.97377 -27.97377 -27.97377 -27.97377 -27.97377
 -27.97865 -27.97865 -27.97865 -27.97865 -27.97866
 -27.98701 -27.98701 -27.98701 -27.98701 -27.98701
================================================================================
 -60.00000 -60.00000 -60.00000 -60.00000 -60.00000
 -60.00000 -60.00000 -60.00000 -60.00000 -60.00000
 -60.00000 -60.00000 -60.00000 -60.00000 -60.00000
 -60.00000 -60.00000 -60.00000 -60.00000 -60.00000
 -60.00000 -60.00000 -60.00000 -60.00000 -60.00000
 -60.00000 -60.00000 -60.00000 -60.00000 -60.00000
 -59.99999 -59.99999 -59.99999 -60.00000 -60.00000
 -59.99966 -59.99973 -59.99980 -59.99985 -59.99989
 -59.99440 -59.99566 -59.99669 -59.99751 -59.99815
 -59.95286 -59.96302 -59.97154 -59.97844 -59.98387
 -59.79111 -59.82994 -59.86469 -59.89452 -59.91920
 -57.76811 -57.76939 -57.77044 -57.77128 -57.77193
 -52.48201 -52.48201 -52.48201 -52.48201 -52.48201
 -48.23328 -48.23328 -48.23328 -48.23328 -48.23328
 -44.81993 -44.81993 -44.81993 -44.81993 -44.81993
 -42.07133 -42.07133 -42.07133 -42.07133 -42.07133
 -39.84989 -39.84989 -39.84989 -39.84990 -39.84991
 -38.04405 -38.04405 -38.04405 -38.04406 -38.04410
 -36.56209 -36.56209 -36.56209 -36.56214 -36.56226
 -35.33211 -35.33211 -35.33211 -35.33223 -35.33254
 -34.29582 -34.29582 -34.29582 -34.29597 -34.29648
 -33.41307 -33.41307 -33.41307 -33.41332 -33.41418
 -32.65235 -32.65235 -32.65235 -32.65271 -32.65395
 -31.99860 -31.99860 -31.99860 -31.99906 -32.00064
 -31.43442 -31.43442 -31.43442 -31.43466 -31.43676
 -30.94694 -30.94694 -30.94694 -30.94720 -30.94942
 -30.52415 -30.52415 -30.52415 -30.52441 -30.52599
 -30.15150 -30.15150 -30.15150 -30.15174 -30.15325
 -29.82545 -29.82545 -29.82545 -29.82545 -29.82705
 -29.54137 -29.54137 -29.54137 -29.54137 -29.54277
 -29.28775 -29.28775 -29.28775 -29.28775 -29.28897
 -29.06926 -29.06926 -29.06926 -29.06926 -29.07000
 -28.87086 -28.87086 -28.87086 -28.87086 -28.87149
 -28.70029 -28.70029 -28.70029 -28.70029 -28.70081
 -28.54939 -28.54939 -28.54939 -28.54939 -28.54983
 -28.41895 -28.41895 -28.41895 -28.41895 -28.41931
 -28.30932 -28.30932 -28.30932 -28.30932 -28.30952
 -28.21374 -28.21374 -28.21374 -28.21374 -28.21389
 -28.13348 -28.13348 -28.13348 -28.13348 -28.13360
 -28.06723 -28.06723 -28.06723 -28.06723 -28.06734
 -28.01367 -28.01367 -28.01367 -28.01367 -28.01375
 -27.97143 -27.97143 -27.97143 -27.97143 -27.97147
 -27.93922 -27.93922 -27.93922 -27.93922 -27.93926
 -27.91579 -27.91579 -27.91579 -27.91579 -27.91581
 -27.89995 -27.89995 -27.89995 -27.89995 -27.89997
 -27.89068 -27.89068 -27.89068 -27.89068 -27.89069
 -27.88707 -27.88707 -27.88707 -27.88707 -27.88707
 -27.88829 -27.88829 -27.88829 -27.88829 -27.88830
 -27.89362 -27.89362 -27.89362 -27.89362 -27.89362
 -27.90236 -27.90236 -27.90236 -27.90236 -27.90236
================================================================================
 -60.00000 -60.00000 -60.00000 -60.00000 -60.00000
 -60.00000 -60.00000 -60.00000 -60.00000 -60.00000
 -60.00000 -60.00000 -60.00000 -60.00000 -60.00000
 -60.00000 -60.00000 -60.00000 -60.00000 -60.00000
 -60.00000 -60.00000 -60.00000 -60.00000 -60.00000
 -60.00000 -60.00000 -60.00000 -60.00000 -60.00000
 -59.99993 -59.99994 -59.99996 -59.99997 -59.99998
 -59.99811 -59.99853 -59.99888 -59.99916 -59.99937
 -59.97672 -59.98178 -59.98601 -59.98942 -59.99210
 -59.85536 -59.88348 -59.90821 -59.92908 -59.94609
 -59.04658 -59.06623 -59.08322 -59.09734 -59.10870
 -53.58075 -53.58075 -53.58075 -53.58075 -53.58075
 -49.06744 -49.06744 -49.06744 -49.06744 -49.06744
 -45.44508 -45.44508 -45.44508 -45.44508 -45.44508
 -42.53413 -42.53413 -42.53413 -42.53413 -42.53413
 -40.18888 -40.18888 -40.18888 -40.18888 -40.18888
 -38.29225 -38.29225 -38.29225 -38.29225 -38.29225
 -36.74983 -36.74983 -36.74983 -36.74983 -36.74983
 -35.48421 -35.48421 -35.48421 -35.48421 -35.48422
 -34.43490 -34.43490 -34.43490 -34.43491 -34.43496
 -33.55197 -33.55197 -33.55197 -33.55199 -33.55214
 -32.80054 -32.80054 -32.80054 -32.80058 -32.80083
 -32.15156 -32.15156 -32.15156 -32.15163 -32.15209
 -31.59151 -31.59151 -31.59151 -31.59163 -31.59236
 -31.10384 -31.10384 -31.10384 -31.10384 -31.10500
 -30.67721 -30.67721 -30.67721 -30.67721 -30.67862
 -30.30172 -30.30172 -30.30172 -30.30172 -30.30285
 -29.96413 -29.96413 -29.96413 -29.96413 -29.96529
 -29.66447 -29.66447 -29.66447 -29.66447 -29.66560
 -29.40086 -29.40086 -29.40086 -29.40086 -29.40190
 -29.16163 -29.16163 -29.16163 -29.16163 -29.16257
 -28.95534 -28.95534 -28.95534 -28.95534 -28.95588
 -28.76429 -28.76429 -28.76429 -28.76429 -28.76477
 -28.60020 -28.60020 -28.60020 -28.60020 -28.60060
 -28.45359 -28.45359 -28.45359 -28.45359 -28.45393
 -28.32651 -28.32651 -28.32651 -28.32651 -28.32679
 -28.22027 -28.22027 -28.22027 -28.22027 -28.22041
 -28.12666 -28.12666 -28.12666 -28.12666 -28.12677
 -28.04797 -28.04797 -28.04797 -28.04797 -28.04806
 -27.98303 -27.98303 -27.98303 -27.98303 -27.98310
 -27.93056 -27.93056 -27.93056 -27.93056 -27.93059
 -27.88929 -27.88929 -27.88929 -27.88929 -27.88931
 -27.85793 -27.85793 -27.85793 -27.85793 -27.85795
 -27.83525 -27.83525 -27.83525 -27.83525 -27.83526
 -27.82009 -27.82009 -27.82009 -27.82009 -27.82009
 -27.81143 -27.81143 -27.81143 -27.81143 -27.81143
 -27.80838 -27.80838 -27.80838 -27.80838 -27.80838
 -27.81012 -27.81012 -27.81012 -27.81012 -27.81012
 -27.81592 -27.81592 -27.81592 -27.81592 -27.81592
 -27.82505 -27.82505 -27.82505 -27.82505 -27.82505
================================================================================
 -60.00000 -60.00000 -60.00000 -60.00000 -60.00000
 -60.00000 -60.00000 -60.00000 -60.00000 -60.00000
 -60.00000 -60.00000 -60.00000 -60.00000 -60.00000
 -60.00000 -60.00000 -60.00000 -60.00000 -60.00000
 -59.99999 -59.99999 -59.99999 -60.00000 -60.00000
 -59.99959 -59.99968 -59.99976 -59.99982 -59.99986
 -59.99317 -59.99466 -59.99591 -59.99691 -59.99769
 -59.94163 -59.95379 -59.96416 -59.97268 -59.97946
 -59.74683 -59.79099 -59.83151 -59.86711 -59.89717
 -59.40736 -59.48430 -59.56087 -59.63420 -59.70184
 -57.52646 -57.52894 -57.53102 -57.53270 -57.53403
 -52.21394 -52.21394 -52.21394 -52.21394 -52.21394
 -47.94330 -47.94330 -47.94330 -47.94330 -47.94330
 -44.51553 -44.51553 -44.51553 -44.51553 -44.51553
 -41.76062 -41.76062 -41.76062 -41.76062 -41.76062
 -39.54050 -39.54050 -39.54050 -39.54050 -39.54050
 -37.74426 -37.74426 -37.74426 -37.74426 -37.74426
 -36.28247 -36.28247 -36.28247 -36.28247 -36.28247
 -35.08185 -35.08185 -35.08185 -35.08185 -35.08186
 -34.08540 -34.08540 -34.08540 -34.08540 -34.08543
 -33.24609 -33.24609 -33.24609 -33.24609 -33.24618
 -32.53141 -32.53141 -32.53141 -32.53141 -32.53162
 -31.91409 -31.91409 -31.91409 -31.91409 -31.91440
 -31.38182 -31.38182 -31.38182 -31.38182 -31.38234
 -30.91860 -30.91860 -30.91860 -30.91860 -30.91935
 -30.51333 -30.51333 -30.51333 -30.51333 -30.51430
 -30.15618 -30.15618 -30.15618 -30.15618 -30.15729
 -29.83354 -29.83354 -29.83354 -29.83354 -29.83435
 -29.54611 -29.54611 -29.54611 -29.54611 -29.54691
 -29.29272 -29.29272 -29.29272 -29.29272 -29.29348
 -29.06112 -29.06112 -29.06112 -29.06112 -29.06182
 -28.86167 -28.86167 -28.86167 -28.86167 -28.86228
 -28.67489 -28.67489 -28.67489 -28.67489 -28.67522
 -28.51467 -28.51467 -28.51467 -28.51467 -28.51495
 -28.37067 -28.37067 -28.37067 -28.37067 -28.37091
 -28.24567 -28.24567 -28.24567 -28.24567 -28.24587
 -28.14157 -28.14157 -28.14157 -28.14157 -28.14164
 -28.04919 -28.04919 -28.04919 -28.04919 -28.04924
 -27.97148 -27.97148 -27.97148 -27.97148 -27.97153
 -27.90734 -27.90734 -27.90734 -27.90734 -27.90738
 -27.85558 -27.85558 -27.85558 -27.85558 -27.85558
 -27.81493 -27.81493 -27.81493 -27.81493 -27.81493
 -27.78412 -27.78412 -27.78412 -27.78412 -27.78412
 -27.76194 -27.76194 -27.76194 -27.76194 -27.76194
 -27.74724 -27.74724 -27.74724 -27.74724 -27.74724
 -27.73901 -27.73901 -27.73901 -27.73901 -27.73901
 -27.73635 -27.73635 -27.73635 -27.73635 -27.73635
 -27.73848 -27.73848 -27.73848 -27.73848 -27.73848
 -27.74463 -27.74463 -27.74463 -27.74463 -27.74463
 -27.75407 -27.75407 -27.75407 -27.75407 -27.75407
================================================================================
 -60.00000 -60.00000 -60.00000 -60.00000 -60.00000
 -60.00000 -60.00000 -60.00000 -60.00000 -60.00000
 -60.00000 -60.00000 -60.00000 -60.00000 -60.00000
 -59.99998 -59.99998 -59.99999 -59.99999 -59.99999
 -59.99346 -59.99488 -59.99607 -59.99703 -59.99778
 -59.63646 -59.69379 -59.74815 -59.79752 -59.84059
 -58.34807 -58.45179 -58.56269 -58.67892 -58.79862
 -57.16192 -57.26773 -57.38172 -57.50241 -57.62838
 -56.23157 -56.33710 -56.45094 -56.57163 -56.69778
 -55.51272 -55.61783 -55.73133 -55.85176 -55.97772
 -54.90257 -54.99194 -55.08468 -55.17797 -55.26896
 -50.77940 -50.77942 -50.77943 -50.77944 -50.77945
 -46.76668 -46.76668 -46.76668 -46.76668 -46.76668
 -43.54567 -43.54567 -43.54567 -43.54567 -43.54567
 -40.95655 -40.95655 -40.95655 -40.95655 -40.95655
 -38.86937 -38.86937 -38.86937 -38.86937 -38.86937
 -37.17977 -37.17977 -37.17977 -37.17977 -37.17977
 -35.80358 -35.80358 -35.80358 -35.80358 -35.80358
 -34.67188 -34.67188 -34.67188 -34.67188 -34.67188
 -33.73124 -33.73124 -33.73124 -33.73124 -33.73126
 -32.93766 -32.93766 -32.93766 -32.93766 -32.93770
 -32.26111 -32.26111 -32.26111 -32.26111 -32.26122
 -31.67622 -31.67622 -31.67622 -31.67622 -31.67647
 -31.17208 -31.17208 -31.17208 -31.17208 -31.17238
 -30.73349 -30.73349 -30.73349 -30.73349 -30.73395
 -30.34978 -30.34978 -30.34978 -30.34978 -30.35039
 -30.01127 -30.01127 -30.01127 -30.01127 -30.01200
 -29.70407 -29.70407 -29.70407 -29.70407 -29.70487
 -29.42942 -29.42942 -29.42942 -29.42942 -29.42993
 -29.18684 -29.18684 -29.18684 -29.18684 -29.18733
 -28.96344 -28.96344 -28.96344 -28.96344 -28.96390
 -28.77139 -28.77139 -28.77139 -28.77139 -28.77179
 -28.58932 -28.58932 -28.58932 -28.58932 -28.58948
 -28.43339 -28.43339 -28.43339 -28.43339 -28.43353
 -28.29232 -28.29232 -28.29232 -28.29232 -28.29244
 -28.16965 -28.16965 -28.16965 -28.16965 -28.16976
 -28.06793 -28.06793 -28.06793 -28.06793 -28.06793
 -27.97693 -27.97693 -27.97693 -27.97693 -27.97693
 -27.90032 -27.90032 -27.90032 -27.90032 -27.90032
 -27.83708 -27.83708 -27.83708 -27.83708 -27.83708
 -27.78606 -27.78606 -27.78606 -27.78606 -27.78606
 -27.74606 -27.74606 -27.74606 -27.74606 -27.74606
 -27.71582 -27.71582 -27.71582 -27.71582 -27.71582
 -27.69414 -27.69414 -27.69414 -27.69414 -27.69414
 -27.67988 -27.67988 -27.67988 -27.67988 -27.67988
 -27.67205 -27.67205 -27.67205 -27.67205 -27.67205
 -27.66976 -27.66976 -27.66976 -27.66976 -27.66976
 -27.67224 -27.67224 -27.67224 -27.67224 -27.67224
 -27.67871 -27.67871 -27.67871 -27.67871 -27.67871
 -27.68842 -27.68842 -27.68842 -27.68842 -27.68842
================================================================================
 -60.00000 -60.00000 -60.00000 -60.00000 -60.00000
 -59.98801 -59.99060 -59.99277 -59.99453 -59.99591
 -58.11476 -58.21970 -58.33221 -58.45060 -58.57319
 -55.39543 -55.50152 -55.61584 -55.73693 -55.86341
 -53.23790 -53.34356 -53.45752 -53.57833 -53.70459
 -51.53541 -51.64063 -51.75423 -51.87473 -52.00077
 -50.19779 -50.30258 -50.41581 -50.53602 -50.66181
 -49.15277 -49.25712 -49.36998 -49.48988 -49.61544
 -48.34238 -48.44628 -48.55876 -48.67837 -48.80369
 -47.72014 -47.82359 -47.93569 -48.05499 -48.18006
 -47.24876 -47.35176 -47.46348 -47.58247 -47.70729
 -46.89253 -46.99353 -47.10273 -47.21845 -47.33897
 -45.11313 -45.11581 -45.11810 -45.11999 -45.12150
 -42.20302 -42.20302 -42.20302 -42.20303 -42.20303
 -39.85285 -39.85285 -39.85285 -39.85285 -39.85285
 -37.95728 -37.95728 -37.95728 -37.95728 -37.95728
 -36.42135 -36.42135 -36.42135 -36.42135 -36.42135
 -35.16851 -35.16851 -35.16851 -35.16851 -35.16851
 -34.13606 -34.13606 -34.13606 -34.13606 -34.13606
 -33.27571 -33.27571 -33.27571 -33.27571 -33.27572
 -32.54774 -32.54774 -32.54774 -32.54774 -32.54775
 -31.92557 -31.92557 -31.92557 -31.92557 -31.92562
 -31.38650 -31.38650 -31.38650 -31.38650 -31.38661
 -30.92154 -30.92154 -30.92154 -30.92154 -30.92176
 -30.51670 -30.51670 -30.51670 -30.51670 -30.51692
 -30.16203 -30.16203 -30.16203 -30.16203 -30.16235
 -29.84831 -29.84831 -29.84831 -29.84831 -29.84871
 -29.56148 -29.56148 -29.56148 -29.56148 -29.56195
 -29.30357 -29.30357 -29.30357 -29.30357 -29.30380
 -29.07494 -29.07494 -29.07494 -29.07494 -29.07517
 -28.86216 -28.86216 -28.86216 -28.86216 -28.86238
 -28.67951 -28.67951 -28.67951 -28.67951 -28.67971
 -28.50355 -28.50355 -28.50355 -28.50355 -28.50355
 -28.35310 -28.35310 -28.35310 -28.35310 -28.35310
 -28.21581 -28.21581 -28.21581 -28.21581 -28.21581
 -28.09615 -28.09615 -28.09615 -28.09615 -28.09615
 -27.99744 -27.99744 -27.99744 -27.99744 -27.99744
 -27.90822 -27.90822 -27.90822 -27.90822 -27.90822
 -27.83300 -27.83300 -27.83300 -27.83300 -27.83300
 -27.77088 -27.77088 -27.77088 -27.77088 -27.77088
 -27.72080 -27.72080 -27.72080 -27.72080 -27.72080
 -27.68157 -27.68157 -27.68157 -27.68157 -27.68157
 -27.65199 -27.65199 -27.65199 -27.65199 -27.65199
 -27.63088 -27.63088 -27.63088 -27.63088 -27.63088
 -27.61710 -27.61710 -27.61710 -27.61710 -27.61710
 -27.60969 -27.60969 -27.60969 -27.60969 -27.60969
 -27.60778 -27.60778 -27.60778 -27.60778 -27.60778
 -27.61061 -27.61061 -27.61061 -27.61061 -27.61061
 -27.61739 -27.61739 -27.61739 -27.61739 -27.61739
 -27.62736 -27.62736 -27.62736 -27.62736 -27.62736
================================================================================
 -60.00000 -60.00000 -60.00000 -60.00000 -60.00000
 -59.78847 -59.82615 -59.86049 -59.89044 -59.91557
 -56.35814 -56.46312 -56.57649 -56.69680 -56.82264
 -53.30335 -53.40791 -53.52095 -53.64101 -53.76668
 -50.88130 -50.98541 -51.09808 -51.21784 -51.34327
 -48.96671 -49.07038 -49.18267 -49.30212 -49.42731
 -47.45905 -47.56227 -47.67418 -47.79332 -47.91827
 -46.27769 -46.38045 -46.49198 -46.61081 -46.73551
 -45.35798 -45.46030 -45.57144 -45.68995 -45.81440
 -44.64810 -44.74995 -44.86071 -44.97890 -45.10309
 -44.10647 -44.20786 -44.31822 -44.43608 -44.56002
 -43.69964 -43.80054 -43.91046 -44.02794 -44.15153
 -43.28284 -43.35713 -43.43277 -43.50685 -43.57666
 -41.19660 -41.19751 -41.19829 -41.19893 -41.19945
 -39.02635 -39.02636 -39.02637 -39.02637 -39.02638
 -37.27158 -37.27158 -37.27158 -37.27158 -37.27159
 -35.84853 -35.84853 -35.84853 -35.84853 -35.84854
 -34.68625 -34.68625 -34.68625 -34.68625 -34.68625
 -33.72652 -33.72652 -33.72652 -33.72652 -33.72652
 -32.92474 -32.92474 -32.92474 -32.92474 -32.92474
 -32.24421 -32.24421 -32.24421 -32.24421 -32.24422
 -31.66092 -31.66092 -31.66092 -31.66092 -31.66094
 -31.15419 -31.15419 -31.15419 -31.15419 -31.15424
 -30.71665 -30.71665 -30.71665 -30.71665 -30.71675
 -30.33548 -30.33548 -30.33548 -30.33548 -30.33567
 -30.00147 -30.00147 -30.00147 -30.00147 -30.00160
 -29.70585 -29.70585 -29.70585 -29.70585 -29.70603
 -29.43445 -29.43445 -29.43445 -29.43445 -29.43466
 -29.18967 -29.18967 -29.18967 -29.18967 -29.18989
 -28.97238 -28.97238 -28.97238 -28.97238 -28.97238
 -28.76855 -28.76855 -28.76855 -28.76855 -28.76855
 -28.59405 -28.59405 -28.59405 -28.59405 -28.59405
 -28.42353 -28.42353 -28.42353 -28.42353 -28.42353
 -28.27806 -28.27806 -28.27806 -28.27806 -28.27806
 -28.14427 -28.14427 -28.14427 -28.14427 -28.14427
 -28.02743 -28.02743 -28.02743 -28.02743 -28.02743
 -27.93157 -27.93157 -27.93157 -27.93157 -27.93157
 -27.84406 -27.84406 -27.84406 -27.84406 -27.84406
 -27.77018 -27.77018 -27.77018 -27.77018 -27.77018
 -27.70913 -27.70913 -27.70913 -27.70913 -27.70913
 -27.65993 -27.65993 -27.65993 -27.65993 -27.65993
 -27.62143 -27.62143 -27.62143 -27.62143 -27.62143
 -27.59248 -27.59248 -27.59248 -27.59248 -27.59248
 -27.57189 -27.57189 -27.57189 -27.57189 -27.57189
 -27.55856 -27.55856 -27.55856 -27.55856 -27.55856
 -27.55153 -27.55153 -27.55153 -27.55153 -27.55153
 -27.54995 -27.54995 -27.54995 -27.54995 -27.54995
 -27.55308 -27.55308 -27.55308 -27.55308 -27.55308
 -27.56015 -27.56015 -27.56015 -27.56015 -27.56015
 -27.57033 -27.57033 -27.57033 -27.57033 -27.57033
================================================================================
 -58.37344 -58.47509 -58.58419 -58.69888 -58.81727
 -54.31674 -54.42072 -54.53328 -54.65295 -54.77831
 -51.08305 -51.18659 -51.29877 -51.41813 -51.54325
 -48.51765 -48.62074 -48.73254 -48.85158 -48.97646
 -46.48812 -46.59076 -46.70217 -46.82091 -46.94553
 -44.88831 -44.99048 -45.10151 -45.21993 -45.34430
 -43.63306 -43.73478 -43.84542 -43.96351 -44.08763
 -42.65412 -42.75538 -42.86562 -42.98339 -43.10725
 -41.89675 -41.99754 -42.10738 -42.22483 -42.34843
 -41.31705 -41.41737 -41.52681 -41.64393 -41.76726
 -40.87982 -40.97967 -41.08871 -41.20549 -41.32856
 -40.55685 -40.65622 -40.76485 -40.88129 -41.00408
 -40.32349 -40.42187 -40.52938 -40.64450 -40.76566
 -39.87321 -39.92040 -39.96576 -40.00740 -40.04401
 -38.18111 -38.18224 -38.18323 -38.18405 -38.18472
 -36.57648 -36.57651 -36.57654 -36.57656 -36.57658
 -35.26959 -35.26959 -35.26960 -35.26960 -35.26960
 -34.20037 -34.20037 -34.20037 -34.20038 -34.20038
 -33.31534 -33.31534 -33.31534 -33.31534 -33.31534
 -32.57365 -32.57365 -32.57365 -32.57365 -32.57365
 -31.94169 -31.94169 -31.94169 -31.94169 -31.94170
 -31.39799 -31.39799 -31.39799 -31.39799 -31.39800
 -30.92396 -30.92396 -30.92396 -30.92396 -30.92398
 -30.51390 -30.51390 -30.51390 -30.51390 -30.51394
 -30.15624 -30.15624 -30.15624 -30.15624 -30.15631
 -29.84263 -29.84263 -29.84263 -29.84263 -29.84275
 -29.56485 -29.56485 -29.56485 -29.56485 -29.56485
 -29.30874 -29.30874 -29.30874 -29.30874 -29.30874
 -29.07708 -29.07708 -29.07708 -29.07708 -29.07708
 -28.87122 -28.87122 -28.87122 -28.87122 -28.87122
 -28.67654 -28.67654 -28.67654 -28.67654 -28.67654
 -28.51041 -28.51041 -28.51041 -28.51041 -28.51041
 -28.34562 -28.34562 -28.34562 -28.34562 -28.34562
 -28.20538 -28.20538 -28.20538 -28.20538 -28.20538
 -28.07533 -28.07533 -28.07533 -28.07533 -28.07533
 -27.96153 -27.96153 -27.96153 -27.96153 -27.96153
 -27.86873 -27.86873 -27.86873 -27.86873 -27.86873
 -27.78307 -27.78307 -27.78307 -27.78307 -27.78307
 -27.71065 -27.71065 -27.71065 -27.71065 -27.71065
 -27.65077 -27.65077 -27.65077 -27.65077 -27.65077
 -27.60252 -27.60252 -27.60252 -27.60252 -27.60252
 -27.56481 -27.56481 -27.56481 -27.56481 -27.56481
 -27.53651 -27.53651 -27.53651 -27.53651 -27.53651
 -27.51647 -27.51647 -27.51647 -27.51647 -27.51647
 -27.50359 -27.50359 -27.50359 -27.50359 -27.50359
 -27.49694 -27.49694 -27.49694 -27.49694 -27.49694
 -27.49570 -27.49570 -27.49570 -27.49570 -27.49570
 -27.49913 -27.49913 -27.49913 -27.49913 -27.49913
 -27.50646 -27.50646 -27.50646 -27.50646 -27.50646
 -27.51684 -27.51684 -27.51684 -27.51684 -27.51684
================================================================================
 -48.28775 -48.39079 -48.50255 -48.62156 -48.74641
 -45.44857 -45.55116 -45.66253 -45.78123 -45.90583
 -43.19952 -43.30165 -43.41263 -43.53102 -43.65536
 -41.42368 -41.52534 -41.63594 -41.75400 -41.87809
 -40.02729 -40.12849 -40.23869 -40.35643 -40.48026
 -38.93517 -39.03591 -39.14572 -39.26312 -39.38670
 -38.08706 -38.18733 -38.29673 -38.41380 -38.53711
 -37.43460 -37.53440 -37.64339 -37.76013 -37.88317
 -36.93903 -37.03836 -37.14694 -37.26335 -37.38612
 -36.56928 -36.66813 -36.77630 -36.89237 -37.01486
 -36.30043 -36.39879 -36.50655 -36.62227 -36.74449
 -36.11247 -36.21036 -36.31770 -36.43307 -36.55500
 -35.98938 -36.08676 -36.19367 -36.30868 -36.43032
 -35.91600 -36.01231 -36.11799 -36.23152 -36.35132
 -35.80461 -35.88236 -35.96375 -36.04594 -36.12601
 -35.15646 -35.17254 -35.18708 -35.19966 -35.21011
 -34.16801 -34.16952 -34.17084 -34.17195 -34.17286
 -33.29672 -33.29689 -33.29705 -33.29718 -33.29729
 -32.56592 -32.56595 -32.56598 -32.56600 -32.56601
 -31.94792 -31.94793 -31.94793 -31.94793 -31.94794
 -31.41601 -31.41602 -31.41602 -31.41602 -31.41602
 -30.95400 -30.95400 -30.95400 -30.95400 -30.95401
 -30.54744 -30.54744 -30.54744 -30.54744 -30.54744
 -30.19377 -30.19377 -30.19377 -30.19377 -30.19377
 -29.88370 -29.88370 -29.88370 -29.88370 -29.88370
 -29.61048 -29.61048 -29.61048 -29.61048 -29.61048
 -29.36696 -29.36696 -29.36696 -29.36696 -29.36696
 -29.13940 -29.13940 -29.13940 -29.13940 -29.13940
 -28.93142 -28.93142 -28.93142 -28.93142 -28.93142
 -28.74539 -28.74539 -28.74539 -28.74539 -28.74539
 -28.56623 -28.56623 -28.56623 -28.56623 -28.56623
 -28.41370 -28.41370 -28.41370 -28.41370 -28.41370
 -28.25824 -28.25824 -28.25824 -28.25824 -28.25824
 -28.12624 -28.12624 -28.12624 -28.12624 -28.12624
 -28.00205 -28.00205 -28.00205 -28.00205 -28.00205
 -27.89293 -27.89293 -27.89293 -27.89293 -27.89293
 -27.80473 -27.80473 -27.80473 -27.80473 -27.80473
 -27.72190 -27.72190 -27.72190 -27.72190 -27.72190
 -27.65169 -27.65169 -27.65169 -27.65169 -27.65169
 -27.59357 -27.59357 -27.59357 -27.59357 -27.59357
 -27.54674 -27.54674 -27.54674 -27.54674 -27.54674
 -27.51019 -27.51019 -27.51019 -27.51019 -27.51019
 -27.48283 -27.48283 -27.48283 -27.48283 -27.48283
 -27.46356 -27.46356 -27.46356 -27.46356 -27.46356
 -27.45131 -27.45131 -27.45131 -27.45131 -27.45131
 -27.44517 -27.44517 -27.44517 -27.44517 -27.44517
 -27.44436 -27.44436 -27.44436 -27.44436 -27.44436
 -27.44816 -27.44816 -27.44816 -27.44816 -27.44816
 -27.45581 -27.45581 -27.45581 -27.45581 -27.45581
 -27.46642 -27.46642 -27.46642 -27.46642 -27.46642
================================================================================
 -60.00000 -60.00000 -60.00000 -60.00000 -60.00000
 -60.00000 -60.00000 -60.00000 -60.00000 -60.00000
 -60.00000 -60.00000 -60.00000 -60.00000 -60.00000
 -60.00000 -60.00000 -60.00000 -60.00000 -60.00000
 -60.00000 -60.00000 -60.00000 -60.00000 -60.00000
 -60.00000 -60.00000 -60.00000 -60.00000 -60.00000
 -59.99992 -59.99992 -59.99992 -59.99992 -59.99992
 -57.00548 -57.00548 -57.00548 -57.00548 -57.00548
 -51.63318 -51.63318 -51.63318 -51.63318 -51.63318
 -47.32969 -47.32969 -47.32969 -47.32969 -47.32969
 -43.88227 -43.88227 -43.88227 -43.88227 -43.88227
 -41.11966 -41.11966 -41.11966 -41.11966 -41.11966
 -38.90416 -38.90416 -38.90416 -38.90416 -38.90416
 -37.12435 -37.12435 -37.12435 -37.12435 -37.12435
 -35.69089 -35.69089 -35.69089 -35.69089 -35.69089
 -34.53040 -34.53040 -34.53040 -34.53040 -34.53040
 -33.58367 -33.58367 -33.58367 -33.58367 -33.58367
 -32.80023 -32.80023 -32.80023 -32.80023 -32.80024
 -32.12484 -32.12484 -32.12485 -32.12486 -32.12487
 -31.48576 -31.48577 -31.48579 -31.48582 -31.48589
 -30.83081 -30.83083 -30.83087 -30.83094 -30.83107
 -30.19692 -30.19695 -30.19700 -30.19710 -30.19729
 -29.64379 -29.64382 -29.64388 -29.64398 -29.64420
 -29.19599 -29.19602 -29.19608 -29.19619 -29.19641
 -28.84885 -28.84888 -28.84893 -28.84905 -28.84926
 -28.58872 -28.58875 -28.58881 -28.58892 -28.58913
 -28.39989 -28.39992 -28.39997 -28.40008 -28.40028
 -28.26571 -28.26573 -28.26578 -28.26588 -28.26607
 -28.17265 -28.17267 -28.17272 -28.17281 -28.17298
 -28.10855 -28.10857 -28.10861 -28.10869 -28.10884
 -28.05677 -28.05679 -28.05682 -28.05689 -28.05702
 -28.01445 -28.01446 -28.01449 -28.01454 -28.01465
 -27.95965 -27.95966 -27.95969 -27.95973 -27.95980
 -27.90303 -27.90304 -27.90306 -27.90308 -27.90314
 -27.83521 -27.83521 -27.83522 -27.83524 -27.83528
 -27.76493 -27.76494 -27.76494 -27.76496 -27.76498
 -27.70277 -27.70277 -27.70277 -27.70278 -27.70280
 -27.63744 -27.63744 -27.63745 -27.63745 -27.63746
 -27.57876 -27.57876 -27.57876 -27.57876 -27.57877
 -27.52829 -27.52829 -27.52830 -27.52830 -27.52830
 -27.48663 -27.48663 -27.48663 -27.48663 -27.48663
 -27.45362 -27.45362 -27.45363 -27.45363 -27.45363
 -27.42876 -27.42876 -27.42876 -27.42876 -27.42877
 -27.41127 -27.41127 -27.41127 -27.41127 -27.41127
 -27.40032 -27.40032 -27.40032 -27.40032 -27.40032
 -27.39514 -27.39514 -27.39514 -27.39514 -27.39514
 -27.39506 -27.39506 -27.39506 -27.39506 -27.39506
 -27.39943 -27.39943 -27.39943 -27.39943 -27.39943
 -27.40752 -27.40752 -27.40752 -27.40752 -27.40752
 -27.41846 -27.41846 -27.41846 -27.41846 -27.41846
================================================================================
 -26.50894 -26.50894 -26.50894 -26.50894 -26.56968
 -26.55861 -26.55861 -26.55861 -26.55861 -26.61889
 -26.60865 -26.60865 -26.60865 -26.60865 -26.66838
 -26.65913 -26.65913 -26.65913 -26.65913 -26.70099
 -26.71010 -26.71010 -26.71010 -26.71010 -26.75141
 -26.76165 -26.76165 -26.76165 -26.76165 -26.80233
 -26.81384 -26.81385 -26.81385 -26.81385 -26.85381
 -26.86657 -26.86661 -26.86665 -26.86668 -26.90588
 -26.91871 -26.91907 -26.91938 -26.91964 -26.94395
 -26.96566 -26.96751 -26.96914 -26.97051 -26.99496
 -26.99690 -27.00336 -27.00908 -27.01394 -27.04015
 -27.00042 -27.01615 -27.03042 -27.04279 -27.07362
 -26.97496 -27.00334 -27.02991 -27.05363 -27.09214
 -26.93441 -26.97530 -27.01480 -27.05119 -27.09066
 -26.89703 -26.94781 -26.99817 -27.04584 -27.09529
 -26.87519 -26.93282 -26.99107 -27.04737 -27.10483
 -26.87395 -26.93593 -26.99941 -27.06169 -27.12487
 -26.89367 -26.95819 -27.02486 -27.09092 -27.15370
 -26.93245 -26.99823 -27.06658 -27.13474 -27.19996
 -26.98739 -27.05349 -27.12241 -27.19136 -27.25759
 -27.05461 -27.12015 -27.18854 -27.25704 -27.32287
 -27.12590 -27.18927 -27.25520 -27.32097 -27.38387
 -27.18438 -27.24211 -27.30147 -27.35987 -27.41486
 -27.20481 -27.25170 -27.29878 -27.34385 -27.38509
 -27.17688 -27.21030 -27.24286 -27.27308 -27.29990
 -27.11931 -27.14131 -27.16224 -27.18122 -27.19771
 -27.06115 -27.07551 -27.08899 -27.10105 -27.11143
 -27.02163 -27.03137 -27.04044 -27.04852 -27.05546
 -27.00637 -27.01333 -27.01978 -27.02552 -27.03047
 -27.01470 -27.01991 -27.02476 -27.02907 -27.03279
 -27.04327 -27.04736 -27.05115 -27.05454 -27.05748
 -27.08719 -27.09049 -27.09356 -27.09631 -27.09871
 -27.14072 -27.14344 -27.14597 -27.14825 -27.15025
 -27.19776 -27.20001 -27.20212 -27.20402 -27.20569
 -27.25212 -27.25397 -27.25571 -27.25728 -27.25866
 -27.29821 -27.29970 -27.30111 -27.30237 -27.30350
 -27.33215 -27.33331 -27.33441 -27.33540 -27.33629
 -27.35260 -27.35348 -27.35431 -27.35507 -27.35574
 -27.36092 -27.36157 -27.36219 -27.36275 -27.36324
 -27.36031 -27.36078 -27.36122 -27.36162 -27.36198
 -27.35449 -27.35482 -27.35514 -27.35543 -27.35569
 -27.34676 -27.34700 -27.34722 -27.34743 -27.34761
 -27.33957 -27.33973 -27.33989 -27.34004 -27.34017
 -27.33443 -27.33455 -27.33466 -27.33477 -27.33486
 -27.33219 -27.33227 -27.33235 -27.33243 -27.33249
 -27.33322 -27.33328 -27.33334 -27.33340 -27.33345
 -27.33764 -27.33768 -27.33773 -27.33777 -27.33780
 -27.34528 -27.34531 -27.34534 -27.34537 -27.34540
 -27.35572 -27.35575 -27.35577 -27.35579 -27.35581
 -27.36837 -27.36839 -27.36841 -27.36842 -27.36844
================================================================================
 -26.30411 -26.30411 -26.30411 -26.30411 -26.35681
 -26.35364 -26.35364 -26.35364 -26.35364 -26.39079
 -26.40352 -26.40352 -26.40352 -26.40352 -26.44034
 -26.45381 -26.45381 -26.45381 -26.45381 -26.49025
 -26.50459 -26.50459 -26.50459 -26.50459 -26.54058
 -26.55595 -26.55595 -26.55595 -26.55595 -26.57836
 -26.60796 -26.60796 -26.60796 -26.60796 -26.62999
 -26.66074 -26.66074 -26.66074 -26.66074 -26.68235
 -26.71437 -26.71437 -26.71437 -26.71437 -26.73553
 -26.76892 -26.76893 -26.76893 -26.76893 -26.78961
 -26.82434 -26.82437 -26.82440 -26.82442 -26.83398
 -26.87976 -26.88002 -26.88025 -26.88044 -26.88987
 -26.93144 -26.93285 -26.93409 -26.93514 -26.94496
 -26.97025 -26.97535 -26.97991 -26.98382 -26.99555
 -26.98440 -26.99740 -27.00927 -27.01963 -27.02829
 -26.97025 -26.99473 -27.01774 -27.03834 -27.05600
 -26.93857 -26.97507 -27.01042 -27.04305 -27.07181
 -26.90645 -26.95284 -26.99898 -27.04272 -27.08233
 -26.88709 -26.94053 -26.99471 -27.04720 -27.09580
 -26.88647 -26.94444 -27.00403 -27.06264 -27.11781
 -26.90516 -26.96569 -27.02848 -27.09086 -27.15020
 -26.93837 -26.99953 -27.06321 -27.12676 -27.18751
 -26.97405 -27.03285 -27.09388 -27.15451 -27.21218
 -26.99324 -27.04520 -27.09835 -27.15027 -27.19875
 -26.98053 -27.02160 -27.06262 -27.10165 -27.13711
 -26.94016 -26.96981 -26.99871 -27.02551 -27.04926
 -26.89217 -26.91281 -26.93257 -26.95057 -26.96627
 -26.85518 -26.86972 -26.88348 -26.89589 -26.90663
 -26.83855 -26.84915 -26.85913 -26.86809 -26.87582
 -26.84416 -26.85223 -26.85980 -26.86659 -26.87244
 -26.86995 -26.87633 -26.88232 -26.88767 -26.89231
 -26.91197 -26.91718 -26.92206 -26.92643 -26.93022
 -26.96543 -26.96976 -26.97383 -26.97748 -26.98065
 -27.02506 -27.02870 -27.03213 -27.03520 -27.03788
 -27.08540 -27.08846 -27.09134 -27.09393 -27.09619
 -27.14123 -27.14376 -27.14615 -27.14830 -27.15018
 -27.18825 -27.19029 -27.19222 -27.19397 -27.19550
 -27.22391 -27.22552 -27.22704 -27.22842 -27.22962
 -27.24788 -27.24911 -27.25028 -27.25134 -27.25226
 -27.26185 -27.26277 -27.26364 -27.26443 -27.26513
 -27.26860 -27.26927 -27.26991 -27.27049 -27.27101
 -27.27113 -27.27162 -27.27208 -27.27250 -27.27288
 -27.27200 -27.27235 -27.27269 -27.27300 -27.27327
 -27.27308 -27.27333 -27.27357 -27.27380 -27.27399
 -27.27556 -27.27574 -27.27592 -27.27608 -27.27622
 -27.28018 -27.28031 -27.28044 -27.28056 -27.28066
 -27.28734 -27.28744 -27.28753 -27.28762 -27.28770
 -27.29709 -27.29717 -27.29724 -27.29730 -27.29736
 -27.30914 -27.30919 -27.30924 -27.30929 -27.30933
 -27.32292 -27.32296 -27.32300 -27.32303 -27.32306
================================================================================
 -26.19642 -26.19642 -26.19642 -26.19642 -26.22600
 -26.24543 -26.24543 -26.24543 -26.24543 -26.27478
 -26.29467 -26.29467 -26.29467 -26.29467 -26.32374
 -26.34418 -26.34418 -26.34418 -26.34418 -26.36246
 -26.39402 -26.39402 -26.39402 -26.39402 -26.41204
 -26.44422 -26.44422 -26.44422 -26.44422 -26.46195
 -26.49484 -26.49484 -26.49484 -26.49484 -26.51225
 -26.54594 -26.54594 -26.54594 -26.54594 -26.55406
 -26.59756 -26.59757 -26.59757 -26.59757 -26.60549
 -26.64966 -26.64968 -26.64970 -26.64972 -26.65744
 -26.70156 -26.70176 -26.70193 -26.70208 -26.70967
 -26.75003 -26.75118 -26.75220 -26.75306 -26.76097
 -26.78661 -26.79101 -26.79496 -26.79834 -26.80114
 -26.79936 -26.81108 -26.82179 -26.83114 -26.83896
 -26.78320 -26.80602 -26.82746 -26.84665 -26.86308
 -26.74786 -26.78263 -26.81630 -26.84734 -26.87468
 -26.71080 -26.75559 -26.80011 -26.84230 -26.88048
 -26.68592 -26.73787 -26.79055 -26.84155 -26.88875
 -26.67996 -26.73651 -26.79466 -26.85183 -26.90561
 -26.69425 -26.75345 -26.81488 -26.87590 -26.93394
 -26.72703 -26.78741 -26.85040 -26.91337 -26.97365
 -26.77397 -26.83417 -26.89711 -26.96016 -27.02064
 -26.82618 -26.88425 -26.94480 -27.00522 -27.06293
 -26.86816 -26.92082 -26.97512 -27.02861 -27.07897
 -26.88331 -26.92679 -26.97074 -27.01306 -27.05197
 -26.86808 -26.90076 -26.93302 -26.96333 -26.99051
 -26.83647 -26.85974 -26.88227 -26.90302 -26.92130
 -26.80727 -26.82374 -26.83948 -26.85381 -26.86630
 -26.79276 -26.80471 -26.81605 -26.82630 -26.83519
 -26.79743 -26.80643 -26.81494 -26.82260 -26.82924
 -26.82076 -26.82779 -26.83442 -26.84040 -26.84557
 -26.85968 -26.86534 -26.87068 -26.87549 -26.87966
 -26.90986 -26.91451 -26.91891 -26.92287 -26.92631
 -26.96637 -26.97024 -26.97390 -26.97720 -26.98008
 -27.02411 -27.02733 -27.03038 -27.03313 -27.03553
 -27.07818 -27.08083 -27.08334 -27.08561 -27.08759
 -27.12457 -27.12671 -27.12873 -27.13057 -27.13218
 -27.16083 -27.16251 -27.16411 -27.16556 -27.16683
 -27.18650 -27.18778 -27.18901 -27.19012 -27.19110
 -27.20289 -27.20385 -27.20477 -27.20561 -27.20635
 -27.21239 -27.21310 -27.21378 -27.21440 -27.21495
 -27.21767 -27.21819 -27.21869 -27.21914 -27.21954
 -27.22108 -27.22145 -27.22181 -27.22214 -27.22244
 -27.22435 -27.22462 -27.22489 -27.22513 -27.22534
 -27.22868 -27.22888 -27.22907 -27.22925 -27.22941
 -27.23484 -27.23498 -27.23512 -27.23525 -27.23537
 -27.24328 -27.24338 -27.24348 -27.24358 -27.24366
 -27.25409 -27.25417 -27.25424 -27.25431 -27.25437
 -27.26695 -27.26701 -27.26707 -27.26712 -27.26717
 -27.28129 -27.28133 -27.28137 -27.28141 -27.28145
================================================================================
 -26.01180 -26.01180 -26.01180 -26.01180 -26.04021
 -26.06065 -26.06065 -26.06065 -26.06065 -26.07860
 -26.10969 -26.10969 -26.10969 -26.10969 -26.12748
 -26.15896 -26.15896 -26.15896 -26.15896 -26.17655
 -26.20851 -26.20851 -26.20851 -26.20851 -26.22587
 -26.25837 -26.25837 -26.25837 -26.25837 -26.26654
 -26.30860 -26.30860 -26.30860 -26.30860 -26.31661
 -26.35923 -26.35923 -26.35923 -26.35923 -26.36707
 -26.41031 -26.41031 -26.41031 -26.41031 -26.41796
 -26.46177 -26.46179 -26.46181 -26.46183 -26.46184
 -26.51281 -26.51303 -26.51323 -26.51339 -26.51353
 -26.55947 -26.56082 -26.56202 -26.56305 -26.56389
 -26.59106 -26.59633 -26.60110 -26.60522 -26.60864
 -26.59242 -26.60652 -26.61955 -26.63104 -26.64073
 -26.55835 -26.58535 -26.61111 -26.63450 -26.65480
 -26.50303 -26.54307 -26.58256 -26.61966 -26.65292
 -26.44842 -26.49868 -26.54961 -26.59887 -26.64438
 -26.41006 -26.46720 -26.52624 -26.58461 -26.63981
 -26.39439 -26.45574 -26.51997 -26.58442 -26.64640
 -26.40197 -26.46564 -26.53287 -26.60099 -26.66721
 -26.43043 -26.49508 -26.56369 -26.63362 -26.70202
 -26.47560 -26.54010 -26.60869 -26.67876 -26.74746
 -26.53052 -26.59338 -26.66013 -26.72816 -26.79465
 -26.58380 -26.64255 -26.70445 -26.76691 -26.82728
 -26.62173 -26.67306 -26.72629 -26.77898 -26.82883
 -26.63691 -26.67840 -26.72049 -26.76117 -26.79867
 -26.63469 -26.66633 -26.69775 -26.72744 -26.75421
 -26.62835 -26.65194 -26.67500 -26.69642 -26.71543
 -26.62967 -26.64741 -26.66456 -26.68033 -26.69419
 -26.64486 -26.65853 -26.67165 -26.68365 -26.69414
 -26.67527 -26.68612 -26.69649 -26.70594 -26.71418
 -26.71931 -26.72814 -26.73657 -26.74423 -26.75091
 -26.77376 -26.78109 -26.78809 -26.79444 -26.79998
 -26.83461 -26.84076 -26.84663 -26.85197 -26.85663
 -26.89743 -26.90260 -26.90754 -26.91203 -26.91595
 -26.95786 -26.96218 -26.96630 -26.97005 -26.97333
 -27.01208 -27.01562 -27.01901 -27.02209 -27.02479
 -27.05741 -27.06025 -27.06297 -27.06545 -27.06762
 -27.09279 -27.09502 -27.09716 -27.09910 -27.10081
 -27.11878 -27.12049 -27.12213 -27.12362 -27.12493
 -27.13711 -27.13839 -27.13962 -27.14075 -27.14174
 -27.15005 -27.15100 -27.15191 -27.15275 -27.15349
 -27.15983 -27.16053 -27.16121 -27.16183 -27.16237
 -27.16825 -27.16876 -27.16926 -27.16972 -27.17012
 -27.17666 -27.17704 -27.17740 -27.17774 -27.17804
 -27.18602 -27.18630 -27.18657 -27.18682 -27.18704
 -27.19699 -27.19719 -27.19739 -27.19758 -27.19774
 -27.20979 -27.20994 -27.21009 -27.21023 -27.21035
 -27.22417 -27.22429 -27.22440 -27.22450 -27.22459
 -27.23959 -27.23967 -27.23976 -27.23983 -27.23990
================================================================================
 -25.85672 -25.85672 -25.85672 -25.85672 -25.87375
 -25.90544 -25.90544 -25.90544 -25.90544 -25.92234
 -25.95432 -25.95432 -25.95432 -25.95432 -25.97108
 -26.00341 -26.00341 -26.00341 -26.00341 -26.01135
 -26.05274 -26.05274 -26.05274 -26.05274 -26.06057
 -26.10234 -26.10234 -26.10234 -26.10234 -26.11005
 -26.15225 -26.15225 -26.15225 -26.15225 -26.15982
 -26.20253 -26.20253 -26.20253 -26.20253 -26.20253
 -26.25319 -26.25319 -26.25319 -26.25319 -26.25320
 -26.30406 -26.30411 -26.30415 -26.30419 -26.30421
 -26.35367 -26.35408 -26.35445 -26.35477 -26.35503
 -26.39567 -26.39793 -26.39998 -26.40174 -26.40319
 -26.41515 -26.42323 -26.43063 -26.43708 -26.44249
 -26.39576 -26.41529 -26.43366 -26.45012 -26.46422
 -26.33905 -26.37302 -26.40613 -26.43687 -26.46410
 -26.26734 -26.31408 -26.36120 -26.40649 -26.44804
 -26.20437 -26.26019 -26.31786 -26.37485 -26.42870
 -26.16337 -26.22488 -26.28952 -26.35464 -26.41752
 -26.14819 -26.21299 -26.28184 -26.35210 -26.42093
 -26.15775 -26.22423 -26.29536 -26.36854 -26.44089
 -26.18890 -26.25597 -26.32802 -26.40248 -26.47650
 -26.23768 -26.30446 -26.37634 -26.45078 -26.52490
 -26.29896 -26.36452 -26.43503 -26.50797 -26.58048
 -26.36538 -26.42822 -26.49553 -26.56475 -26.63306
 -26.42724 -26.48511 -26.54647 -26.60878 -26.66938
 -26.47602 -26.52648 -26.57912 -26.63158 -26.68150
 -26.50963 -26.55131 -26.59398 -26.63559 -26.67427
 -26.53367 -26.56690 -26.60031 -26.63226 -26.66138
 -26.55688 -26.58306 -26.60902 -26.63347 -26.65544
 -26.58618 -26.60695 -26.62733 -26.64634 -26.66326
 -26.62490 -26.64164 -26.65796 -26.67307 -26.68645
 -26.67324 -26.68696 -26.70029 -26.71259 -26.72342
 -26.72930 -26.74072 -26.75177 -26.76195 -26.77089
 -26.79002 -26.79959 -26.80883 -26.81733 -26.82479
 -26.85169 -26.85970 -26.86743 -26.87453 -26.88076
 -26.91052 -26.91717 -26.92359 -26.92947 -26.93464
 -26.96322 -26.96865 -26.97389 -26.97870 -26.98291
 -27.00753 -27.01188 -27.01607 -27.01991 -27.02328
 -27.04261 -27.04601 -27.04928 -27.05229 -27.05494
 -27.06903 -27.07164 -27.07415 -27.07646 -27.07849
 -27.08838 -27.09034 -27.09224 -27.09398 -27.09551
 -27.10271 -27.10416 -27.10558 -27.10688 -27.10802
 -27.11401 -27.11509 -27.11613 -27.11710 -27.11794
 -27.12394 -27.12473 -27.12550 -27.12621 -27.12684
 -27.13373 -27.13432 -27.13488 -27.13541 -27.13587
 -27.14434 -27.14477 -27.14518 -27.14557 -27.14592
 -27.15641 -27.15672 -27.15703 -27.15732 -27.15758
 -27.17015 -27.17039 -27.17062 -27.17083 -27.17102
 -27.18528 -27.18546 -27.18563 -27.18579 -27.18593
 -27.20121 -27.20134 -27.20147 -27.20159 -27.20170
================================================================================
 -25.70321 -25.70321 -25.70321 -25.70321 -25.71078
 -25.75182 -25.75182 -25.75182 -25.75182 -25.75933
 -25.80058 -25.80058 -25.80058 -25.80058 -25.80803
 -25.84951 -25.84951 -25.84951 -25.84951 -25.85688
 -25.89866 -25.89866 -25.89866 -25.89866 -25.90593
 -25.94804 -25.94804 -25.94804 -25.94804 -25.94804
 -25.99770 -25.99770 -25.99770 -25.99770 -25.99770
 -26.04768 -26.04768 -26.04768 -26.04768 -26.04768
 -26.09791 -26.09793 -26.09795 -26.09796 -26.09797
 -26.14768 -26.14787 -26.14805 -26.14820 -26.14832
 -26.19345 -26.19464 -26.19570 -26.19662 -26.19738
 -26.22568 -26.23033 -26.23456 -26.23823 -26.24129
 -26.23068 -26.24318 -26.25478 -26.26505 -26.27375
 -26.20307 -26.22730 -26.25047 -26.27154 -26.28985
 -26.15485 -26.19133 -26.22730 -26.26106 -26.29130
 -26.10610 -26.15245 -26.19938 -26.24468 -26.28643
 -26.07184 -26.12499 -26.17986 -26.23397 -26.28497
 -26.05878 -26.11615 -26.17616 -26.23623 -26.29377
 -26.06785 -26.12757 -26.19056 -26.25423 -26.31588
 -26.09716 -26.15789 -26.22228 -26.28773 -26.35151
 -26.14371 -26.20446 -26.26905 -26.33490 -26.39925
 -26.20409 -26.26409 -26.32791 -26.39300 -26.45663
 -26.27418 -26.33260 -26.39467 -26.45784 -26.51942
 -26.34782 -26.40351 -26.46241 -26.52203 -26.57977
 -26.41589 -26.46700 -26.52058 -26.57425 -26.62558
 -26.46882 -26.51320 -26.55907 -26.60427 -26.64674
 -26.50266 -26.53895 -26.57582 -26.61146 -26.64428
 -26.52239 -26.55078 -26.57916 -26.60612 -26.63052
 -26.53800 -26.55983 -26.58136 -26.60156 -26.61960
 -26.55823 -26.57509 -26.59158 -26.60690 -26.62049
 -26.58781 -26.60105 -26.61394 -26.62584 -26.63634
 -26.62771 -26.63833 -26.64862 -26.65810 -26.66644
 -26.67647 -26.68513 -26.69351 -26.70121 -26.70798
 -26.73122 -26.73836 -26.74526 -26.75160 -26.75717
 -26.78841 -26.79432 -26.80002 -26.80527 -26.80987
 -26.84443 -26.84929 -26.85399 -26.85831 -26.86210
 -26.89604 -26.89999 -26.90382 -26.90734 -26.91043
 -26.94097 -26.94413 -26.94720 -26.95002 -26.95250
 -26.97809 -26.98057 -26.98298 -26.98520 -26.98716
 -27.00753 -27.00945 -27.01131 -27.01302 -27.01454
 -27.03041 -27.03186 -27.03328 -27.03458 -27.03573
 -27.04836 -27.04945 -27.05051 -27.05149 -27.05236
 -27.06307 -27.06388 -27.06467 -27.06541 -27.06605
 -27.07603 -27.07663 -27.07722 -27.07776 -27.07825
 -27.08842 -27.08886 -27.08930 -27.08970 -27.09006
 -27.10120 -27.10153 -27.10185 -27.10215 -27.10242
 -27.11509 -27.11534 -27.11558 -27.11580 -27.11600
 -27.13033 -27.13051 -27.13069 -27.13086 -27.13101
 -27.14661 -27.14675 -27.14688 -27.14701 -27.14712
 -27.16337 -27.16347 -27.16357 -27.16367 -27.16375
================================================================================
 -25.54919 -25.54919 -25.54919 -25.54919 -25.55631
 -25.59772 -25.59772 -25.59772 -25.59772 -25.60479
 -25.64638 -25.64638 -25.64638 -25.64638 -25.64638
 -25.69519 -25.69519 -25.69519 -25.69519 -25.69519
 -25.74419 -25.74419 -25.74419 -25.74419 -25.74419
 -25.79340 -25.79340 -25.79340 -25.79340 -25.79340
 -25.84283 -25.84284 -25.84284 -25.84285 -25.84285
 -25.89225 -25.89232 -25.89238 -25.89243 -25.89247
 -25.94027 -25.94072 -25.94112 -25.94146 -25.94175
 -25.98256 -25.98448 -25.98623 -25.98774 -25.98899
 -26.01141 -26.01720 -26.02250 -26.02712 -26.03100
 -26.02033 -26.03307 -26.04494 -26.05547 -26.06442
 -26.01105 -26.03277 -26.05347 -26.07224 -26.08850
 -25.99393 -26.02450 -26.05432 -26.08199 -26.10648
 -25.98099 -26.01876 -26.05632 -26.09186 -26.12396
 -25.98041 -26.02325 -26.06648 -26.10804 -26.14616
 -25.99559 -26.04157 -26.08845 -26.13402 -26.17629
 -26.02665 -26.07422 -26.12305 -26.17083 -26.21547
 -26.07195 -26.11991 -26.16930 -26.21783 -26.26332
 -26.12912 -26.17653 -26.22542 -26.27348 -26.31860
 -26.19564 -26.24175 -26.28925 -26.33592 -26.37966
 -26.26897 -26.31315 -26.35858 -26.40308 -26.44467
 -26.34622 -26.38791 -26.43062 -26.47230 -26.51106
 -26.42307 -26.46160 -26.50087 -26.53897 -26.57419
 -26.49236 -26.52679 -26.56162 -26.59514 -26.62586
 -26.54548 -26.57472 -26.60401 -26.63190 -26.65719
 -26.57795 -26.60138 -26.62459 -26.64644 -26.66602
 -26.59364 -26.61157 -26.62914 -26.64552 -26.66005
 -26.60247 -26.61590 -26.62896 -26.64104 -26.65169
 -26.61399 -26.62407 -26.63383 -26.64281 -26.65070
 -26.63382 -26.64152 -26.64894 -26.65576 -26.66174
 -26.66354 -26.66953 -26.67531 -26.68061 -26.68525
 -26.70194 -26.70669 -26.71127 -26.71546 -26.71915
 -26.74634 -26.75015 -26.75382 -26.75720 -26.76016
 -26.79339 -26.79646 -26.79943 -26.80215 -26.80454
 -26.83974 -26.84221 -26.84459 -26.84678 -26.84871
 -26.88259 -26.88455 -26.88645 -26.88821 -26.88975
 -26.91997 -26.92151 -26.92301 -26.92439 -26.92561
 -26.95108 -26.95227 -26.95343 -26.95450 -26.95545
 -26.97612 -26.97703 -26.97791 -26.97873 -26.97946
 -26.99608 -26.99676 -26.99743 -26.99805 -26.99860
 -27.01231 -27.01282 -27.01332 -27.01379 -27.01420
 -27.02620 -27.02658 -27.02695 -27.02730 -27.02760
 -27.03892 -27.03920 -27.03948 -27.03974 -27.03997
 -27.05144 -27.05165 -27.05185 -27.05205 -27.05222
 -27.06458 -27.06473 -27.06488 -27.06503 -27.06515
 -27.07895 -27.07906 -27.07918 -27.07928 -27.07938
 -27.09468 -27.09476 -27.09485 -27.09493 -27.09500
 -27.11137 -27.11143 -27.11150 -27.11156 -27.11161
 -27.12840 -27.12845 -27.12849 -27.12854 -27.12858
================================================================================
 -25.43740 -25.43740 -25.43740 -25.43740 -25.43740
 -25.48585 -25.48585 -25.48585 -25.48585 -25.48585
 -25.53442 -25.53442 -25.53442 -25.53442 -25.53442
 -25.58312 -25.58312 -25.58312 -25.58312 -25.58312
 -25.63198 -25.63198 -25.63198 -25.63198 -25.63198
 -25.68104 -25.68104 -25.68104 -25.68104 -25.68104
 -25.73031 -25.73031 -25.73031 -25.73031 -25.73031
 -25.77984 -25.77984 -25.77984 -25.77984 -25.77984
 -25.82965 -25.82965 -25.82965 -25.82965 -25.82965
 -25.87978 -25.87978 -25.87978 -25.87978 -25.87978
 -25.93024 -25.93024 -25.93024 -25.93024 -25.93024
 -25.98107 -25.98107 -25.98107 -25.98107 -25.98107
 -26.03228 -26.03228 -26.03228 -26.03228 -26.03228
 -26.08387 -26.08387 -26.08387 -26.08387 -26.08387
 -26.13584 -26.13584 -26.13584 -26.13584 -26.13584
 -26.18817 -26.18817 -26.18817 -26.18817 -26.18817
 -26.24084 -26.24084 -26.24084 -26.24084 -26.24084
 -26.29380 -26.29380 -26.29380 -26.29380 -26.29380
 -26.34698 -26.34698 -26.34698 -26.34698 -26.34698
 -26.40028 -26.40028 -26.40028 -26.40028 -26.40028
 -26.45358 -26.45358 -26.45358 -26.45358 -26.45358
 -26.50668 -26.50668 -26.50668 -26.50668 -26.50668
 -26.55938 -26.55938 -26.55938 -26.55938 -26.55938
 -26.61144 -26.61144 -26.61144 -26.61144 -26.61144
 -26.66249 -26.66249 -26.66249 -26.66249 -26.66249
 -26.71214 -26.71214 -26.71214 -26.71214 -26.71214
 -26.76016 -26.76016 -26.76016 -26.76016 -26.76016
 -26.80589 -26.80589 -26.80589 -26.80589 -26.80589
 -26.84866 -26.84866 -26.84866 -26.84866 -26.84866
 -26.88722 -26.88722 -26.88722 -26.88722 -26.88722
 -26.91834 -26.91834 -26.91834 -26.91834 -26.91834
 -26.93516 -26.93516 -26.93516 -26.93516 -26.93516
 -26.92956 -26.92956 -26.92956 -26.92957 -26.92957
 -26.89990 -26.89990 -26.89990 -26.89991 -26.89992
 -26.85554 -26.85555 -26.85555 -26.85556 -26.85557
 -26.81072 -26.81072 -26.81072 -26.81073 -26.81075
 -26.77621 -26.77621 -26.77621 -26.77622 -26.77625
 -26.75688 -26.75688 -26.75689 -26.75690 -26.75692
 -26.75303 -26.75304 -26.75304 -26.75305 -26.75307
 -26.76253 -26.76253 -26.76254 -26.76255 -26.76257
 -26.78227 -26.78227 -26.78227 -26.78228 -26.78230
 -26.80907 -26.80907 -26.80907 -26.80908 -26.80910
 -26.84008 -26.84008 -26.84008 -26.84009 -26.84010
 -26.87303 -26.87303 -26.87303 -26.87304 -26.87305
 -26.90634 -26.90634 -26.90634 -26.90635 -26.90636
 -26.93914 -26.93914 -26.93914 -26.93915 -26.93916
 -26.97111 -26.97111 -26.97112 -26.97112 -26.97113
 -27.00199 -27.00199 -27.00199 -27.00199 -27.00200
 -27.03135 -27.03135 -27.03135 -27.03135 -27.03135
 -27.05872 -27.05872 -27.05872 -27.05872 -27.05873
================================================================================
 -24.40042 -24.40042 -24.40042 -24.40042 -24.40042
 -24.44876 -24.44876 -24.44876 -24.44876 -24.44876
 -24.49719 -24.49719 -24.49719 -24.49719 -24.49719
 -24.54574 -24.54574 -24.54574 -24.54574 -24.54574
 -24.59441 -24.59441 -24.59441 -24.59441 -24.59441
 -24.64325 -24.64325 -24.64325 -24.64325 -24.64325
 -24.69226 -24.69226 -24.69226 -24.69226 -24.69226
 -24.74150 -24.74150 -24.74150 -24.74150 -24.74150
 -24.79098 -24.79098 -24.79098 -24.79098 -24.79098
 -24.84074 -24.84074 -24.84074 -24.84074 -24.84074
 -24.89083 -24.89083 -24.89083 -24.89083 -24.89083
 -24.94128 -24.94128 -24.94128 -24.94128 -24.94128
 -24.99212 -24.99212 -24.99212 -24.99212 -24.99212
 -25.04339 -25.04339 -25.04339 -25.04339 -25.04339
 -25.09514 -25.09514 -25.09514 -25.09514 -25.09514
 -25.14739 -25.14739 -25.14739 -25.14739 -25.14739
 -25.20019 -25.20019 -25.20019 -25.20019 -25.20019
 -25.25359 -25.25359 -25.25359 -25.25359 -25.25359
 -25.30761 -25.30761 -25.30761 -25.30761 -25.30761
 -25.36232 -25.36232 -25.36232 -25.36232 -25.36232
 -25.41775 -25.41775 -25.41775 -25.41775 -25.41775
 -25.47394 -25.47394 -25.47394 -25.47394 -25.47394
 -25.53092 -25.53092 -25.53092 -25.53092 -25.53092
 -25.58872 -25.58872 -25.58872 -25.58872 -25.58872
 -25.64735 -25.64735 -25.64735 -25.64735 -25.64735
 -25.70684 -25.70684 -25.70684 -25.70684 -25.70684
 -25.76718 -25.76718 -25.76718 -25.76718 -25.76718
 -25.82834 -25.82834 -25.82834 -25.82834 -25.82834
 -25.89028 -25.89028 -25.89028 -25.89028 -25.89028
 -25.95288 -25.95288 -25.95288 -25.95288 -25.95288
 -26.01575 -26.01575 -26.01575 -26.01575 -26.01575
 -26.07789 -26.07789 -26.07789 -26.07789 -26.07789
 -26.13749 -26.13749 -26.13749 -26.13749 -26.13750
 -26.19250 -26.19250 -26.19250 -26.19250 -26.19250
 -26.24198 -26.24198 -26.24198 -26.24198 -26.24199
 -26.28682 -26.28682 -26.28682 -26.28683 -26.28683
 -26.32952 -26.32952 -26.32953 -26.32953 -26.32953
 -26.37284 -26.37285 -26.37285 -26.37285 -26.37286
 -26.41878 -26.41878 -26.41878 -26.41879 -26.41879
 -26.46809 -26.46809 -26.46810 -26.46810 -26.46811
 -26.52053 -26.52053 -26.52053 -26.52054 -26.52055
 -26.57517 -26.57517 -26.57517 -26.57518 -26.57518
 -26.63071 -26.63071 -26.63072 -26.63072 -26.63073
 -26.68590 -26.68590 -26.68590 -26.68590 -26.68591
 -26.73956 -26.73956 -26.73956 -26.73956 -26.73957
 -26.79080 -26.79080 -26.79080 -26.79080 -26.79080
 -26.83901 -26.83901 -26.83901 -26.83901 -26.83902
 -26.88389 -26.88389 -26.88389 -26.88389 -26.88389
 -26.92540 -26.92540 -26.92540 -26.92540 -26.92540
 -26.96437 -26.96437 -26.96437 -26.96437 -26.96437
================================================================================
 -24.29286 -24.29286 -24.29286 -24.29286 -24.29286
 -24.34113 -24.34113 -24.34113 -24.34113 -24.34113
 -24.38946 -24.38946 -24.38946 -24.38946 -24.38946
 -24.43788 -24.43788 -24.43788 -24.43788 -24.43788
 -24.48641 -24.48641 -24.48641 -24.48641 -24.48641
 -24.53506 -24.53506 -24.53506 -24.53506 -24.53506
 -24.58386 -24.58386 -24.58386 -24.58386 -24.58386
 -24.63284 -24.63284 -24.63284 -24.63284 -24.63284
 -24.68201 -24.68201 -24.68201 -24.68201 -24.68201
 -24.73142 -24.73142 -24.73142 -24.73142 -24.73142
 -24.78109 -24.78109 -24.78109 -24.78109 -24.78109
 -24.83105 -24.83105 -24.83105 -24.83105 -24.83105
 -24.88134 -24.88134 -24.88134 -24.88134 -24.88134
 -24.93198 -24.93198 -24.93198 -24.93198 -24.93198
 -24.98301 -24.98301 -24.98301 -24.98301 -24.98301
 -25.03446 -25.03446 -25.03446 -25.03446 -25.03446
 -25.08636 -25.08636 -25.08636 -25.08636 -25.08636
 -25.13875 -25.13875 -25.13875 -25.13875 -25.13875
 -25.19167 -25.19167 -25.19167 -25.19167 -25.19167
 -25.24516 -25.24516 -25.24516 -25.24516 -25.24516
 -25.29924 -25.29924 -25.29924 -25.29924 -25.29924
 -25.35398 -25.35398 -25.35398 -25.35398 -25.35398
 -25.40939 -25.40939 -25.40939 -25.40939 -25.40939
 -25.46552 -25.46552 -25.46552 -25.46552 -25.46552
 -25.52240 -25.52240 -25.52240 -25.52240 -25.52240
 -25.58004 -25.58004 -25.58004 -25.58004 -25.58004
 -25.63849 -25.63849 -25.63849 -25.63849 -25.63849
 -25.69774 -25.69774 -25.69774 -25.69774 -25.69774
 -25.75780 -25.75780 -25.75780 -25.75780 -25.75780
 -25.81866 -25.81866 -25.81866 -25.81866 -25.81866
 -25.88031 -25.88031 -25.88031 -25.88031 -25.88031
 -25.94271 -25.94271 -25.94271 -25.94271 -25.94271
 -26.00579 -26.00579 -26.00579 -26.00579 -26.00579
 -26.06946 -26.06946 -26.06946 -26.06946 -26.06946
 -26.13364 -26.13364 -26.13364 -26.13364 -26.13364
 -26.19811 -26.19811 -26.19811 -26.19811 -26.19811
 -26.26262 -26.26262 -26.26262 -26.26262 -26.26262
 -26.32687 -26.32687 -26.32687 -26.32687 -26.32687
 -26.39049 -26.39049 -26.39049 -26.39049 -26.39049
 -26.45309 -26.45309 -26.45309 -26.45309 -26.45309
 -26.51424 -26.51424 -26.51424 -26.51424 -26.51424
 -26.57343 -26.57343 -26.57343 -26.57343 -26.57343
 -26.63027 -26.63027 -26.63027 -26.63027 -26.63027
 -26.68433 -26.68433 -26.68433 -26.68433 -26.68433
 -26.73535 -26.73535 -26.73535 -26.73535 -26.73535
 -26.78309 -26.78309 -26.78309 -26.78309 -26.78309
 -26.82745 -26.82745 -26.82745 -26.82745 -26.82745
 -26.86847 -26.86847 -26.86847 -26.86847 -26.86847
 -26.90628 -26.90628 -26.90628 -26.90628 -26.90628
 -26.94231 -26.94231 -26.94231 -26.94231 -26.94231
