   28    5   50    1   28 F: Be 50. Si3N4 0.055 Si 0.7 A:Si 3. 200. 380.       
================================================================================
  11.00000  12.00000  13.00000  14.00000  15.00000
   0.00000   0.09590   0.19179   0.28769   0.38359   0.47949   0.57538   0.67128
   0.76718   0.86308   0.95897   1.05487   1.15077   1.24667   1.34256   1.43846
   1.53436   1.63025   1.72615   1.82205   1.91795   2.01384   2.10974   2.20564
   2.30154   2.39743   2.49333   2.58923   2.68513   2.78102   2.87692   2.97282
   3.06872   3.16461   3.26051   3.35641   3.45230   3.54820   3.64410   3.74000
   3.83589   3.93179   4.02769   4.12359   4.21948   4.31538   4.41128   4.50718
   4.60307   4.69897
================================================================================
 -59.99993 -59.99995 -59.99996 -59.99997 -59.99998
 -59.99963 -59.99973 -59.99981 -59.99986 -59.99990
 -59.99860 -59.99900 -59.99929 -59.99949 -59.99964
 -59.99607 -59.99722 -59.99805 -59.99862 -59.99903
 -59.99123 -59.99388 -59.99576 -59.99706 -59.99795
 -59.98382 -59.98884 -59.99240 -59.99482 -59.99644
 -59.97456 -59.98262 -59.98833 -59.99217 -59.99471
 -59.96504 -59.97628 -59.98426 -59.98959 -59.99307
 -59.95707 -59.97100 -59.98095 -59.98756 -59.99182
 -59.95195 -59.96766 -59.97892 -59.98639 -59.99115
 -59.95016 -59.96656 -59.97834 -59.98614 -59.99109
 -59.95145 -59.96750 -59.97907 -59.98671 -59.99153
 -59.22199 -59.22471 -59.22663 -59.22787 -59.22864
 -54.86980 -54.86980 -54.86981 -54.86982 -54.86982
 -51.16364 -51.16365 -51.16374 -51.16384 -51.16384
 -48.01383 -48.01391 -48.01425 -48.01469 -48.01469
 -45.33785 -45.33803 -45.33885 -45.33987 -45.33987
 -43.06521 -43.06550 -43.06676 -43.06676 -43.06835
 -41.13567 -41.13602 -41.13656 -41.13750 -41.13936
 -39.49719 -39.49775 -39.49828 -39.49921 -39.50103
 -38.10575 -38.10625 -38.10672 -38.10754 -38.10914
 -36.92365 -36.92406 -36.92445 -36.92513 -36.92646
 -35.91968 -35.92001 -35.92032 -35.92087 -35.92194
 -35.06778 -35.06803 -35.06828 -35.06870 -35.06954
 -34.34513 -34.34533 -34.34552 -34.34585 -34.34649
 -33.73121 -33.73136 -33.73151 -33.73176 -33.73225
 -33.20757 -33.20769 -33.20779 -33.20798 -33.20835
 -32.75824 -32.75832 -32.75841 -32.75855 -32.75882
 -32.37012 -32.37015 -32.37025 -32.37035 -32.37056
 -32.03285 -32.03288 -32.03295 -32.03303 -32.03318
 -31.73839 -31.73841 -31.73847 -31.73852 -31.73864
 -31.48053 -31.48054 -31.48058 -31.48062 -31.48070
 -31.25429 -31.25430 -31.25433 -31.25436 -31.25442
 -31.05576 -31.05576 -31.05579 -31.05581 -31.05585
 -30.88168 -30.88169 -30.88170 -30.88172 -30.88175
 -30.72942 -30.72943 -30.72943 -30.72945 -30.72948
 -30.59681 -30.59682 -30.59682 -30.59683 -30.59685
 -30.48199 -30.48199 -30.48199 -30.48200 -30.48200
 -30.38337 -30.38337 -30.38337 -30.38338 -30.38338
 -30.29952 -30.29953 -30.29953 -30.29953 -30.29953
 -30.22913 -30.22913 -30.22913 -30.22913 -30.22914
 -30.17093 -30.17093 -30.17093 -30.17094 -30.17094
 -30.12373 -30.12373 -30.12373 -30.12373 -30.12373
 -30.08638 -30.08638 -30.08638 -30.08638 -30.08638
 -30.05781 -30.05781 -30.05781 -30.05781 -30.05781
 -30.03701 -30.03701 -30.03701 -30.03701 -30.03701
 -30.02306 -30.02306 -30.02306 -30.02306 -30.02306
 -30.01514 -30.01514 -30.01514 -30.01514 -30.01514
 -30.01248 -30.01249 -30.01249 -30.01249 -30.01249
 -30.01445 -30.01445 -30.01445 -30.01445 -30.01445
================================================================================
 -59.99999 -60.00000 -60.00000 -60.00000 -60.00000
 -59.99992 -59.99994 -59.99996 -59.99997 -59.99998
 -59.99937 -59.99954 -59.99966 -59.99975 -59.99982
 -59.99693 -59.99774 -59.99835 -59.99880 -59.99913
 -59.98949 -59.99221 -59.99430 -59.99588 -59.99704
 -59.97270 -59.97951 -59.98493 -59.98914 -59.99228
 -59.94299 -59.95640 -59.96765 -59.97674 -59.98365
 -59.90060 -59.92222 -59.94156 -59.95796 -59.97074
 -59.85107 -59.88075 -59.90905 -59.93430 -59.95458
 -59.80311 -59.83915 -59.87551 -59.90947 -59.93761
 -59.76461 -59.80465 -59.84690 -59.88791 -59.92282
 -59.74011 -59.78186 -59.82744 -59.87297 -59.91257
 -58.46599 -58.46815 -58.47035 -58.47236 -58.47398
 -54.11452 -54.11452 -54.11453 -54.11456 -54.11459
 -50.40499 -50.40504 -50.40515 -50.40540 -50.40568
 -47.24858 -47.24882 -47.24928 -47.25035 -47.25152
 -44.56320 -44.56394 -44.56500 -44.56746 -44.57016
 -42.28313 -42.28426 -42.28589 -42.28966 -42.29378
 -40.35135 -40.35268 -40.35460 -40.35631 -40.36388
 -38.71589 -38.71723 -38.71914 -38.72084 -38.72837
 -37.33038 -37.33159 -37.33334 -37.33488 -37.34169
 -36.15589 -36.15693 -36.15843 -36.15975 -36.16556
 -35.16029 -35.16078 -35.16240 -35.16350 -35.16526
 -34.31718 -34.31772 -34.31845 -34.31994 -34.32137
 -33.60380 -33.60423 -33.60481 -33.60601 -33.60715
 -32.99929 -32.99964 -33.00010 -33.00104 -33.00195
 -32.48508 -32.48535 -32.48571 -32.48646 -32.48717
 -32.04499 -32.04521 -32.04549 -32.04608 -32.04664
 -31.66599 -31.66616 -31.66638 -31.66684 -31.66728
 -31.33769 -31.33784 -31.33801 -31.33837 -31.33870
 -31.05185 -31.05193 -31.05211 -31.05238 -31.05264
 -30.80242 -30.80248 -30.80260 -30.80280 -30.80300
 -30.58404 -30.58409 -30.58419 -30.58425 -30.58450
 -30.39302 -30.39305 -30.39313 -30.39317 -30.39336
 -30.22590 -30.22593 -30.22596 -30.22602 -30.22617
 -30.08010 -30.08012 -30.08015 -30.08020 -30.08031
 -29.95347 -29.95349 -29.95351 -29.95354 -29.95362
 -29.84404 -29.84405 -29.84407 -29.84409 -29.84415
 -29.75030 -29.75030 -29.75032 -29.75034 -29.75038
 -29.67083 -29.67084 -29.67085 -29.67086 -29.67088
 -29.60435 -29.60435 -29.60436 -29.60437 -29.60438
 -29.54961 -29.54961 -29.54962 -29.54962 -29.54963
 -29.50544 -29.50544 -29.50545 -29.50545 -29.50546
 -29.47074 -29.47074 -29.47074 -29.47075 -29.47075
 -29.44446 -29.44446 -29.44446 -29.44446 -29.44446
 -29.42562 -29.42562 -29.42563 -29.42563 -29.42563
 -29.41336 -29.41336 -29.41336 -29.41336 -29.41336
 -29.40685 -29.40685 -29.40685 -29.40685 -29.40685
 -29.40539 -29.40539 -29.40539 -29.40539 -29.40539
 -29.40834 -29.40834 -29.40834 -29.40834 -29.40834
================================================================================
 -60.00000 -60.00000 -60.00000 -60.00000 -60.00000
 -59.99999 -59.99999 -59.99999 -60.00000 -60.00000
 -59.99984 -59.99989 -59.99992 -59.99994 -59.99996
 -59.99862 -59.99898 -59.99925 -59.99945 -59.99960
 -59.99244 -59.99432 -59.99577 -59.99689 -59.99773
 -59.97171 -59.97832 -59.98356 -59.98774 -59.99104
 -59.92305 -59.93915 -59.95255 -59.96387 -59.97337
 -59.84054 -59.86900 -59.89425 -59.91722 -59.93799
 -59.73560 -59.77472 -59.81171 -59.84809 -59.88364
 -59.62983 -59.67527 -59.72064 -59.76837 -59.81837
 -59.54105 -59.58891 -59.63874 -59.69399 -59.75512
 -59.47804 -59.52587 -59.57722 -59.63640 -59.70456
 -58.05987 -58.06171 -58.06351 -58.06540 -58.06733
 -53.70752 -53.70753 -53.70754 -53.70757 -53.70763
 -49.99007 -49.99019 -49.99031 -49.99056 -49.99116
 -46.81649 -46.81681 -46.81750 -46.81851 -46.82093
 -44.11032 -44.11103 -44.11256 -44.11478 -44.12008
 -41.81596 -41.81703 -41.81930 -41.82260 -41.82557
 -39.87945 -39.88098 -39.88362 -39.88748 -39.89093
 -38.24665 -38.24819 -38.25086 -38.25475 -38.25822
 -36.86699 -36.86842 -36.87089 -36.87448 -36.87768
 -35.69923 -35.70049 -35.70173 -35.70581 -35.70860
 -34.70996 -34.71068 -34.71210 -34.71400 -34.71795
 -33.87288 -33.87361 -33.87479 -33.87638 -33.87966
 -33.16500 -33.16560 -33.16657 -33.16787 -33.17056
 -32.56557 -32.56606 -32.56685 -32.56790 -32.57008
 -32.05609 -32.05648 -32.05712 -32.05796 -32.05971
 -31.62026 -31.62057 -31.62109 -31.62177 -31.62318
 -31.24536 -31.24557 -31.24607 -31.24662 -31.24775
 -30.92132 -30.92149 -30.92174 -30.92231 -30.92320
 -30.63955 -30.63969 -30.63989 -30.64034 -30.64105
 -30.39448 -30.39458 -30.39473 -30.39507 -30.39529
 -30.18020 -30.18029 -30.18041 -30.18057 -30.18086
 -29.99349 -29.99356 -29.99366 -29.99378 -29.99401
 -29.83060 -29.83064 -29.83073 -29.83082 -29.83100
 -29.68899 -29.68902 -29.68909 -29.68917 -29.68931
 -29.56656 -29.56659 -29.56662 -29.56669 -29.56679
 -29.46105 -29.46107 -29.46110 -29.46115 -29.46123
 -29.37102 -29.37104 -29.37106 -29.37110 -29.37116
 -29.29504 -29.29505 -29.29506 -29.29510 -29.29514
 -29.23176 -29.23177 -29.23178 -29.23181 -29.23184
 -29.17994 -29.17995 -29.17996 -29.17997 -29.18000
 -29.13841 -29.13841 -29.13842 -29.13843 -29.13845
 -29.10604 -29.10605 -29.10605 -29.10606 -29.10607
 -29.08181 -29.08181 -29.08182 -29.08182 -29.08183
 -29.06477 -29.06477 -29.06477 -29.06477 -29.06478
 -29.05403 -29.05404 -29.05404 -29.05404 -29.05404
 -29.04884 -29.04884 -29.04884 -29.04884 -29.04884
 -29.04849 -29.04849 -29.04849 -29.04849 -29.04849
 -29.05236 -29.05236 -29.05236 -29.05236 -29.05236
================================================================================
 -60.00000 -60.00000 -60.00000 -60.00000 -60.00000
 -60.00000 -60.00000 -60.00000 -60.00000 -60.00000
 -60.00000 -60.00000 -60.00000 -60.00000 -60.00000
 -59.99996 -59.99997 -59.99998 -59.99998 -59.99999
 -59.99945 -59.99959 -59.99970 -59.99978 -59.99984
 -59.99569 -59.99676 -59.99759 -59.99822 -59.99869
 -59.97877 -59.98384 -59.98778 -59.99083 -59.99319
 -59.92925 -59.94458 -59.95691 -59.96679 -59.97477
 -59.83140 -59.86242 -59.88859 -59.91078 -59.93003
 -59.69501 -59.74014 -59.78015 -59.81636 -59.85045
 -59.55002 -59.60276 -59.65134 -59.69785 -59.74511
 -59.42274 -59.47737 -59.52900 -59.58060 -59.63629
 -57.79249 -57.79396 -57.79522 -57.79638 -57.79753
 -53.43135 -53.43137 -53.43138 -53.43143 -53.43150
 -49.69277 -49.69288 -49.69305 -49.69344 -49.69410
 -46.48231 -46.48271 -46.48334 -46.48481 -46.48576
 -43.74564 -43.74648 -43.74777 -43.75077 -43.75271
 -41.43977 -41.44117 -41.44305 -41.44545 -41.45015
 -39.50703 -39.50822 -39.51090 -39.51372 -39.51924
 -37.88502 -37.88626 -37.88903 -37.89195 -37.89764
 -36.51776 -36.51894 -36.52069 -36.52438 -36.52978
 -35.36138 -35.36262 -35.36420 -35.36753 -35.37239
 -34.38165 -34.38274 -34.38412 -34.38704 -34.39128
 -33.55269 -33.55337 -33.55481 -33.55729 -33.56089
 -32.85125 -32.85182 -32.85302 -32.85510 -32.85809
 -32.25704 -32.25751 -32.25850 -32.26021 -32.26268
 -31.75182 -31.75221 -31.75302 -31.75381 -31.75642
 -31.31926 -31.31957 -31.32002 -31.32089 -31.32207
 -30.94725 -30.94742 -30.94787 -30.94858 -30.94954
 -30.62591 -30.62605 -30.62640 -30.62697 -30.62773
 -30.34645 -30.34657 -30.34685 -30.34732 -30.34793
 -30.10395 -30.10404 -30.10426 -30.10461 -30.10509
 -29.89185 -29.89192 -29.89210 -29.89239 -29.89278
 -29.70760 -29.70764 -29.70776 -29.70803 -29.70834
 -29.54712 -29.54715 -29.54725 -29.54739 -29.54771
 -29.40805 -29.40808 -29.40815 -29.40827 -29.40853
 -29.28840 -29.28842 -29.28847 -29.28856 -29.28875
 -29.18554 -29.18554 -29.18559 -29.18566 -29.18581
 -29.09815 -29.09815 -29.09819 -29.09825 -29.09831
 -29.02476 -29.02476 -29.02478 -29.02483 -29.02488
 -28.96398 -28.96398 -28.96400 -28.96403 -28.96407
 -28.91452 -28.91452 -28.91453 -28.91455 -28.91459
 -28.87517 -28.87517 -28.87518 -28.87520 -28.87522
 -28.84480 -28.84480 -28.84481 -28.84482 -28.84484
 -28.82236 -28.82236 -28.82236 -28.82237 -28.82239
 -28.80689 -28.80689 -28.80690 -28.80690 -28.80691
 -28.79755 -28.79755 -28.79755 -28.79755 -28.79756
 -28.79354 -28.79354 -28.79355 -28.79355 -28.79355
 -28.79421 -28.79421 -28.79421 -28.79421 -28.79421
 -28.79894 -28.79894 -28.79894 -28.79894 -28.79894
================================================================================
 -60.00000 -60.00000 -60.00000 -60.00000 -60.00000
 -60.00000 -60.00000 -60.00000 -60.00000 -60.00000
 -60.00000 -60.00000 -60.00000 -60.00000 -60.00000
 -60.00000 -60.00000 -60.00000 -60.00000 -60.00000
 -59.99997 -59.99998 -59.99998 -59.99999 -59.99999
 -59.99946 -59.99960 -59.99970 -59.99978 -59.99984
 -59.99523 -59.99641 -59.99732 -59.99801 -59.99853
 -59.97432 -59.98038 -59.98514 -59.98881 -59.99163
 -59.90987 -59.92910 -59.94471 -59.95715 -59.96703
 -59.78255 -59.82133 -59.85437 -59.88208 -59.90540
 -59.61141 -59.66598 -59.71461 -59.75757 -59.79622
 -59.43696 -59.49855 -59.55487 -59.60655 -59.65578
 -57.59148 -57.59265 -57.59359 -57.59437 -57.59506
 -53.20632 -53.20633 -53.20636 -53.20641 -53.20648
 -49.40782 -49.40791 -49.40813 -49.40834 -49.40911
 -46.13527 -46.13559 -46.13604 -46.13697 -46.13826
 -43.37421 -43.37463 -43.37571 -43.37749 -43.37998
 -41.07462 -41.07524 -41.07682 -41.07943 -41.08303
 -39.16135 -39.16212 -39.16406 -39.16727 -39.17168
 -37.56216 -37.56300 -37.56512 -37.56862 -37.57341
 -36.21605 -36.21690 -36.21903 -36.22253 -36.22731
 -35.07777 -35.07826 -35.07992 -35.08388 -35.08836
 -34.11214 -34.11259 -34.11409 -34.11642 -34.12172
 -33.29447 -33.29486 -33.29618 -33.29822 -33.30284
 -32.60177 -32.60210 -32.60323 -32.60498 -32.60892
 -32.01432 -32.01445 -32.01555 -32.01702 -32.01886
 -31.51431 -31.51442 -31.51533 -31.51654 -31.51807
 -31.08544 -31.08553 -31.08608 -31.08730 -31.08856
 -30.71634 -30.71641 -30.71686 -30.71787 -30.71892
 -30.39754 -30.39754 -30.39796 -30.39850 -30.39961
 -30.11994 -30.11994 -30.12029 -30.12073 -30.12165
 -29.87945 -29.87945 -29.87972 -29.88007 -29.88078
 -29.66873 -29.66873 -29.66889 -29.66924 -29.66983
 -29.48611 -29.48611 -29.48624 -29.48651 -29.48698
 -29.32711 -29.32711 -29.32722 -29.32744 -29.32782
 -29.18963 -29.18963 -29.18971 -29.18989 -29.19006
 -29.07184 -29.07184 -29.07190 -29.07199 -29.07216
 -28.97072 -28.97072 -28.97075 -28.97084 -28.97098
 -28.88515 -28.88515 -28.88518 -28.88525 -28.88536
 -28.81362 -28.81362 -28.81364 -28.81370 -28.81378
 -28.75472 -28.75472 -28.75473 -28.75477 -28.75484
 -28.70710 -28.70710 -28.70711 -28.70714 -28.70719
 -28.66951 -28.66951 -28.66952 -28.66954 -28.66959
 -28.64080 -28.64080 -28.64080 -28.64082 -28.64084
 -28.61988 -28.61988 -28.61988 -28.61989 -28.61991
 -28.60579 -28.60579 -28.60579 -28.60579 -28.60581
 -28.59766 -28.59766 -28.59766 -28.59766 -28.59767
 -28.59473 -28.59473 -28.59473 -28.59473 -28.59474
 -28.59631 -28.59631 -28.59631 -28.59632 -28.59632
 -28.60182 -28.60182 -28.60182 -28.60182 -28.60182
================================================================================
 -60.00000 -60.00000 -60.00000 -60.00000 -60.00000
 -60.00000 -60.00000 -60.00000 -60.00000 -60.00000
 -60.00000 -60.00000 -60.00000 -60.00000 -60.00000
 -60.00000 -60.00000 -60.00000 -60.00000 -60.00000
 -60.00000 -60.00000 -60.00000 -60.00000 -60.00000
 -59.99994 -59.99995 -59.99996 -59.99997 -59.99998
 -59.99897 -59.99922 -59.99941 -59.99956 -59.99968
 -59.99103 -59.99315 -59.99481 -59.99609 -59.99707
 -59.95303 -59.96334 -59.97161 -59.97811 -59.98317
 -59.84450 -59.87373 -59.89824 -59.91831 -59.93460
 -59.65662 -59.70714 -59.75179 -59.79036 -59.82359
 -59.43794 -59.50052 -59.55771 -59.60909 -59.65568
 -57.39460 -57.39548 -57.39618 -57.39674 -57.39721
 -52.84758 -52.84759 -52.84760 -52.84763 -52.84770
 -48.87596 -48.87598 -48.87607 -48.87621 -48.87656
 -45.55702 -45.55706 -45.55735 -45.55775 -45.55873
 -42.83153 -42.83160 -42.83221 -42.83305 -42.83416
 -40.59318 -40.59330 -40.59405 -40.59575 -40.59758
 -38.74200 -38.74217 -38.74323 -38.74563 -38.74821
 -37.19745 -37.19766 -37.19897 -37.20092 -37.20512
 -35.89592 -35.89592 -35.89762 -35.89978 -35.90442
 -34.79265 -34.79265 -34.79439 -34.79660 -34.80132
 -33.85340 -33.85340 -33.85462 -33.85721 -33.86175
 -33.05594 -33.05594 -33.05706 -33.05943 -33.06358
 -32.37841 -32.37841 -32.37941 -32.38151 -32.38518
 -31.80238 -31.80238 -31.80324 -31.80506 -31.80685
 -31.31094 -31.31094 -31.31167 -31.31269 -31.31472
 -30.88805 -30.88805 -30.88847 -30.88952 -30.89124
 -30.52347 -30.52347 -30.52382 -30.52471 -30.52614
 -30.20837 -30.20837 -30.20865 -30.20937 -30.21054
 -29.93329 -29.93329 -29.93353 -29.93412 -29.93509
 -29.69529 -29.69529 -29.69548 -29.69594 -29.69670
 -29.48600 -29.48600 -29.48609 -29.48642 -29.48718
 -29.30496 -29.30496 -29.30504 -29.30530 -29.30569
 -29.14720 -29.14720 -29.14726 -29.14747 -29.14780
 -29.01096 -29.01096 -29.01101 -29.01118 -29.01145
 -28.89469 -28.89469 -28.89470 -28.89485 -28.89505
 -28.79485 -28.79485 -28.79486 -28.79498 -28.79514
 -28.71062 -28.71062 -28.71063 -28.71070 -28.71085
 -28.64049 -28.64049 -28.64049 -28.64055 -28.64067
 -28.58302 -28.58302 -28.58302 -28.58307 -28.58313
 -28.53684 -28.53684 -28.53684 -28.53688 -28.53693
 -28.50069 -28.50069 -28.50069 -28.50071 -28.50075
 -28.47334 -28.47334 -28.47334 -28.47335 -28.47339
 -28.45371 -28.45371 -28.45371 -28.45372 -28.45374
 -28.44080 -28.44080 -28.44080 -28.44081 -28.44083
 -28.43374 -28.43374 -28.43374 -28.43375 -28.43376
 -28.43177 -28.43177 -28.43177 -28.43177 -28.43178
 -28.43419 -28.43419 -28.43419 -28.43419 -28.43420
 -28.44041 -28.44041 -28.44041 -28.44041 -28.44041
================================================================================
 -60.00000 -60.00000 -60.00000 -60.00000 -60.00000
 -60.00000 -60.00000 -60.00000 -60.00000 -60.00000
 -60.00000 -60.00000 -60.00000 -60.00000 -60.00000
 -60.00000 -60.00000 -60.00000 -60.00000 -60.00000
 -60.00000 -60.00000 -60.00000 -60.00000 -60.00000
 -59.99999 -59.99999 -60.00000 -60.00000 -60.00000
 -59.99981 -59.99985 -59.99989 -59.99992 -59.99994
 -59.99741 -59.99803 -59.99852 -59.99890 -59.99919
 -59.98064 -59.98520 -59.98885 -59.99169 -59.99385
 -59.91392 -59.93287 -59.94849 -59.96097 -59.97071
 -59.76098 -59.80599 -59.84535 -59.87854 -59.90569
 -59.54480 -59.61314 -59.67639 -59.73287 -59.78184
 -57.04722 -57.04760 -57.04791 -57.04815 -57.04834
 -52.24283 -52.24283 -52.24284 -52.24285 -52.24288
 -48.22860 -48.22860 -48.22862 -48.22868 -48.22879
 -44.96242 -44.96242 -44.96250 -44.96269 -44.96303
 -42.30797 -42.30797 -42.30818 -42.30863 -42.30910
 -40.13843 -40.13843 -40.13884 -40.13973 -40.14064
 -38.34846 -38.34846 -38.34913 -38.35008 -38.35204
 -36.85635 -36.85635 -36.85699 -36.85862 -36.86133
 -35.59816 -35.59816 -35.59895 -35.60094 -35.60426
 -34.52979 -34.52979 -34.53066 -34.53287 -34.53653
 -33.61763 -33.61763 -33.61853 -33.62080 -33.62453
 -32.84135 -32.84135 -32.84188 -32.84440 -32.84799
 -32.18007 -32.18007 -32.18056 -32.18222 -32.18478
 -31.61645 -31.61645 -31.61688 -31.61835 -31.62063
 -31.13445 -31.13445 -31.13482 -31.13610 -31.13806
 -30.71824 -30.71824 -30.71856 -30.71966 -30.72134
 -30.35873 -30.35873 -30.35885 -30.35993 -30.36135
 -30.04771 -30.04771 -30.04781 -30.04845 -30.04988
 -29.77537 -29.77537 -29.77546 -29.77599 -29.77718
 -29.53999 -29.53999 -29.54005 -29.54048 -29.54142
 -29.33209 -29.33209 -29.33209 -29.33251 -29.33303
 -29.15254 -29.15254 -29.15254 -29.15287 -29.15329
 -28.99582 -28.99582 -28.99582 -28.99609 -28.99644
 -28.86057 -28.86057 -28.86057 -28.86073 -28.86107
 -28.74552 -28.74552 -28.74552 -28.74564 -28.74590
 -28.64662 -28.64662 -28.64662 -28.64672 -28.64692
 -28.56336 -28.56336 -28.56336 -28.56344 -28.56355
 -28.49425 -28.49425 -28.49425 -28.49431 -28.49440
 -28.43785 -28.43785 -28.43785 -28.43788 -28.43797
 -28.39278 -28.39278 -28.39278 -28.39280 -28.39287
 -28.35773 -28.35773 -28.35773 -28.35775 -28.35780
 -28.33148 -28.33148 -28.33148 -28.33150 -28.33154
 -28.31290 -28.31290 -28.31290 -28.31291 -28.31294
 -28.30099 -28.30099 -28.30099 -28.30100 -28.30101
 -28.29485 -28.29485 -28.29485 -28.29486 -28.29487
 -28.29371 -28.29371 -28.29371 -28.29371 -28.29372
 -28.29687 -28.29687 -28.29687 -28.29687 -28.29688
 -28.30373 -28.30373 -28.30373 -28.30373 -28.30373
================================================================================
 -60.00000 -60.00000 -60.00000 -60.00000 -60.00000
 -60.00000 -60.00000 -60.00000 -60.00000 -60.00000
 -60.00000 -60.00000 -60.00000 -60.00000 -60.00000
 -60.00000 -60.00000 -60.00000 -60.00000 -60.00000
 -60.00000 -60.00000 -60.00000 -60.00000 -60.00000
 -60.00000 -60.00000 -60.00000 -60.00000 -60.00000
 -59.99996 -59.99997 -59.99998 -59.99998 -59.99999
 -59.99925 -59.99943 -59.99957 -59.99968 -59.99976
 -59.99197 -59.99386 -59.99537 -59.99655 -59.99745
 -59.95134 -59.96230 -59.97127 -59.97840 -59.98392
 -59.82590 -59.86066 -59.89064 -59.91557 -59.93566
 -59.60662 -59.66984 -59.72819 -59.77997 -59.82435
 -56.20600 -56.20605 -56.20609 -56.20612 -56.20615
 -51.35700 -51.35700 -51.35700 -51.35700 -51.35701
 -47.44052 -47.44052 -47.44053 -47.44054 -47.44057
 -44.28123 -44.28123 -44.28125 -44.28130 -44.28140
 -41.72297 -41.72297 -41.72301 -41.72315 -41.72349
 -39.63742 -39.63742 -39.63751 -39.63783 -39.63834
 -37.92004 -37.92004 -37.92022 -37.92083 -37.92181
 -36.48999 -36.48999 -36.49028 -36.49126 -36.49282
 -35.28372 -35.28372 -35.28411 -35.28548 -35.28762
 -34.25781 -34.25781 -34.25803 -34.25995 -34.26256
 -33.37922 -33.37922 -33.37947 -33.38100 -33.38447
 -32.62945 -32.62945 -32.62970 -32.63127 -32.63482
 -31.98867 -31.98867 -31.98892 -31.99043 -31.99267
 -31.44082 -31.44082 -31.44082 -31.44245 -31.44451
 -30.97090 -30.97090 -30.97090 -30.97234 -30.97417
 -30.56336 -30.56336 -30.56336 -30.56428 -30.56624
 -30.21045 -30.21045 -30.21045 -30.21124 -30.21292
 -29.90474 -29.90474 -29.90474 -29.90540 -29.90680
 -29.63600 -29.63600 -29.63600 -29.63656 -29.63774
 -29.40394 -29.40394 -29.40394 -29.40438 -29.40501
 -29.19784 -29.19784 -29.19784 -29.19809 -29.19874
 -29.02006 -29.02006 -29.02006 -29.02027 -29.02079
 -28.86452 -28.86452 -28.86452 -28.86469 -28.86512
 -28.73030 -28.73030 -28.73030 -28.73044 -28.73079
 -28.61648 -28.61648 -28.61648 -28.61659 -28.61686
 -28.51842 -28.51842 -28.51842 -28.51847 -28.51865
 -28.43598 -28.43598 -28.43598 -28.43603 -28.43617
 -28.36771 -28.36771 -28.36771 -28.36774 -28.36786
 -28.31217 -28.31217 -28.31217 -28.31220 -28.31229
 -28.26799 -28.26799 -28.26799 -28.26800 -28.26808
 -28.23385 -28.23385 -28.23385 -28.23386 -28.23392
 -28.20850 -28.20850 -28.20850 -28.20851 -28.20854
 -28.19080 -28.19080 -28.19080 -28.19080 -28.19083
 -28.17972 -28.17972 -28.17972 -28.17973 -28.17975
 -28.17438 -28.17438 -28.17438 -28.17438 -28.17439
 -28.17396 -28.17396 -28.17396 -28.17396 -28.17397
 -28.17778 -28.17778 -28.17778 -28.17778 -28.17778
 -28.18520 -28.18520 -28.18520 -28.18520 -28.18520
================================================================================
 -60.00000 -60.00000 -60.00000 -60.00000 -60.00000
 -60.00000 -60.00000 -60.00000 -60.00000 -60.00000
 -60.00000 -60.00000 -60.00000 -60.00000 -60.00000
 -60.00000 -60.00000 -60.00000 -60.00000 -60.00000
 -60.00000 -60.00000 -60.00000 -60.00000 -60.00000
 -60.00000 -60.00000 -60.00000 -60.00000 -60.00000
 -60.00000 -60.00000 -60.00000 -60.00000 -60.00000
 -59.99992 -59.99994 -59.99995 -59.99996 -59.99997
 -59.99844 -59.99880 -59.99909 -59.99932 -59.99950
 -59.98502 -59.98844 -59.99122 -59.99341 -59.99510
 -59.91866 -59.93598 -59.95051 -59.96228 -59.97155
 -59.71491 -59.75780 -59.79594 -59.82851 -59.85539
 -55.07189 -55.07189 -55.07190 -55.07190 -55.07190
 -50.38129 -50.38129 -50.38129 -50.38129 -50.38129
 -46.61156 -46.61156 -46.61156 -46.61156 -46.61157
 -43.57515 -43.57515 -43.57515 -43.57517 -43.57519
 -41.11953 -41.11953 -41.11954 -41.11959 -41.11970
 -39.12079 -39.12079 -39.12081 -39.12094 -39.12125
 -37.47768 -37.47768 -37.47768 -37.47802 -37.47847
 -36.11144 -36.11144 -36.11144 -36.11208 -36.11292
 -34.95953 -34.95953 -34.95953 -34.96053 -34.96183
 -33.97919 -33.97919 -33.97919 -33.98017 -33.98229
 -33.13766 -33.13766 -33.13766 -33.13884 -33.14139
 -32.41777 -32.41777 -32.41777 -32.41907 -32.42185
 -31.80056 -31.80056 -31.80056 -31.80189 -31.80472
 -31.27113 -31.27113 -31.27113 -31.27240 -31.27421
 -30.81548 -30.81548 -30.81548 -30.81628 -30.81831
 -30.41838 -30.41838 -30.41838 -30.41910 -30.42092
 -30.07348 -30.07348 -30.07348 -30.07411 -30.07570
 -29.77422 -29.77422 -29.77422 -29.77476 -29.77611
 -29.50994 -29.50994 -29.50994 -29.51039 -29.51154
 -29.28192 -29.28192 -29.28192 -29.28214 -29.28291
 -29.07805 -29.07805 -29.07805 -29.07824 -29.07889
 -28.90242 -28.90242 -28.90242 -28.90258 -28.90311
 -28.74826 -28.74826 -28.74826 -28.74839 -28.74883
 -28.61520 -28.61520 -28.61520 -28.61525 -28.61567
 -28.50272 -28.50272 -28.50272 -28.50276 -28.50308
 -28.40548 -28.40548 -28.40548 -28.40551 -28.40570
 -28.32381 -28.32381 -28.32381 -28.32383 -28.32398
 -28.25627 -28.25627 -28.25627 -28.25627 -28.25641
 -28.20147 -28.20147 -28.20147 -28.20147 -28.20158
 -28.15804 -28.15804 -28.15804 -28.15804 -28.15813
 -28.12465 -28.12465 -28.12465 -28.12465 -28.12470
 -28.10005 -28.10005 -28.10005 -28.10005 -28.10009
 -28.08309 -28.08309 -28.08309 -28.08309 -28.08312
 -28.07272 -28.07272 -28.07272 -28.07272 -28.07275
 -28.06805 -28.06805 -28.06805 -28.06805 -28.06807
 -28.06827 -28.06827 -28.06827 -28.06827 -28.06828
 -28.07266 -28.07266 -28.07266 -28.07266 -28.07267
 -28.08058 -28.08058 -28.08058 -28.08058 -28.08058
================================================================================
 -60.00000 -60.00000 -60.00000 -60.00000 -60.00000
 -60.00000 -60.00000 -60.00000 -60.00000 -60.00000
 -60.00000 -60.00000 -60.00000 -60.00000 -60.00000
 -60.00000 -60.00000 -60.00000 -60.00000 -60.00000
 -60.00000 -60.00000 -60.00000 -60.00000 -60.00000
 -60.00000 -60.00000 -60.00000 -60.00000 -60.00000
 -59.99999 -60.00000 -60.00000 -60.00000 -60.00000
 -59.99980 -59.99984 -59.99988 -59.99991 -59.99993
 -59.99657 -59.99735 -59.99799 -59.99850 -59.99888
 -59.96966 -59.97640 -59.98197 -59.98642 -59.98989
 -59.85379 -59.88300 -59.90837 -59.92955 -59.94666
 -59.24738 -59.27397 -59.29697 -59.31609 -59.33149
 -53.89251 -53.89251 -53.89251 -53.89251 -53.89251
 -49.39450 -49.39450 -49.39450 -49.39450 -49.39450
 -45.78095 -45.78095 -45.78095 -45.78095 -45.78095
 -42.87113 -42.87113 -42.87113 -42.87114 -42.87114
 -40.51909 -40.51909 -40.51909 -40.51911 -40.51914
 -38.60636 -38.60636 -38.60636 -38.60641 -38.60653
 -37.03587 -37.03587 -37.03587 -37.03601 -37.03631
 -35.73176 -35.73176 -35.73176 -35.73206 -35.73248
 -34.63318 -34.63318 -34.63318 -34.63354 -34.63445
 -33.69832 -33.69832 -33.69832 -33.69886 -33.70023
 -32.89476 -32.89476 -32.89476 -32.89547 -32.89727
 -32.20623 -32.20623 -32.20623 -32.20706 -32.20917
 -31.61434 -31.61434 -31.61434 -31.61524 -31.61752
 -31.10510 -31.10510 -31.10510 -31.10565 -31.10754
 -30.66537 -30.66537 -30.66537 -30.66589 -30.66769
 -30.28015 -30.28015 -30.28015 -30.28063 -30.28229
 -29.94446 -29.94446 -29.94446 -29.94489 -29.94638
 -29.65267 -29.65267 -29.65267 -29.65285 -29.65433
 -29.39364 -29.39364 -29.39364 -29.39379 -29.39507
 -29.17037 -29.17037 -29.17037 -29.17049 -29.17124
 -28.96920 -28.96920 -28.96920 -28.96931 -28.96995
 -28.79611 -28.79611 -28.79611 -28.79619 -28.79672
 -28.64359 -28.64359 -28.64359 -28.64359 -28.64410
 -28.51186 -28.51186 -28.51186 -28.51186 -28.51228
 -28.40086 -28.40086 -28.40086 -28.40086 -28.40109
 -28.30448 -28.30448 -28.30448 -28.30448 -28.30468
 -28.22357 -28.22357 -28.22357 -28.22357 -28.22372
 -28.15673 -28.15673 -28.15673 -28.15673 -28.15686
 -28.10261 -28.10261 -28.10261 -28.10261 -28.10271
 -28.05984 -28.05984 -28.05984 -28.05984 -28.05989
 -28.02710 -28.02710 -28.02710 -28.02710 -28.02715
 -28.00315 -28.00315 -28.00315 -28.00315 -28.00318
 -27.98681 -27.98681 -27.98681 -27.98681 -27.98683
 -27.97705 -27.97705 -27.97705 -27.97705 -27.97707
 -27.97296 -27.97296 -27.97296 -27.97296 -27.97297
 -27.97373 -27.97373 -27.97373 -27.97373 -27.97373
 -27.97863 -27.97863 -27.97863 -27.97863 -27.97863
 -27.98699 -27.98699 -27.98699 -27.98699 -27.98699
================================================================================
 -60.00000 -60.00000 -60.00000 -60.00000 -60.00000
 -60.00000 -60.00000 -60.00000 -60.00000 -60.00000
 -60.00000 -60.00000 -60.00000 -60.00000 -60.00000
 -60.00000 -60.00000 -60.00000 -60.00000 -60.00000
 -60.00000 -60.00000 -60.00000 -60.00000 -60.00000
 -60.00000 -60.00000 -60.00000 -60.00000 -60.00000
 -59.99996 -59.99997 -59.99997 -59.99998 -59.99999
 -59.99884 -59.99910 -59.99931 -59.99948 -59.99962
 -59.98497 -59.98831 -59.99107 -59.99328 -59.99499
 -59.89949 -59.92014 -59.93786 -59.95249 -59.96419
 -59.64992 -59.70625 -59.75874 -59.80565 -59.84595
 -55.55155 -55.55156 -55.55157 -55.55158 -55.55159
 -50.67431 -50.67431 -50.67431 -50.67431 -50.67431
 -46.76006 -46.76006 -46.76006 -46.76006 -46.76006
 -43.61505 -43.61505 -43.61505 -43.61505 -43.61505
 -41.08206 -41.08206 -41.08206 -41.08206 -41.08206
 -39.03473 -39.03473 -39.03473 -39.03474 -39.03474
 -37.37101 -37.37101 -37.37101 -37.37102 -37.37102
 -36.00716 -36.00716 -36.00716 -36.00717 -36.00720
 -34.87745 -34.87745 -34.87745 -34.87749 -34.87760
 -33.92779 -33.92779 -33.92779 -33.92785 -33.92807
 -33.12019 -33.12019 -33.12019 -33.12032 -33.12076
 -32.42368 -32.42368 -32.42368 -32.42390 -32.42463
 -31.82349 -31.82349 -31.82349 -31.82379 -31.82485
 -31.30241 -31.30241 -31.30241 -31.30259 -31.30414
 -30.84854 -30.84854 -30.84854 -30.84875 -30.85052
 -30.45129 -30.45129 -30.45129 -30.45151 -30.45284
 -30.09713 -30.09713 -30.09713 -30.09735 -30.09868
 -29.78472 -29.78472 -29.78472 -29.78472 -29.78618
 -29.51101 -29.51101 -29.51101 -29.51101 -29.51232
 -29.26458 -29.26458 -29.26458 -29.26458 -29.26575
 -29.05210 -29.05210 -29.05210 -29.05210 -29.05281
 -28.85734 -28.85734 -28.85734 -28.85734 -28.85795
 -28.68995 -28.68995 -28.68995 -28.68995 -28.69046
 -28.54119 -28.54119 -28.54119 -28.54119 -28.54162
 -28.41244 -28.41244 -28.41244 -28.41244 -28.41280
 -28.30448 -28.30448 -28.30448 -28.30448 -28.30467
 -28.20990 -28.20990 -28.20990 -28.20990 -28.21005
 -28.13043 -28.13043 -28.13043 -28.13043 -28.13055
 -28.06481 -28.06481 -28.06481 -28.06481 -28.06492
 -28.01176 -28.01176 -28.01176 -28.01176 -28.01184
 -27.96994 -27.96994 -27.96994 -27.96994 -27.96998
 -27.93807 -27.93807 -27.93807 -27.93807 -27.93811
 -27.91491 -27.91491 -27.91491 -27.91491 -27.91493
 -27.89929 -27.89929 -27.89929 -27.89929 -27.89931
 -27.89019 -27.89019 -27.89019 -27.89019 -27.89020
 -27.88671 -27.88671 -27.88671 -27.88671 -27.88672
 -27.88805 -27.88805 -27.88805 -27.88805 -27.88806
 -27.89347 -27.89347 -27.89347 -27.89347 -27.89347
 -27.90227 -27.90227 -27.90227 -27.90227 -27.90227
================================================================================
 -60.00000 -60.00000 -60.00000 -60.00000 -60.00000
 -60.00000 -60.00000 -60.00000 -60.00000 -60.00000
 -60.00000 -60.00000 -60.00000 -60.00000 -60.00000
 -60.00000 -60.00000 -60.00000 -60.00000 -60.00000
 -59.99999 -59.99999 -60.00000 -60.00000 -60.00000
 -59.99975 -59.99981 -59.99985 -59.99989 -59.99992
 -59.99560 -59.99658 -59.99739 -59.99804 -59.99854
 -59.96045 -59.96896 -59.97610 -59.98189 -59.98645
 -59.81295 -59.84808 -59.87942 -59.90621 -59.92830
 -59.51932 -59.58897 -59.65646 -59.71927 -59.77547
 -59.12540 -59.20209 -59.27785 -59.34989 -59.41587
 -54.21330 -54.21330 -54.21330 -54.21330 -54.21330
 -49.57108 -49.57108 -49.57108 -49.57108 -49.57108
 -45.84534 -45.84534 -45.84534 -45.84534 -45.84534
 -42.85149 -42.85149 -42.85149 -42.85149 -42.85149
 -40.43975 -40.43975 -40.43975 -40.43975 -40.43975
 -38.48974 -38.48974 -38.48974 -38.48974 -38.48974
 -36.90434 -36.90434 -36.90434 -36.90434 -36.90434
 -35.60390 -35.60390 -35.60390 -35.60391 -35.60392
 -34.52616 -34.52616 -34.52616 -34.52617 -34.52623
 -33.61987 -33.61987 -33.61987 -33.61989 -33.62006
 -32.84927 -32.84927 -32.84927 -32.84932 -32.84959
 -32.18489 -32.18489 -32.18489 -32.18497 -32.18547
 -31.61290 -31.61290 -31.61290 -31.61302 -31.61379
 -31.11644 -31.11644 -31.11644 -31.11644 -31.11764
 -30.68376 -30.68376 -30.68376 -30.68376 -30.68519
 -30.30437 -30.30437 -30.30437 -30.30437 -30.30550
 -29.96447 -29.96447 -29.96447 -29.96447 -29.96563
 -29.66355 -29.66355 -29.66355 -29.66355 -29.66468
 -29.39937 -29.39937 -29.39937 -29.39937 -29.40040
 -29.15994 -29.15994 -29.15994 -29.15994 -29.16087
 -28.95373 -28.95373 -28.95373 -28.95373 -28.95427
 -28.76278 -28.76278 -28.76278 -28.76278 -28.76326
 -28.59888 -28.59888 -28.59888 -28.59888 -28.59928
 -28.45244 -28.45244 -28.45244 -28.45244 -28.45278
 -28.32554 -28.32554 -28.32554 -28.32554 -28.32582
 -28.21951 -28.21951 -28.21951 -28.21951 -28.21964
 -28.12603 -28.12603 -28.12603 -28.12603 -28.12614
 -28.04745 -28.04745 -28.04745 -28.04745 -28.04754
 -27.98260 -27.98260 -27.98260 -27.98260 -27.98268
 -27.93023 -27.93023 -27.93023 -27.93023 -27.93025
 -27.88902 -27.88902 -27.88902 -27.88902 -27.88905
 -27.85773 -27.85773 -27.85773 -27.85773 -27.85774
 -27.83509 -27.83509 -27.83509 -27.83509 -27.83510
 -27.81997 -27.81997 -27.81997 -27.81997 -27.81997
 -27.81134 -27.81134 -27.81134 -27.81134 -27.81134
 -27.80831 -27.80831 -27.80831 -27.80831 -27.80831
 -27.81008 -27.81008 -27.81008 -27.81008 -27.81008
 -27.81590 -27.81590 -27.81590 -27.81590 -27.81590
 -27.82504 -27.82504 -27.82504 -27.82504 -27.82504
================================================================================
 -60.00000 -60.00000 -60.00000 -60.00000 -60.00000
 -60.00000 -60.00000 -60.00000 -60.00000 -60.00000
 -60.00000 -60.00000 -60.00000 -60.00000 -60.00000
 -60.00000 -60.00000 -60.00000 -60.00000 -60.00000
 -60.00000 -60.00000 -60.00000 -60.00000 -60.00000
 -59.99998 -59.99999 -59.99999 -59.99999 -59.99999
 -59.99940 -59.99953 -59.99964 -59.99973 -59.99980
 -59.99028 -59.99239 -59.99416 -59.99558 -59.99670
 -59.92108 -59.93717 -59.95103 -59.96251 -59.97172
 -59.68405 -59.73600 -59.78463 -59.82821 -59.86574
 -58.29087 -58.29805 -58.30415 -58.30913 -58.31308
 -52.84793 -52.84793 -52.84793 -52.84793 -52.84793
 -48.44837 -48.44837 -48.44837 -48.44837 -48.44837
 -44.91722 -44.91722 -44.91722 -44.91722 -44.91722
 -42.07942 -42.07942 -42.07942 -42.07942 -42.07942
 -39.79281 -39.79281 -39.79281 -39.79281 -39.79281
 -37.94321 -37.94321 -37.94321 -37.94321 -37.94321
 -36.43851 -36.43851 -36.43851 -36.43851 -36.43851
 -35.20320 -35.20320 -35.20320 -35.20320 -35.20321
 -34.17850 -34.17850 -34.17850 -34.17850 -34.17854
 -33.31603 -33.31603 -33.31603 -33.31603 -33.31613
 -32.58236 -32.58236 -32.58236 -32.58236 -32.58260
 -31.94967 -31.94967 -31.94967 -31.94967 -31.95001
 -31.40532 -31.40532 -31.40532 -31.40532 -31.40587
 -30.93301 -30.93301 -30.93301 -30.93301 -30.93379
 -30.52129 -30.52129 -30.52129 -30.52129 -30.52227
 -30.15984 -30.15984 -30.15984 -30.15984 -30.16096
 -29.83454 -29.83454 -29.83454 -29.83454 -29.83535
 -29.54558 -29.54558 -29.54558 -29.54558 -29.54639
 -29.29143 -29.29143 -29.29143 -29.29143 -29.29219
 -29.05951 -29.05951 -29.05951 -29.05951 -29.06021
 -28.86007 -28.86007 -28.86007 -28.86007 -28.86067
 -28.67335 -28.67335 -28.67335 -28.67335 -28.67368
 -28.51331 -28.51331 -28.51331 -28.51331 -28.51359
 -28.36948 -28.36948 -28.36948 -28.36948 -28.36971
 -28.24464 -28.24464 -28.24464 -28.24464 -28.24484
 -28.14076 -28.14076 -28.14076 -28.14076 -28.14083
 -28.04851 -28.04851 -28.04851 -28.04851 -28.04857
 -27.97092 -27.97092 -27.97092 -27.97092 -27.97097
 -27.90689 -27.90689 -27.90689 -27.90689 -27.90693
 -27.85522 -27.85522 -27.85522 -27.85522 -27.85522
 -27.81464 -27.81464 -27.81464 -27.81464 -27.81464
 -27.78390 -27.78390 -27.78390 -27.78390 -27.78390
 -27.76177 -27.76177 -27.76177 -27.76177 -27.76177
 -27.74711 -27.74711 -27.74711 -27.74711 -27.74711
 -27.73891 -27.73891 -27.73891 -27.73891 -27.73891
 -27.73628 -27.73628 -27.73628 -27.73628 -27.73628
 -27.73843 -27.73843 -27.73843 -27.73843 -27.73843
 -27.74461 -27.74461 -27.74461 -27.74461 -27.74461
 -27.75405 -27.75405 -27.75405 -27.75405 -27.75405
================================================================================
 -60.00000 -60.00000 -60.00000 -60.00000 -60.00000
 -60.00000 -60.00000 -60.00000 -60.00000 -60.00000
 -60.00000 -60.00000 -60.00000 -60.00000 -60.00000
 -59.99980 -59.99985 -59.99988 -59.99991 -59.99993
 -59.97084 -59.97706 -59.98230 -59.98656 -59.98993
 -59.32860 -59.41036 -59.49271 -59.57273 -59.64774
 -58.07134 -58.17633 -58.28896 -58.40756 -58.53048
 -57.01610 -57.12195 -57.23601 -57.35680 -57.48290
 -56.19411 -56.29964 -56.41348 -56.53418 -56.66034
 -55.56229 -55.66740 -55.78090 -55.90133 -56.02729
 -55.03297 -55.12491 -55.22095 -55.31838 -55.41443
 -50.94342 -50.94344 -50.94345 -50.94346 -50.94347
 -46.89278 -46.89278 -46.89278 -46.89278 -46.89278
 -43.64136 -43.64136 -43.64136 -43.64136 -43.64136
 -41.02786 -41.02786 -41.02786 -41.02786 -41.02786
 -38.92114 -38.92114 -38.92114 -38.92114 -38.92114
 -37.21585 -37.21585 -37.21585 -37.21585 -37.21585
 -35.82708 -35.82708 -35.82708 -35.82708 -35.82708
 -34.68527 -34.68527 -34.68527 -34.68527 -34.68527
 -33.73654 -33.73654 -33.73654 -33.73654 -33.73655
 -32.93656 -32.93656 -32.93656 -32.93656 -32.93660
 -32.25512 -32.25512 -32.25512 -32.25512 -32.25523
 -31.66675 -31.66675 -31.66675 -31.66675 -31.66699
 -31.16047 -31.16047 -31.16047 -31.16047 -31.16075
 -30.72094 -30.72094 -30.72094 -30.72094 -30.72138
 -30.33727 -30.33727 -30.33727 -30.33727 -30.33786
 -29.99954 -29.99954 -29.99954 -29.99954 -30.00025
 -29.69349 -29.69349 -29.69349 -29.69349 -29.69428
 -29.42019 -29.42019 -29.42019 -29.42019 -29.42069
 -29.17903 -29.17903 -29.17903 -29.17903 -29.17951
 -28.95687 -28.95687 -28.95687 -28.95687 -28.95733
 -28.76610 -28.76610 -28.76610 -28.76610 -28.76649
 -28.58490 -28.58490 -28.58490 -28.58490 -28.58506
 -28.42983 -28.42983 -28.42983 -28.42983 -28.42998
 -28.28940 -28.28940 -28.28940 -28.28940 -28.28952
 -28.16726 -28.16726 -28.16726 -28.16726 -28.16737
 -28.06611 -28.06611 -28.06611 -28.06611 -28.06611
 -27.97546 -27.97546 -27.97546 -27.97546 -27.97546
 -27.89913 -27.89913 -27.89913 -27.89913 -27.89913
 -27.83612 -27.83612 -27.83612 -27.83612 -27.83612
 -27.78531 -27.78531 -27.78531 -27.78531 -27.78531
 -27.74546 -27.74546 -27.74546 -27.74546 -27.74546
 -27.71536 -27.71536 -27.71536 -27.71536 -27.71536
 -27.69379 -27.69379 -27.69379 -27.69379 -27.69379
 -27.67962 -27.67962 -27.67962 -27.67962 -27.67962
 -27.67185 -27.67185 -27.67185 -27.67185 -27.67185
 -27.66962 -27.66962 -27.66962 -27.66962 -27.66962
 -27.67214 -27.67214 -27.67214 -27.67214 -27.67214
 -27.67865 -27.67865 -27.67865 -27.67865 -27.67865
 -27.68838 -27.68838 -27.68838 -27.68838 -27.68838
================================================================================
 -60.00000 -60.00000 -60.00000 -60.00000 -60.00000
 -59.99979 -59.99983 -59.99987 -59.99990 -59.99993
 -59.75046 -59.79384 -59.83370 -59.86877 -59.89842
 -57.56807 -57.67371 -57.78742 -57.90766 -58.03297
 -55.56028 -55.66594 -55.77989 -55.90069 -56.02694
 -53.97661 -54.08183 -54.19543 -54.31594 -54.44197
 -52.73426 -52.83905 -52.95228 -53.07249 -53.19828
 -51.76564 -51.86998 -51.98284 -52.10275 -52.22830
 -51.01650 -51.12040 -51.23288 -51.35249 -51.47780
 -50.44338 -50.54682 -50.65893 -50.77823 -50.90330
 -50.01136 -50.11435 -50.22607 -50.34504 -50.46985
 -49.29702 -49.33540 -49.37089 -49.40225 -49.42886
 -45.72751 -45.72753 -45.72754 -45.72755 -45.72756
 -42.68292 -42.68292 -42.68292 -42.68292 -42.68292
 -40.23522 -40.23522 -40.23522 -40.23522 -40.23522
 -38.26144 -38.26144 -38.26144 -38.26144 -38.26144
 -36.66277 -36.66277 -36.66277 -36.66277 -36.66277
 -35.35956 -35.35956 -35.35956 -35.35956 -35.35957
 -34.28654 -34.28654 -34.28654 -34.28654 -34.28654
 -33.39334 -33.39334 -33.39334 -33.39334 -33.39335
 -32.63856 -32.63856 -32.63856 -32.63856 -32.63858
 -31.99441 -31.99441 -31.99441 -31.99441 -31.99446
 -31.43732 -31.43732 -31.43732 -31.43732 -31.43744
 -30.95777 -30.95777 -30.95777 -30.95777 -30.95801
 -30.54144 -30.54144 -30.54144 -30.54144 -30.54167
 -30.17803 -30.17803 -30.17803 -30.17803 -30.17836
 -29.85798 -29.85798 -29.85798 -29.85798 -29.85839
 -29.56681 -29.56681 -29.56681 -29.56681 -29.56728
 -29.30606 -29.30606 -29.30606 -29.30606 -29.30629
 -29.07568 -29.07568 -29.07568 -29.07568 -29.07591
 -28.86191 -28.86191 -28.86191 -28.86191 -28.86213
 -28.67876 -28.67876 -28.67876 -28.67876 -28.67896
 -28.50256 -28.50256 -28.50256 -28.50256 -28.50256
 -28.35208 -28.35208 -28.35208 -28.35208 -28.35208
 -28.21483 -28.21483 -28.21483 -28.21483 -28.21483
 -28.09526 -28.09526 -28.09526 -28.09526 -28.09526
 -27.99670 -27.99670 -27.99670 -27.99670 -27.99670
 -27.90759 -27.90759 -27.90759 -27.90759 -27.90759
 -27.83247 -27.83247 -27.83247 -27.83247 -27.83247
 -27.77044 -27.77044 -27.77044 -27.77044 -27.77044
 -27.72044 -27.72044 -27.72044 -27.72044 -27.72044
 -27.68128 -27.68128 -27.68128 -27.68128 -27.68128
 -27.65177 -27.65177 -27.65177 -27.65177 -27.65177
 -27.63070 -27.63070 -27.63070 -27.63070 -27.63070
 -27.61697 -27.61697 -27.61697 -27.61697 -27.61697
 -27.60959 -27.60959 -27.60959 -27.60959 -27.60959
 -27.60771 -27.60771 -27.60771 -27.60771 -27.60771
 -27.61056 -27.61056 -27.61056 -27.61056 -27.61056
 -27.61736 -27.61736 -27.61736 -27.61736 -27.61736
 -27.62734 -27.62734 -27.62734 -27.62734 -27.62734
================================================================================
 -59.78074 -59.81968 -59.85520 -59.88621 -59.91225
 -56.77326 -56.87862 -56.99230 -57.11282 -57.23878
 -54.06745 -54.17245 -54.28586 -54.40622 -54.53213
 -51.92511 -52.02966 -52.14271 -52.26277 -52.38844
 -50.23480 -50.33892 -50.45159 -50.57134 -50.69678
 -48.90698 -49.01065 -49.12295 -49.24239 -49.36759
 -47.86983 -47.97305 -48.08496 -48.20410 -48.32905
 -47.06575 -47.16852 -47.28005 -47.39888 -47.52358
 -46.44858 -46.55090 -46.66204 -46.78055 -46.90500
 -45.98129 -46.08315 -46.19390 -46.31209 -46.43628
 -45.63419 -45.73558 -45.84594 -45.96380 -46.08774
 -45.38256 -45.48325 -45.59289 -45.70997 -45.83302
 -44.45495 -44.47101 -44.48525 -44.49736 -44.50727
 -41.70689 -41.70693 -41.70696 -41.70699 -41.70701
 -39.43003 -39.43003 -39.43003 -39.43003 -39.43003
 -37.59311 -37.59311 -37.59311 -37.59311 -37.59311
 -36.10419 -36.10419 -36.10419 -36.10419 -36.10419
 -34.88904 -34.88904 -34.88904 -34.88904 -34.88904
 -33.88675 -33.88675 -33.88675 -33.88675 -33.88675
 -33.05056 -33.05056 -33.05056 -33.05056 -33.05056
 -32.34202 -32.34202 -32.34202 -32.34202 -32.34202
 -31.73576 -31.73576 -31.73576 -31.73576 -31.73578
 -31.21020 -31.21020 -31.21020 -31.21020 -31.21026
 -30.75736 -30.75736 -30.75736 -30.75736 -30.75748
 -30.36400 -30.36400 -30.36400 -30.36400 -30.36420
 -30.02059 -30.02059 -30.02059 -30.02059 -30.02072
 -29.71798 -29.71798 -29.71798 -29.71798 -29.71816
 -29.44165 -29.44165 -29.44165 -29.44165 -29.44186
 -29.19354 -29.19354 -29.19354 -29.19354 -29.19377
 -28.97410 -28.97410 -28.97410 -28.97410 -28.97410
 -28.76897 -28.76897 -28.76897 -28.76897 -28.76897
 -28.59374 -28.59374 -28.59374 -28.59374 -28.59374
 -28.42285 -28.42285 -28.42285 -28.42285 -28.42285
 -28.27724 -28.27724 -28.27724 -28.27724 -28.27724
 -28.14342 -28.14342 -28.14342 -28.14342 -28.14342
 -28.02662 -28.02662 -28.02662 -28.02662 -28.02662
 -27.93089 -27.93089 -27.93089 -27.93089 -27.93089
 -27.84346 -27.84346 -27.84346 -27.84346 -27.84346
 -27.76967 -27.76967 -27.76967 -27.76967 -27.76967
 -27.70871 -27.70871 -27.70871 -27.70871 -27.70871
 -27.65958 -27.65958 -27.65958 -27.65958 -27.65958
 -27.62115 -27.62115 -27.62115 -27.62115 -27.62115
 -27.59225 -27.59225 -27.59225 -27.59225 -27.59225
 -27.57171 -27.57171 -27.57171 -27.57171 -27.57171
 -27.55842 -27.55842 -27.55842 -27.55842 -27.55842
 -27.55143 -27.55143 -27.55143 -27.55143 -27.55143
 -27.54988 -27.54988 -27.54988 -27.54988 -27.54988
 -27.55304 -27.55304 -27.55304 -27.55304 -27.55304
 -27.56012 -27.56012 -27.56012 -27.56012 -27.56012
 -27.57031 -27.57031 -27.57031 -27.57031 -27.57031
================================================================================
 -50.96716 -51.07159 -51.18452 -51.30449 -51.43009
 -48.23202 -48.33601 -48.44857 -48.56823 -48.69360
 -46.06639 -46.16993 -46.28211 -46.40146 -46.52658
 -44.35742 -44.46050 -44.57230 -44.69135 -44.81623
 -43.01464 -43.11727 -43.22869 -43.34742 -43.47204
 -41.96550 -42.06768 -42.17870 -42.29712 -42.42149
 -41.15182 -41.25354 -41.36418 -41.48227 -41.60639
 -40.52697 -40.62822 -40.73847 -40.85624 -40.98010
 -40.05352 -40.15431 -40.26416 -40.38160 -40.50520
 -39.70150 -39.80182 -39.91126 -40.02837 -40.15171
 -39.44683 -39.54668 -39.65572 -39.77250 -39.89557
 -39.27025 -39.36962 -39.47825 -39.59469 -39.71749
 -39.15588 -39.25467 -39.36275 -39.47865 -39.60091
 -39.01469 -39.09536 -39.17964 -39.26469 -39.34758
 -37.84691 -37.85220 -37.85683 -37.86072 -37.86388
 -36.31762 -36.31777 -36.31790 -36.31801 -36.31810
 -35.05520 -35.05521 -35.05522 -35.05522 -35.05523
 -34.02125 -34.02125 -34.02125 -34.02125 -34.02125
 -33.16455 -33.16455 -33.16455 -33.16455 -33.16455
 -32.44582 -32.44582 -32.44582 -32.44582 -32.44582
 -31.83268 -31.83268 -31.83268 -31.83268 -31.83268
 -31.30471 -31.30471 -31.30471 -31.30471 -31.30472
 -30.84417 -30.84417 -30.84417 -30.84417 -30.84418
 -30.44592 -30.44592 -30.44592 -30.44592 -30.44595
 -30.09876 -30.09876 -30.09876 -30.09876 -30.09883
 -29.79455 -29.79455 -29.79455 -29.79455 -29.79465
 -29.52511 -29.52511 -29.52511 -29.52511 -29.52511
 -29.27620 -29.27620 -29.27620 -29.27620 -29.27620
 -29.05068 -29.05068 -29.05068 -29.05068 -29.05068
 -28.85009 -28.85009 -28.85009 -28.85009 -28.85009
 -28.65957 -28.65957 -28.65957 -28.65957 -28.65957
 -28.49716 -28.49716 -28.49716 -28.49716 -28.49716
 -28.33492 -28.33492 -28.33492 -28.33492 -28.33492
 -28.19697 -28.19697 -28.19697 -28.19697 -28.19697
 -28.06857 -28.06857 -28.06857 -28.06857 -28.06857
 -27.95610 -27.95610 -27.95610 -27.95610 -27.95610
 -27.86463 -27.86463 -27.86463 -27.86463 -27.86463
 -27.77980 -27.77980 -27.77980 -27.77980 -27.77980
 -27.70803 -27.70803 -27.70803 -27.70803 -27.70803
 -27.64869 -27.64869 -27.64869 -27.64869 -27.64869
 -27.60088 -27.60088 -27.60088 -27.60088 -27.60088
 -27.56352 -27.56352 -27.56352 -27.56352 -27.56352
 -27.53551 -27.53551 -27.53551 -27.53551 -27.53551
 -27.51570 -27.51570 -27.51570 -27.51570 -27.51570
 -27.50301 -27.50301 -27.50301 -27.50301 -27.50301
 -27.49651 -27.49651 -27.49651 -27.49651 -27.49651
 -27.49539 -27.49539 -27.49539 -27.49539 -27.49539
 -27.49892 -27.49892 -27.49892 -27.49892 -27.49892
 -27.50632 -27.50632 -27.50632 -27.50632 -27.50632
 -27.51676 -27.51676 -27.51676 -27.51676 -27.51676
================================================================================
 -60.00000 -60.00000 -60.00000 -60.00000 -60.00000
 -60.00000 -60.00000 -60.00000 -60.00000 -60.00000
 -60.00000 -60.00000 -60.00000 -60.00000 -60.00000
 -60.00000 -60.00000 -60.00000 -60.00000 -60.00000
 -60.00000 -60.00000 -60.00000 -60.00000 -60.00000
 -60.00000 -60.00000 -60.00000 -60.00000 -60.00000
 -60.00000 -60.00000 -60.00000 -60.00000 -60.00000
 -59.99959 -59.99959 -59.99959 -59.99959 -59.99959
 -56.47301 -56.47301 -56.47301 -56.47301 -56.47301
 -51.22831 -51.22831 -51.22831 -51.22831 -51.22831
 -47.02607 -47.02607 -47.02607 -47.02607 -47.02607
 -43.65820 -43.65820 -43.65820 -43.65820 -43.65820
 -40.95735 -40.95735 -40.95735 -40.95735 -40.95735
 -38.78835 -38.78835 -38.78835 -38.78835 -38.78835
 -37.04281 -37.04281 -37.04281 -37.04281 -37.04281
 -35.63195 -35.63195 -35.63195 -35.63195 -35.63195
 -34.48249 -34.48249 -34.48249 -34.48249 -34.48249
 -33.52222 -33.52222 -33.52223 -33.52224 -33.52226
 -32.65624 -32.65625 -32.65627 -32.65631 -32.65639
 -31.80578 -31.80580 -31.80585 -31.80594 -31.80612
 -30.99364 -30.99368 -30.99374 -30.99387 -30.99412
 -30.28464 -30.28468 -30.28475 -30.28489 -30.28517
 -29.70322 -29.70326 -29.70333 -29.70348 -29.70377
 -29.24510 -29.24514 -29.24521 -29.24536 -29.24564
 -28.89426 -28.89430 -28.89437 -28.89451 -28.89479
 -28.63298 -28.63302 -28.63309 -28.63322 -28.63349
 -28.44419 -28.44422 -28.44429 -28.44442 -28.44468
 -28.31111 -28.31115 -28.31121 -28.31133 -28.31157
 -28.21981 -28.21984 -28.21990 -28.22001 -28.22023
 -28.15775 -28.15778 -28.15783 -28.15793 -28.15812
 -28.10868 -28.10870 -28.10875 -28.10883 -28.10900
 -28.06817 -28.06819 -28.06823 -28.06830 -28.06843
 -28.01568 -28.01569 -28.01572 -28.01577 -28.01587
 -27.95977 -27.95978 -27.95980 -27.95984 -27.95991
 -27.89220 -27.89221 -27.89222 -27.89225 -27.89230
 -27.82139 -27.82140 -27.82141 -27.82142 -27.82146
 -27.75763 -27.75763 -27.75764 -27.75765 -27.75767
 -27.69127 -27.69127 -27.69128 -27.69128 -27.69130
 -27.63158 -27.63158 -27.63158 -27.63158 -27.63159
 -27.58018 -27.58018 -27.58019 -27.58019 -27.58019
 -27.53769 -27.53769 -27.53770 -27.53770 -27.53770
 -27.50398 -27.50398 -27.50398 -27.50398 -27.50399
 -27.47851 -27.47851 -27.47851 -27.47852 -27.47852
 -27.46051 -27.46051 -27.46051 -27.46052 -27.46052
 -27.44914 -27.44914 -27.44914 -27.44914 -27.44914
 -27.44361 -27.44361 -27.44361 -27.44361 -27.44361
 -27.44323 -27.44323 -27.44323 -27.44323 -27.44323
 -27.44734 -27.44734 -27.44734 -27.44734 -27.44734
 -27.45521 -27.45521 -27.45521 -27.45521 -27.45521
 -27.46598 -27.46598 -27.46598 -27.46599 -27.46599
================================================================================
 -26.80105 -26.80105 -26.80105 -26.80105 -26.88642
 -26.85093 -26.85093 -26.85093 -26.85093 -26.91474
 -26.90122 -26.90122 -26.90122 -26.90122 -26.96441
 -26.95199 -26.95199 -26.95199 -26.95199 -27.01445
 -27.00330 -27.00330 -27.00330 -27.00330 -27.06492
 -27.05522 -27.05522 -27.05522 -27.05522 -27.11590
 -27.10785 -27.10785 -27.10785 -27.10785 -27.14996
 -27.16123 -27.16123 -27.16123 -27.16123 -27.20248
 -27.21545 -27.21545 -27.21545 -27.21545 -27.25577
 -27.27055 -27.27055 -27.27055 -27.27055 -27.30987
 -27.32654 -27.32655 -27.32656 -27.32656 -27.36482
 -27.38304 -27.38315 -27.38325 -27.38333 -27.40670
 -27.43797 -27.43869 -27.43932 -27.43984 -27.46275
 -27.48498 -27.48802 -27.49071 -27.49297 -27.51626
 -27.51315 -27.52209 -27.53009 -27.53693 -27.56256
 -27.51432 -27.53335 -27.55079 -27.56605 -27.58735
 -27.49280 -27.52397 -27.55341 -27.57993 -27.61015
 -27.46357 -27.50586 -27.54696 -27.58505 -27.62503
 -27.44167 -27.49245 -27.54294 -27.59086 -27.63958
 -27.43574 -27.49228 -27.54943 -27.60466 -27.65574
 -27.44747 -27.50737 -27.56859 -27.62846 -27.68453
 -27.47077 -27.53135 -27.59351 -27.65459 -27.71207
 -27.48917 -27.54616 -27.60427 -27.66092 -27.71378
 -27.48045 -27.52830 -27.57612 -27.62172 -27.66329
 -27.43643 -27.47202 -27.50665 -27.53876 -27.56724
 -27.37214 -27.39672 -27.42010 -27.44129 -27.45972
 -27.31227 -27.32909 -27.34485 -27.35895 -27.37108
 -27.27051 -27.28232 -27.29331 -27.30306 -27.31143
 -27.25356 -27.26223 -27.27026 -27.27738 -27.28350
 -27.25903 -27.26566 -27.27180 -27.27724 -27.28192
 -27.28355 -27.28880 -27.29366 -27.29798 -27.30171
 -27.32336 -27.32764 -27.33160 -27.33513 -27.33818
 -27.36768 -27.37118 -27.37442 -27.37731 -27.37983
 -27.41146 -27.41430 -27.41694 -27.41929 -27.42136
 -27.44820 -27.45046 -27.45257 -27.45445 -27.45610
 -27.47294 -27.47469 -27.47631 -27.47777 -27.47905
 -27.48359 -27.48489 -27.48610 -27.48719 -27.48815
 -27.48129 -27.48223 -27.48311 -27.48390 -27.48460
 -27.46949 -27.47015 -27.47077 -27.47133 -27.47182
 -27.45243 -27.45289 -27.45332 -27.45371 -27.45406
 -27.43394 -27.43426 -27.43456 -27.43483 -27.43507
 -27.41680 -27.41702 -27.41723 -27.41742 -27.41759
 -27.40276 -27.40292 -27.40306 -27.40320 -27.40331
 -27.39269 -27.39280 -27.39290 -27.39300 -27.39308
 -27.38689 -27.38697 -27.38705 -27.38711 -27.38717
 -27.38535 -27.38541 -27.38546 -27.38551 -27.38555
 -27.38787 -27.38791 -27.38795 -27.38799 -27.38802
 -27.39411 -27.39414 -27.39417 -27.39420 -27.39422
 -27.40352 -27.40354 -27.40356 -27.40358 -27.40360
 -27.41541 -27.41543 -27.41544 -27.41546 -27.41547
================================================================================
 -26.53536 -26.53536 -26.53536 -26.53536 -26.59034
 -26.58483 -26.58483 -26.58483 -26.58483 -26.63937
 -26.63462 -26.63462 -26.63462 -26.63462 -26.68863
 -26.68478 -26.68478 -26.68478 -26.68478 -26.72270
 -26.73538 -26.73538 -26.73538 -26.73538 -26.77277
 -26.78647 -26.78647 -26.78647 -26.78647 -26.82325
 -26.83812 -26.83812 -26.83812 -26.83812 -26.87421
 -26.89039 -26.89039 -26.89039 -26.89039 -26.92571
 -26.94332 -26.94332 -26.94332 -26.94332 -26.96508
 -26.99692 -26.99693 -26.99693 -26.99694 -27.01812
 -27.05094 -27.05102 -27.05109 -27.05114 -27.07174
 -27.10356 -27.10413 -27.10463 -27.10506 -27.12525
 -27.14847 -27.15116 -27.15354 -27.15555 -27.17616
 -27.17326 -27.18181 -27.18948 -27.19606 -27.20987
 -27.16677 -27.18599 -27.20369 -27.21923 -27.23986
 -27.13229 -27.16469 -27.19550 -27.22344 -27.25414
 -27.08730 -27.13172 -27.17529 -27.21604 -27.25788
 -27.04989 -27.10330 -27.15698 -27.20851 -27.25582
 -27.03065 -27.09005 -27.15080 -27.21025 -27.26594
 -27.03284 -27.09590 -27.16114 -27.22583 -27.28731
 -27.05469 -27.11955 -27.18712 -27.25464 -27.31939
 -27.08842 -27.15281 -27.21998 -27.28719 -27.35170
 -27.11802 -27.17810 -27.24025 -27.30181 -27.36022
 -27.12212 -27.17268 -27.22389 -27.27340 -27.31917
 -27.09275 -27.13081 -27.16832 -27.20351 -27.23509
 -27.04125 -27.06785 -27.09342 -27.11685 -27.13738
 -26.99158 -27.00994 -27.02731 -27.04298 -27.05655
 -26.95843 -26.97143 -26.98362 -26.99452 -27.00392
 -26.94831 -26.95791 -26.96688 -26.97487 -26.98174
 -26.96178 -26.96920 -26.97612 -26.98228 -26.98759
 -26.99315 -26.99909 -27.00461 -27.00954 -27.01380
 -27.03906 -27.04394 -27.04848 -27.05254 -27.05606
 -27.09441 -27.09848 -27.10228 -27.10568 -27.10863
 -27.15343 -27.15685 -27.16004 -27.16290 -27.16539
 -27.21031 -27.21315 -27.21581 -27.21819 -27.22027
 -27.25973 -27.26205 -27.26422 -27.26617 -27.26788
 -27.29783 -27.29967 -27.30139 -27.30294 -27.30430
 -27.32306 -27.32447 -27.32579 -27.32699 -27.32803
 -27.33633 -27.33738 -27.33837 -27.33927 -27.34005
 -27.34041 -27.34117 -27.34190 -27.34255 -27.34313
 -27.33874 -27.33929 -27.33981 -27.34028 -27.34070
 -27.33450 -27.33490 -27.33527 -27.33561 -27.33591
 -27.33015 -27.33043 -27.33070 -27.33094 -27.33115
 -27.32727 -27.32747 -27.32766 -27.32784 -27.32799
 -27.32679 -27.32694 -27.32708 -27.32720 -27.32731
 -27.32921 -27.32931 -27.32941 -27.32950 -27.32958
 -27.33471 -27.33478 -27.33486 -27.33492 -27.33498
 -27.34322 -27.34327 -27.34333 -27.34337 -27.34342
 -27.35433 -27.35437 -27.35441 -27.35445 -27.35448
 -27.36744 -27.36747 -27.36750 -27.36753 -27.36755
================================================================================
 -26.30535 -26.30535 -26.30535 -26.30535 -26.35353
 -26.35458 -26.35458 -26.35458 -26.35458 -26.38864
 -26.40409 -26.40409 -26.40409 -26.40409 -26.43782
 -26.45392 -26.45392 -26.45392 -26.45392 -26.48727
 -26.50413 -26.50413 -26.50413 -26.50413 -26.53703
 -26.55479 -26.55479 -26.55479 -26.55479 -26.57530
 -26.60594 -26.60594 -26.60594 -26.60594 -26.62606
 -26.65764 -26.65764 -26.65764 -26.65764 -26.67734
 -26.70995 -26.70995 -26.70996 -26.70996 -26.72919
 -26.76275 -26.76279 -26.76283 -26.76286 -26.78160
 -26.81489 -26.81525 -26.81557 -26.81583 -26.82467
 -26.86140 -26.86332 -26.86503 -26.86648 -26.87595
 -26.89057 -26.89740 -26.90354 -26.90880 -26.92096
 -26.88866 -26.90546 -26.92091 -26.93446 -26.95297
 -26.85450 -26.88473 -26.91345 -26.93944 -26.96195
 -26.80421 -26.84734 -26.88969 -26.92932 -26.96476
 -26.75807 -26.81109 -26.86454 -26.91600 -26.96337
 -26.72922 -26.78887 -26.85015 -26.91041 -26.96714
 -26.72279 -26.78655 -26.85291 -26.91912 -26.98248
 -26.73840 -26.80446 -26.87377 -26.94359 -27.01112
 -26.77346 -26.84046 -26.91112 -26.98269 -27.05234
 -26.82107 -26.88739 -26.95738 -27.02831 -27.09736
 -26.87003 -26.93303 -26.99910 -27.06558 -27.12971
 -26.90159 -26.95692 -27.01401 -27.07030 -27.12342
 -26.90127 -26.94506 -26.98908 -27.03126 -27.06985
 -26.87300 -26.90479 -26.93592 -26.96494 -26.99079
 -26.83478 -26.85701 -26.87836 -26.89789 -26.91497
 -26.80588 -26.82161 -26.83653 -26.85001 -26.86171
 -26.79553 -26.80704 -26.81789 -26.82764 -26.83606
 -26.80603 -26.81481 -26.82305 -26.83044 -26.83682
 -26.83554 -26.84249 -26.84901 -26.85485 -26.85990
 -26.88038 -26.88604 -26.89136 -26.89613 -26.90026
 -26.93597 -26.94069 -26.94512 -26.94910 -26.95255
 -26.99731 -27.00127 -27.00500 -27.00836 -27.01127
 -27.05920 -27.06254 -27.06567 -27.06849 -27.07095
 -27.11666 -27.11943 -27.12203 -27.12437 -27.12642
 -27.16561 -27.16785 -27.16996 -27.17187 -27.17354
 -27.20356 -27.20533 -27.20700 -27.20851 -27.20983
 -27.23012 -27.23148 -27.23276 -27.23393 -27.23495
 -27.24677 -27.24779 -27.24876 -27.24963 -27.25040
 -27.25613 -27.25688 -27.25759 -27.25824 -27.25881
 -27.26105 -27.26159 -27.26211 -27.26259 -27.26300
 -27.26399 -27.26439 -27.26477 -27.26511 -27.26542
 -27.26681 -27.26710 -27.26737 -27.26762 -27.26784
 -27.27071 -27.27092 -27.27112 -27.27130 -27.27146
 -27.27648 -27.27663 -27.27678 -27.27691 -27.27703
 -27.28458 -27.28469 -27.28480 -27.28490 -27.28498
 -27.29510 -27.29519 -27.29527 -27.29534 -27.29540
 -27.30775 -27.30782 -27.30787 -27.30793 -27.30798
 -27.32196 -27.32200 -27.32205 -27.32209 -27.32212
================================================================================
 -26.17965 -26.17965 -26.17965 -26.17965 -26.20667
 -26.22857 -26.22857 -26.22857 -26.22857 -26.25537
 -26.27769 -26.27769 -26.27769 -26.27769 -26.30424
 -26.32707 -26.32707 -26.32707 -26.32707 -26.34376
 -26.37673 -26.37673 -26.37673 -26.37673 -26.39319
 -26.42673 -26.42673 -26.42673 -26.42673 -26.44291
 -26.47711 -26.47711 -26.47711 -26.47711 -26.49298
 -26.52791 -26.52791 -26.52791 -26.52791 -26.53532
 -26.57918 -26.57918 -26.57918 -26.57918 -26.58640
 -26.63089 -26.63090 -26.63092 -26.63093 -26.63795
 -26.68245 -26.68261 -26.68276 -26.68288 -26.68977
 -26.73081 -26.73184 -26.73275 -26.73352 -26.74069
 -26.76719 -26.77138 -26.77515 -26.77838 -26.78104
 -26.77789 -26.78964 -26.80038 -26.80975 -26.81759
 -26.75577 -26.77935 -26.80154 -26.82143 -26.83849
 -26.71081 -26.74722 -26.78261 -26.81537 -26.84434
 -26.66282 -26.70988 -26.75691 -26.80174 -26.84256
 -26.62775 -26.68227 -26.73792 -26.79218 -26.84278
 -26.61319 -26.67243 -26.73376 -26.79453 -26.85219
 -26.62061 -26.68254 -26.74724 -26.81204 -26.87423
 -26.64819 -26.71132 -26.77766 -26.84450 -26.90911
 -26.69198 -26.75506 -26.82150 -26.88862 -26.95366
 -26.74504 -26.80649 -26.87111 -26.93625 -26.99918
 -26.79603 -26.85334 -26.91313 -26.97282 -27.02984
 -26.83172 -26.88166 -26.93295 -26.98322 -27.03028
 -26.84535 -26.88567 -26.92621 -26.96504 -27.00052
 -26.84257 -26.87333 -26.90365 -26.93207 -26.95750
 -26.83626 -26.85924 -26.88154 -26.90212 -26.92027
 -26.83754 -26.85485 -26.87147 -26.88665 -26.89992
 -26.85208 -26.86541 -26.87813 -26.88968 -26.89974
 -26.88076 -26.89131 -26.90133 -26.91041 -26.91829
 -26.92155 -26.93008 -26.93817 -26.94549 -26.95183
 -26.97077 -26.97777 -26.98441 -26.99040 -26.99561
 -27.02384 -27.02962 -27.03509 -27.04004 -27.04434
 -27.07600 -27.08075 -27.08524 -27.08931 -27.09284
 -27.12284 -27.12668 -27.13032 -27.13361 -27.13647
 -27.16106 -27.16410 -27.16698 -27.16959 -27.17186
 -27.18910 -27.19144 -27.19367 -27.19569 -27.19744
 -27.20731 -27.20907 -27.21075 -27.21227 -27.21360
 -27.21754 -27.21885 -27.22009 -27.22122 -27.22220
 -27.22234 -27.22329 -27.22420 -27.22502 -27.22574
 -27.22425 -27.22493 -27.22559 -27.22619 -27.22672
 -27.22536 -27.22585 -27.22633 -27.22676 -27.22714
 -27.22713 -27.22749 -27.22783 -27.22815 -27.22843
 -27.23051 -27.23077 -27.23102 -27.23125 -27.23145
 -27.23608 -27.23627 -27.23646 -27.23662 -27.23677
 -27.24420 -27.24434 -27.24448 -27.24460 -27.24471
 -27.25487 -27.25498 -27.25507 -27.25517 -27.25525
 -27.26768 -27.26775 -27.26783 -27.26790 -27.26796
 -27.28192 -27.28198 -27.28203 -27.28208 -27.28213
================================================================================
 -26.02341 -26.02341 -26.02341 -26.02341 -26.04972
 -26.07217 -26.07217 -26.07217 -26.07217 -26.08882
 -26.12111 -26.12111 -26.12111 -26.12111 -26.13760
 -26.17027 -26.17027 -26.17027 -26.17027 -26.18657
 -26.21967 -26.21967 -26.21967 -26.21967 -26.23575
 -26.26936 -26.26936 -26.26936 -26.26936 -26.27692
 -26.31937 -26.31937 -26.31937 -26.31937 -26.32679
 -26.36974 -26.36974 -26.36974 -26.36974 -26.37700
 -26.42051 -26.42051 -26.42051 -26.42051 -26.42759
 -26.47153 -26.47157 -26.47160 -26.47163 -26.47165
 -26.52164 -26.52197 -26.52227 -26.52252 -26.52273
 -26.56589 -26.56769 -26.56931 -26.57070 -26.57184
 -26.59252 -26.59901 -26.60489 -26.60998 -26.61422
 -26.58770 -26.60376 -26.61867 -26.63186 -26.64304
 -26.55017 -26.57915 -26.60693 -26.63227 -26.65436
 -26.49634 -26.53770 -26.57863 -26.61719 -26.65189
 -26.44684 -26.49763 -26.54917 -26.59908 -26.64527
 -26.41494 -26.47197 -26.53090 -26.58913 -26.64419
 -26.40555 -26.46635 -26.52992 -26.59361 -26.65473
 -26.41853 -26.48133 -26.54749 -26.61435 -26.67914
 -26.45136 -26.51488 -26.58210 -26.65036 -26.71687
 -26.50011 -26.56330 -26.63028 -26.69841 -26.76490
 -26.55868 -26.62024 -26.68540 -26.75153 -26.81588
 -26.61706 -26.67490 -26.73570 -26.79688 -26.85582
 -26.66237 -26.71352 -26.76653 -26.81899 -26.86859
 -26.68588 -26.72786 -26.77051 -26.81178 -26.84988
 -26.69039 -26.72279 -26.75504 -26.78557 -26.81313
 -26.68770 -26.71200 -26.73578 -26.75792 -26.77759
 -26.68982 -26.70808 -26.72575 -26.74201 -26.75632
 -26.70376 -26.71776 -26.73122 -26.74352 -26.75427
 -26.73161 -26.74263 -26.75318 -26.76278 -26.77116
 -26.77214 -26.78103 -26.78952 -26.79724 -26.80396
 -26.82230 -26.82961 -26.83657 -26.84290 -26.84841
 -26.87815 -26.88420 -26.88998 -26.89522 -26.89980
 -26.93532 -26.94034 -26.94513 -26.94949 -26.95329
 -26.98961 -26.99374 -26.99768 -27.00126 -27.00439
 -27.03751 -27.04085 -27.04404 -27.04694 -27.04947
 -27.07678 -27.07942 -27.08195 -27.08425 -27.08626
 -27.10680 -27.10884 -27.11080 -27.11258 -27.11414
 -27.12839 -27.12994 -27.13143 -27.13278 -27.13397
 -27.14339 -27.14454 -27.14565 -27.14667 -27.14756
 -27.15399 -27.15484 -27.15566 -27.15641 -27.15707
 -27.16222 -27.16284 -27.16345 -27.16400 -27.16449
 -27.16967 -27.17012 -27.17057 -27.17097 -27.17133
 -27.17751 -27.17784 -27.17817 -27.17846 -27.17873
 -27.18656 -27.18681 -27.18704 -27.18726 -27.18746
 -27.19740 -27.19759 -27.19776 -27.19793 -27.19807
 -27.21021 -27.21034 -27.21047 -27.21060 -27.21070
 -27.22464 -27.22474 -27.22483 -27.22492 -27.22500
 -27.24004 -27.24012 -27.24019 -27.24026 -27.24032
================================================================================
 -25.86717 -25.86717 -25.86717 -25.86717 -25.88307
 -25.91582 -25.91582 -25.91582 -25.91582 -25.93160
 -25.96462 -25.96462 -25.96462 -25.96462 -25.98026
 -26.01361 -26.01361 -26.01361 -26.01361 -26.02102
 -26.06281 -26.06281 -26.06281 -26.06281 -26.07012
 -26.11227 -26.11227 -26.11227 -26.11227 -26.11946
 -26.16200 -26.16200 -26.16200 -26.16200 -26.16906
 -26.21206 -26.21206 -26.21206 -26.21206 -26.21206
 -26.26242 -26.26243 -26.26244 -26.26244 -26.26245
 -26.31267 -26.31278 -26.31288 -26.31297 -26.31304
 -26.36038 -26.36115 -26.36183 -26.36242 -26.36290
 -26.39786 -26.40121 -26.40423 -26.40684 -26.40901
 -26.41171 -26.42167 -26.43082 -26.43883 -26.44556
 -26.39281 -26.41380 -26.43361 -26.45141 -26.46672
 -26.34852 -26.38212 -26.41484 -26.44519 -26.47205
 -26.29825 -26.34264 -26.38713 -26.42962 -26.46836
 -26.25915 -26.31125 -26.36459 -26.41675 -26.46547
 -26.24003 -26.29705 -26.35630 -26.41520 -26.47122
 -26.24311 -26.30295 -26.36573 -26.42884 -26.48959
 -26.26701 -26.32818 -26.39275 -26.45808 -26.52143
 -26.30890 -26.37031 -26.43533 -26.50135 -26.56562
 -26.36528 -26.42605 -26.49046 -26.55590 -26.61964
 -26.43180 -26.49103 -26.55373 -26.61731 -26.67908
 -26.50227 -26.55873 -26.61822 -26.67822 -26.73611
 -26.56841 -26.62032 -26.67452 -26.72861 -26.78017
 -26.62245 -26.66786 -26.71465 -26.76061 -26.80368
 -26.66166 -26.69941 -26.73769 -26.77463 -26.80860
 -26.69018 -26.72043 -26.75063 -26.77929 -26.80523
 -26.71560 -26.73946 -26.76298 -26.78502 -26.80471
 -26.74446 -26.76329 -26.78170 -26.79878 -26.81392
 -26.78003 -26.79506 -26.80965 -26.82312 -26.83499
 -26.82260 -26.83473 -26.84647 -26.85725 -26.86673
 -26.87028 -26.88015 -26.88968 -26.89842 -26.90608
 -26.91998 -26.92804 -26.93580 -26.94291 -26.94913
 -26.96818 -26.97471 -26.98099 -26.98674 -26.99177
 -27.01158 -27.01681 -27.02183 -27.02643 -27.03045
 -27.04780 -27.05191 -27.05586 -27.05947 -27.06263
 -27.07574 -27.07890 -27.08194 -27.08473 -27.08716
 -27.09574 -27.09813 -27.10043 -27.10253 -27.10438
 -27.10920 -27.11098 -27.11269 -27.11426 -27.11563
 -27.11805 -27.11936 -27.12062 -27.12177 -27.12279
 -27.12430 -27.12525 -27.12617 -27.12702 -27.12776
 -27.12960 -27.13029 -27.13096 -27.13158 -27.13213
 -27.13517 -27.13568 -27.13617 -27.13662 -27.13702
 -27.14186 -27.14223 -27.14259 -27.14293 -27.14322
 -27.15029 -27.15056 -27.15082 -27.15106 -27.15128
 -27.16085 -27.16105 -27.16124 -27.16142 -27.16158
 -27.17358 -27.17372 -27.17387 -27.17400 -27.17412
 -27.18800 -27.18811 -27.18822 -27.18832 -27.18841
 -27.20335 -27.20344 -27.20352 -27.20359 -27.20366
================================================================================
 -25.68365 -25.68365 -25.68365 -25.68365 -25.69074
 -25.73221 -25.73221 -25.73221 -25.73221 -25.73925
 -25.78091 -25.78091 -25.78091 -25.78091 -25.78789
 -25.82977 -25.82977 -25.82977 -25.82977 -25.83667
 -25.87882 -25.87882 -25.87882 -25.87882 -25.88564
 -25.92810 -25.92810 -25.92810 -25.92810 -25.92810
 -25.97761 -25.97761 -25.97762 -25.97762 -25.97762
 -26.02722 -26.02727 -26.02730 -26.02734 -26.02736
 -26.07599 -26.07629 -26.07656 -26.07679 -26.07698
 -26.12067 -26.12204 -26.12328 -26.12434 -26.12522
 -26.15494 -26.15930 -26.16326 -26.16669 -26.16955
 -26.17240 -26.18253 -26.19185 -26.20005 -26.20695
 -26.17271 -26.19083 -26.20788 -26.22313 -26.23620
 -26.16358 -26.19015 -26.21568 -26.23904 -26.25943
 -26.15584 -26.18966 -26.22280 -26.25371 -26.28121
 -26.15785 -26.19702 -26.23599 -26.27291 -26.30628
 -26.17373 -26.21636 -26.25924 -26.30032 -26.33788
 -26.20425 -26.24874 -26.29380 -26.33730 -26.37736
 -26.24822 -26.29328 -26.33911 -26.38353 -26.42461
 -26.30352 -26.34815 -26.39361 -26.43773 -26.47859
 -26.36773 -26.41112 -26.45529 -26.49813 -26.53776
 -26.43811 -26.47958 -26.52171 -26.56245 -26.60004
 -26.51090 -26.54976 -26.58908 -26.62695 -26.66172
 -26.57980 -26.61514 -26.65070 -26.68472 -26.71574
 -26.63589 -26.66657 -26.69718 -26.72619 -26.75239
 -26.67199 -26.69708 -26.72184 -26.74505 -26.76580
 -26.68867 -26.70809 -26.72705 -26.74464 -26.76020
 -26.69465 -26.70921 -26.72330 -26.73626 -26.74765
 -26.70056 -26.71141 -26.72186 -26.73141 -26.73977
 -26.71378 -26.72198 -26.72984 -26.73701 -26.74327
 -26.73724 -26.74355 -26.74960 -26.75511 -26.75992
 -26.77045 -26.77542 -26.78017 -26.78450 -26.78828
 -26.81103 -26.81498 -26.81877 -26.82223 -26.82525
 -26.85555 -26.85873 -26.86178 -26.86456 -26.86699
 -26.90038 -26.90293 -26.90538 -26.90761 -26.90957
 -26.94223 -26.94426 -26.94621 -26.94799 -26.94956
 -26.97861 -26.98020 -26.98173 -26.98314 -26.98437
 -27.00828 -27.00951 -27.01069 -27.01178 -27.01274
 -27.03115 -27.03208 -27.03299 -27.03381 -27.03455
 -27.04815 -27.04885 -27.04952 -27.05015 -27.05070
 -27.06078 -27.06129 -27.06180 -27.06226 -27.06267
 -27.07068 -27.07106 -27.07143 -27.07177 -27.07208
 -27.07931 -27.07959 -27.07986 -27.08012 -27.08034
 -27.08780 -27.08800 -27.08820 -27.08839 -27.08855
 -27.09695 -27.09710 -27.09725 -27.09739 -27.09751
 -27.10744 -27.10755 -27.10766 -27.10776 -27.10785
 -27.11974 -27.11982 -27.11990 -27.11998 -27.12005
 -27.13389 -27.13395 -27.13401 -27.13407 -27.13412
 -27.14940 -27.14945 -27.14949 -27.14953 -27.14957
 -27.16554 -27.16557 -27.16560 -27.16564 -27.16566
================================================================================
 -25.57131 -25.57131 -25.57131 -25.57131 -25.57806
 -25.61980 -25.61980 -25.61980 -25.61980 -25.62650
 -25.66840 -25.66840 -25.66840 -25.66840 -25.66840
 -25.71715 -25.71715 -25.71715 -25.71715 -25.71715
 -25.76606 -25.76606 -25.76606 -25.76606 -25.76606
 -25.81517 -25.81517 -25.81517 -25.81517 -25.81517
 -25.86451 -25.86451 -25.86451 -25.86451 -25.86451
 -25.91411 -25.91411 -25.91411 -25.91411 -25.91411
 -25.96400 -25.96400 -25.96400 -25.96400 -25.96400
 -26.01420 -26.01420 -26.01420 -26.01420 -26.01420
 -26.06473 -26.06473 -26.06473 -26.06473 -26.06473
 -26.11562 -26.11562 -26.11562 -26.11562 -26.11562
 -26.16687 -26.16687 -26.16687 -26.16687 -26.16687
 -26.21848 -26.21848 -26.21848 -26.21848 -26.21848
 -26.27043 -26.27043 -26.27043 -26.27043 -26.27043
 -26.32269 -26.32269 -26.32269 -26.32269 -26.32269
 -26.37523 -26.37523 -26.37523 -26.37523 -26.37523
 -26.42798 -26.42798 -26.42798 -26.42798 -26.42798
 -26.48085 -26.48085 -26.48085 -26.48085 -26.48085
 -26.53370 -26.53370 -26.53370 -26.53370 -26.53370
 -26.58638 -26.58638 -26.58638 -26.58638 -26.58638
 -26.63864 -26.63864 -26.63864 -26.63864 -26.63864
 -26.69019 -26.69019 -26.69019 -26.69019 -26.69019
 -26.74075 -26.74075 -26.74075 -26.74075 -26.74075
 -26.78993 -26.78993 -26.78993 -26.78993 -26.78993
 -26.83717 -26.83717 -26.83717 -26.83717 -26.83717
 -26.88223 -26.88223 -26.88223 -26.88223 -26.88223
 -26.92447 -26.92447 -26.92447 -26.92447 -26.92447
 -26.96302 -26.96302 -26.96302 -26.96302 -26.96302
 -26.99620 -26.99620 -26.99620 -26.99620 -26.99620
 -27.01927 -27.01927 -27.01927 -27.01927 -27.01927
 -27.02347 -27.02347 -27.02347 -27.02347 -27.02348
 -27.00095 -27.00095 -27.00096 -27.00096 -27.00097
 -26.95434 -26.95434 -26.95435 -26.95436 -26.95437
 -26.89758 -26.89758 -26.89759 -26.89760 -26.89762
 -26.84599 -26.84599 -26.84600 -26.84601 -26.84603
 -26.80897 -26.80898 -26.80898 -26.80900 -26.80902
 -26.78955 -26.78955 -26.78956 -26.78957 -26.78960
 -26.78668 -26.78668 -26.78669 -26.78670 -26.78672
 -26.79740 -26.79741 -26.79741 -26.79743 -26.79745
 -26.81823 -26.81823 -26.81824 -26.81825 -26.81827
 -26.84578 -26.84578 -26.84579 -26.84579 -26.84581
 -26.87718 -26.87719 -26.87719 -26.87720 -26.87721
 -26.91021 -26.91021 -26.91021 -26.91022 -26.91023
 -26.94332 -26.94333 -26.94333 -26.94333 -26.94335
 -26.97575 -26.97575 -26.97576 -26.97576 -26.97577
 -27.00724 -27.00724 -27.00724 -27.00724 -27.00725
 -27.03762 -27.03762 -27.03762 -27.03762 -27.03763
 -27.06654 -27.06654 -27.06654 -27.06654 -27.06654
 -27.09351 -27.09352 -27.09352 -27.09352 -27.09352
================================================================================
 -24.43755 -24.43755 -24.43755 -24.43755 -24.43755
 -24.48592 -24.48592 -24.48592 -24.48592 -24.48592
 -24.53439 -24.53439 -24.53439 -24.53439 -24.53439
 -24.58298 -24.58298 -24.58298 -24.58298 -24.58298
 -24.63171 -24.63171 -24.63171 -24.63171 -24.63171
 -24.68061 -24.68061 -24.68061 -24.68061 -24.68061
 -24.72970 -24.72970 -24.72970 -24.72970 -24.72970
 -24.77902 -24.77902 -24.77902 -24.77902 -24.77902
 -24.82860 -24.82860 -24.82860 -24.82860 -24.82860
 -24.87848 -24.87848 -24.87848 -24.87848 -24.87848
 -24.92870 -24.92870 -24.92870 -24.92870 -24.92870
 -24.97928 -24.97928 -24.97928 -24.97928 -24.97928
 -25.03028 -25.03028 -25.03028 -25.03028 -25.03028
 -25.08173 -25.08173 -25.08173 -25.08173 -25.08173
 -25.13366 -25.13366 -25.13366 -25.13366 -25.13366
 -25.18611 -25.18611 -25.18611 -25.18611 -25.18611
 -25.23914 -25.23914 -25.23914 -25.23914 -25.23914
 -25.29277 -25.29277 -25.29277 -25.29277 -25.29277
 -25.34705 -25.34705 -25.34705 -25.34705 -25.34705
 -25.40203 -25.40203 -25.40203 -25.40203 -25.40203
 -25.45775 -25.45775 -25.45775 -25.45775 -25.45775
 -25.51424 -25.51424 -25.51424 -25.51424 -25.51424
 -25.57153 -25.57153 -25.57153 -25.57153 -25.57153
 -25.62965 -25.62965 -25.62965 -25.62965 -25.62965
 -25.68859 -25.68859 -25.68859 -25.68859 -25.68859
 -25.74838 -25.74838 -25.74838 -25.74838 -25.74838
 -25.80902 -25.80902 -25.80902 -25.80902 -25.80902
 -25.87046 -25.87046 -25.87046 -25.87046 -25.87046
 -25.93267 -25.93267 -25.93267 -25.93267 -25.93267
 -25.99547 -25.99547 -25.99547 -25.99547 -25.99547
 -26.05841 -26.05841 -26.05841 -26.05841 -26.05841
 -26.12034 -26.12034 -26.12034 -26.12034 -26.12034
 -26.17932 -26.17932 -26.17932 -26.17932 -26.17932
 -26.23350 -26.23350 -26.23350 -26.23350 -26.23350
 -26.28225 -26.28225 -26.28225 -26.28225 -26.28225
 -26.32681 -26.32681 -26.32681 -26.32681 -26.32682
 -26.36976 -26.36976 -26.36976 -26.36977 -26.36977
 -26.41373 -26.41373 -26.41373 -26.41373 -26.41374
 -26.46042 -26.46042 -26.46043 -26.46043 -26.46044
 -26.51041 -26.51041 -26.51041 -26.51042 -26.51043
 -26.56328 -26.56328 -26.56329 -26.56329 -26.56330
 -26.61801 -26.61802 -26.61802 -26.61802 -26.61803
 -26.67335 -26.67335 -26.67335 -26.67336 -26.67336
 -26.72801 -26.72801 -26.72801 -26.72802 -26.72802
 -26.78092 -26.78092 -26.78092 -26.78093 -26.78093
 -26.83126 -26.83126 -26.83126 -26.83126 -26.83127
 -26.87846 -26.87847 -26.87847 -26.87847 -26.87847
 -26.92231 -26.92231 -26.92231 -26.92231 -26.92232
 -26.96279 -26.96279 -26.96279 -26.96279 -26.96279
 -27.00076 -27.00076 -27.00076 -27.00077 -27.00077
================================================================================
 -24.32369 -24.32369 -24.32369 -24.32369 -24.32369
 -24.37197 -24.37197 -24.37197 -24.37197 -24.37197
 -24.42033 -24.42033 -24.42033 -24.42033 -24.42033
 -24.46878 -24.46878 -24.46878 -24.46878 -24.46878
 -24.51735 -24.51735 -24.51735 -24.51735 -24.51735
 -24.56604 -24.56604 -24.56604 -24.56604 -24.56604
 -24.61490 -24.61490 -24.61490 -24.61490 -24.61490
 -24.66393 -24.66393 -24.66393 -24.66393 -24.66393
 -24.71318 -24.71318 -24.71318 -24.71318 -24.71318
 -24.76266 -24.76266 -24.76266 -24.76266 -24.76266
 -24.81242 -24.81242 -24.81242 -24.81242 -24.81242
 -24.86248 -24.86248 -24.86248 -24.86248 -24.86248
 -24.91287 -24.91287 -24.91287 -24.91287 -24.91287
 -24.96363 -24.96363 -24.96363 -24.96363 -24.96363
 -25.01479 -25.01479 -25.01479 -25.01479 -25.01479
 -25.06637 -25.06637 -25.06637 -25.06637 -25.06637
 -25.11842 -25.11842 -25.11842 -25.11842 -25.11842
 -25.17096 -25.17096 -25.17096 -25.17096 -25.17096
 -25.22404 -25.22404 -25.22404 -25.22404 -25.22404
 -25.27770 -25.27770 -25.27770 -25.27770 -25.27770
 -25.33197 -25.33197 -25.33197 -25.33197 -25.33197
 -25.38688 -25.38688 -25.38688 -25.38688 -25.38688
 -25.44247 -25.44247 -25.44247 -25.44247 -25.44247
 -25.49877 -25.49877 -25.49877 -25.49877 -25.49877
 -25.55581 -25.55581 -25.55581 -25.55581 -25.55581
 -25.61361 -25.61361 -25.61361 -25.61361 -25.61361
 -25.67219 -25.67219 -25.67219 -25.67219 -25.67219
 -25.73156 -25.73156 -25.73156 -25.73156 -25.73156
 -25.79173 -25.79173 -25.79173 -25.79173 -25.79173
 -25.85270 -25.85270 -25.85270 -25.85270 -25.85270
 -25.91444 -25.91444 -25.91444 -25.91444 -25.91444
 -25.97693 -25.97693 -25.97693 -25.97693 -25.97693
 -26.04010 -26.04010 -26.04010 -26.04010 -26.04010
 -26.10386 -26.10386 -26.10386 -26.10386 -26.10386
 -26.16813 -26.16813 -26.16813 -26.16813 -26.16813
 -26.23269 -26.23269 -26.23269 -26.23269 -26.23269
 -26.29730 -26.29730 -26.29730 -26.29730 -26.29730
 -26.36162 -26.36162 -26.36162 -26.36162 -26.36162
 -26.42533 -26.42533 -26.42533 -26.42533 -26.42533
 -26.48800 -26.48800 -26.48800 -26.48800 -26.48800
 -26.54911 -26.54911 -26.54911 -26.54911 -26.54911
 -26.60826 -26.60826 -26.60826 -26.60826 -26.60826
 -26.66499 -26.66499 -26.66499 -26.66499 -26.66499
 -26.71891 -26.71891 -26.71891 -26.71891 -26.71891
 -26.76970 -26.76970 -26.76970 -26.76970 -26.76970
 -26.81717 -26.81717 -26.81717 -26.81717 -26.81717
 -26.86123 -26.86123 -26.86123 -26.86123 -26.86123
 -26.90190 -26.90190 -26.90190 -26.90190 -26.90190
 -26.93930 -26.93930 -26.93930 -26.93930 -26.93930
 -26.97486 -26.97486 -26.97486 -26.97486 -26.97486
