SEQ='HE'     NUCCHG=10

   PARENT TERM INDEXING            BWNP=  10973637.4   NPRNTI= 1   NPRNTF= 1
   --------------------
   INDP    CODE                 S L   WI        WNP
   ----    ----                 - -   --  ----------
     1     1S1                 (2)0( 0.5)        0.0 

   LS RESOLVED TERM INDEXING       BWNR=  13312380.5    NTRM= 58
   -------------------------
   INDX    CODE                 S L   WJ        WNR
   ----    ----                 - -   --  ----------
     1     1S1 2S1             (3)0( 1.0)        0.0
     2     1S1 2P1             (3)1( 4.0)    79945.2
     3     1S1 2S1             (1)0( 0.0)    90350.1
     4     1S1 2P1             (1)1( 1.0)   149563.2
     5     1S1 3S1             (3)0( 1.0)  1318027.8
     6     1S1 3P1             (3)1( 4.0)  1339414.1
     7     1S1 3S1             (1)0( 0.0)  1341553.5
     8     1S1 3D1             (3)2( 7.0)  1350690.1
     9     1S1 3D1             (1)2( 2.0)  1351403.7
    10     1S1 3P1             (1)1( 1.0)  1357935.0
    11     1S1 4S1             (3)0( 1.0)  1769513.5
    12     1S1 4P1             (3)1( 4.0)  1778264.5
    13     1S1 4S1             (1)0( 0.0)  1778826.4
    14     1S1 4D1             (3)2( 7.0)  1782922.3
    15     1S1 4F1             (3)3(10.0)  1783128.4
    16     1S1 4F1             (1)3( 3.0)  1783132.9
    17     1S1 4D1             (1)2( 2.0)  1783305.4
    18     1S1 4P1             (1)1( 1.0)  1785600.6
    19     1S1 5S1             (3)0( 1.0)  1976230.4
    20     1S1 5P1             (3)1( 4.0)  1980646.5
    21     1S1 5S1             (1)0( 0.0)  1980865.7
    22     1S1 5D1             (3)2( 7.0)  1983005.7
    23     1S1 5F1             (3)3(10.0)  1983124.9
    24     1S1 5G1             (3)4(13.0)  1983125.8
    25     1S1 5G1             (1)4( 4.0)  1983125.8
    26     1S1 5F1             (1)3( 3.0)  1983128.6
    27     1S1 5D1             (1)2( 2.0)  1983219.8
    28     1S1 5P1             (1)1( 1.0)  1984305.5
    29     1S1 6S1             (3)0( 1.0)  2087800.5
    30     1S1 6P1             (3)1( 4.0)  2090334.9
    31     1S1 6S1             (1)0( 0.0)  2090441.2
    32     1S1 6D1             (3)2( 7.0)  2091691.9
    33     1S1 6F1             (3)3(10.0)  2091765.0
    34     1S1 6G1             (3)4(13.0)  2091765.7
    35     1S1 6G1             (1)4( 4.0)  2091765.7
    36     1S1 6F1             (1)3( 3.0)  2091767.7
    37     1S1 6D1             (1)2( 2.0)  2091821.1
    38     1S1 6P1             (1)1( 1.0)  2092423.1
    39     1S1 7S1             (3)0( 1.0)  2154785.2
    40     1S1 7P1             (3)1( 4.0)  2156372.7
    41     1S1 7S1             (1)0( 0.0)  2156431.9
    42     1S1 7D1             (3)2( 7.0)  2157224.1
    43     1S1 7F1             (3)3(10.0)  2157271.8
    44     1S1 7G1             (3)4(13.0)  2157272.2
    45     1S1 7G1             (1)4( 4.0)  2157272.2
    46     1S1 7F1             (1)3( 3.0)  2157273.6
    47     1S1 7D1             (1)2( 2.0)  2157307.5
    48     1S1 7P1             (1)1( 1.0)  2157676.7
    49     1S1 8S1             (3)0( 1.0)  2198126.9
    50     1S1 8P1             (3)1( 4.0)  2199186.7
    51     1S1 8S1             (1)0( 0.0)  2199222.8
    52     1S1 8D1             (3)2( 7.0)  2199755.4
    53     1S1 8F1             (3)3(10.0)  2199788.1
    54     1S1 8G1             (3)4(13.0)  2199788.5
    55     1S1 8G1             (1)4( 4.0)  2199788.6
    56     1S1 8F1             (1)3( 3.0)  2199789.4
    57     1S1 8D1             (1)2( 2.0)  2199812.2
    58     1S1 8P1             (1)1( 1.0)  2200055.3

   N-SHELL INDEXING & AUGER RATES                       NREP= 42
   ------------------------------
   IREP    N
   ----    -
     1     1
     2     2
     3     3
     4     4
     5     5
     6     6
     7     7
     8     8
     9     9
    10    10
    11    11
    12    12
    13    13
    14    14
    15    15
    16    16
    17    18
    18    20
    19    22
    20    25
    21    29
    22    35
    23    39
    24    45
    25    49
    26    55
    27    61
    28    70
    29    81
    30   100
    31   115
    32   140
    33   162
    34   200
    35   235
    36   300
    37   353
    38   450
    39   535
    40   700
    41   811
    42   999



 --------------------------------
 PRTI= 1  TRMPRT= (2S)  SPNPRT= 2

   INDX TE=  8.10E+04  1.62E+05  4.05E+05  8.10E+05  1.62E+06  4.05E+06  8.10E+06  1.62E+07  4.05E+07  8.10E+07
   ---- ---
     1       0.00E+00  3.18E-33  1.86E-20  1.88E-16  1.14E-14  6.44E-14  6.45E-14  3.85E-14  1.33E-14  5.23E-15
     2       0.00E+00  5.90E-40  7.92E-24  1.12E-18  2.60E-16  3.28E-15  4.28E-15  2.91E-15  1.09E-15  4.39E-16
     3       0.00E+00  4.57E-34  5.23E-21  6.62E-17  4.48E-15  2.70E-14  2.76E-14  1.67E-14  5.81E-15  2.28E-15
     4       0.00E+00  2.05E-33  2.07E-20  2.55E-16  1.71E-14  1.02E-13  1.05E-13  6.31E-14  2.20E-14  8.65E-15
     5       0.00E+00  5.37E-39  5.73E-23  7.05E-18  1.47E-15  1.71E-14  2.17E-14  1.45E-14  5.38E-15  2.16E-15
     6       0.00E+00  2.43E-39  3.12E-23  4.09E-18  8.80E-16  1.04E-14  1.33E-14  8.94E-15  3.32E-15  1.34E-15
     7       0.00E+00  1.83E-39  2.56E-23  3.44E-18  7.51E-16  8.98E-15  1.15E-14  7.71E-15  2.87E-15  1.15E-15
     8       0.00E+00  1.20E-38  1.49E-22  1.93E-17  4.12E-15  4.87E-14  6.20E-14  4.16E-14  1.55E-14  6.21E-15
     9       0.00E+00  6.68E-39  1.10E-22  1.56E-17  3.50E-15  4.25E-14  5.46E-14  3.68E-14  1.37E-14  5.52E-15
    10       0.00E+00  7.38E-39  9.79E-23  1.30E-17  2.82E-15  3.36E-14  4.29E-14  2.88E-14  1.07E-14  4.31E-15
    11       0.00E+00  5.36E-41  6.85E-24  1.93E-18  6.08E-16  9.06E-15  1.25E-14  8.69E-15  3.31E-15  1.34E-15
    12       0.00E+00  3.43E-41  4.75E-24  1.38E-18  4.40E-16  6.62E-15  9.13E-15  6.38E-15  2.43E-15  9.83E-16
    13       0.00E+00  3.39E-41  4.86E-24  1.42E-18  4.58E-16  6.90E-15  9.53E-15  6.66E-15  2.54E-15  1.03E-15
    14       0.00E+00  1.41E-40  1.94E-23  5.59E-18  1.79E-15  2.68E-14  3.70E-14  2.58E-14  9.84E-15  3.98E-15
    15       0.00E+00  2.87E-41  4.16E-24  1.22E-18  3.94E-16  5.95E-15  8.22E-15  5.74E-15  2.19E-15  8.86E-16
    16       0.00E+00  3.36E-41  4.98E-24  1.47E-18  4.77E-16  7.22E-15  9.98E-15  6.98E-15  2.66E-15  1.08E-15
    17       0.00E+00  1.31E-40  1.99E-23  5.92E-18  1.92E-15  2.92E-14  4.04E-14  2.82E-14  1.08E-14  4.36E-15
    18       0.00E+00  1.27E-40  1.78E-23  5.18E-18  1.66E-15  2.50E-14  3.45E-14  2.41E-14  9.18E-15  3.72E-15
    19       0.00E+00  5.10E-42  2.02E-24  8.29E-19  3.16E-16  5.27E-15  7.53E-15  5.35E-15  2.06E-15  8.36E-16
    20       0.00E+00  3.61E-42  1.49E-24  6.21E-19  2.38E-16  4.00E-15  5.72E-15  4.07E-15  1.56E-15  6.36E-16
    21       0.00E+00  4.89E-42  2.06E-24  8.61E-19  3.31E-16  5.56E-15  7.96E-15  5.66E-15  2.18E-15  8.86E-16
    22       0.00E+00  1.40E-41  5.78E-24  2.40E-18  9.21E-16  1.54E-14  2.21E-14  1.57E-14  6.04E-15  2.46E-15
    23       0.00E+00  3.90E-42  1.65E-24  6.90E-19  2.66E-16  4.46E-15  6.39E-15  4.55E-15  1.75E-15  7.12E-16
    24       0.00E+00  2.16E-43  9.16E-26  3.84E-20  1.48E-17  2.49E-16  3.56E-16  2.53E-16  9.75E-17  3.96E-17
    25       0.00E+00  5.07E-44  2.15E-26  9.05E-21  3.49E-18  5.86E-17  8.39E-17  5.97E-17  2.30E-17  9.35E-18
    26       0.00E+00  5.29E-42  2.26E-24  9.52E-19  3.67E-16  6.18E-15  8.85E-15  6.30E-15  2.42E-15  9.86E-16
    27       0.00E+00  1.72E-41  7.43E-24  3.14E-18  1.21E-15  2.04E-14  2.92E-14  2.08E-14  8.01E-15  3.26E-15
    28       0.00E+00  1.82E-41  7.55E-24  3.15E-18  1.21E-15  2.03E-14  2.90E-14  2.07E-14  7.95E-15  3.23E-15
    29       0.00E+00  1.19E-42  8.65E-25  4.35E-19  1.83E-16  3.25E-15  4.74E-15  3.40E-15  1.32E-15  5.36E-16
    30       0.00E+00  8.77E-43  6.54E-25  3.32E-19  1.40E-16  2.50E-15  3.64E-15  2.62E-15  1.01E-15  4.13E-16
    31       0.00E+00  1.55E-42  1.16E-24  5.92E-19  2.51E-16  4.47E-15  6.52E-15  4.68E-15  1.81E-15  7.38E-16
    32       0.00E+00  3.33E-42  2.48E-24  1.26E-18  5.32E-16  9.45E-15  1.38E-14  9.91E-15  3.83E-15  1.56E-15
    33       0.00E+00  1.04E-42  7.86E-25  4.00E-19  1.70E-16  3.02E-15  4.41E-15  3.17E-15  1.23E-15  5.00E-16
    34       0.00E+00  9.07E-44  6.85E-26  3.49E-20  1.48E-17  2.63E-16  3.85E-16  2.76E-16  1.07E-16  4.36E-17
    35       0.00E+00  1.81E-44  1.37E-26  6.98E-21  2.96E-18  5.28E-17  7.71E-17  5.54E-17  2.14E-17  8.73E-18
    36       0.00E+00  1.64E-42  1.25E-24  6.37E-19  2.71E-16  4.82E-15  7.04E-15  5.06E-15  1.96E-15  7.98E-16
    37       0.00E+00  4.88E-42  3.73E-24  1.90E-18  8.09E-16  1.44E-14  2.10E-14  1.51E-14  5.85E-15  2.39E-15
    38       0.00E+00  5.83E-42  4.35E-24  2.21E-18  9.35E-16  1.66E-14  2.43E-14  1.74E-14  6.75E-15  2.75E-15
    39       0.00E+00  4.33E-43  4.53E-25  2.57E-19  1.15E-16  2.12E-15  3.12E-15  2.26E-15  8.76E-16  3.57E-16
    40       0.00E+00  3.26E-43  3.46E-25  1.98E-19  8.88E-17  1.64E-15  2.42E-15  1.75E-15  6.78E-16  2.76E-16
    41       0.00E+00  7.01E-43  7.49E-25  4.28E-19  1.92E-16  3.55E-15  5.24E-15  3.79E-15  1.47E-15  6.00E-16
    42       0.00E+00  1.22E-42  1.30E-24  7.41E-19  3.33E-16  6.13E-15  9.05E-15  6.54E-15  2.54E-15  1.04E-15
    43       0.00E+00  4.07E-43  4.35E-25  2.49E-19  1.12E-16  2.06E-15  3.05E-15  2.20E-15  8.55E-16  3.49E-16
    44       0.00E+00  4.32E-44  4.62E-26  2.65E-20  1.19E-17  2.19E-16  3.24E-16  2.34E-16  9.10E-17  3.71E-17
    45       0.00E+00  7.81E-45  8.38E-27  4.80E-21  2.16E-18  3.98E-17  5.88E-17  4.25E-17  1.65E-17  6.73E-18
    46       0.00E+00  7.29E-43  7.84E-25  4.49E-19  2.02E-16  3.73E-15  5.51E-15  3.98E-15  1.55E-15  6.31E-16
    47       0.00E+00  2.01E-42  2.17E-24  1.24E-18  5.59E-16  1.03E-14  1.52E-14  1.10E-14  4.28E-15  1.75E-15
    48       0.00E+00  2.70E-42  2.87E-24  1.64E-18  7.35E-16  1.35E-14  2.00E-14  1.45E-14  5.61E-15  2.29E-15
    49       0.00E+00  2.03E-43  2.68E-25  1.65E-19  7.66E-17  1.44E-15  2.15E-15  1.56E-15  6.06E-16  2.47E-16
    50       0.00E+00  1.55E-43  2.07E-25  1.27E-19  5.94E-17  1.12E-15  1.67E-15  1.21E-15  4.70E-16  1.92E-16
    51       0.00E+00  3.84E-43  5.16E-25  3.18E-19  1.49E-16  2.80E-15  4.17E-15  3.02E-15  1.18E-15  4.80E-16
    52       0.00E+00  5.77E-43  7.71E-25  4.75E-19  2.21E-16  4.17E-15  6.21E-15  4.50E-15  1.75E-15  7.16E-16
    53       0.00E+00  1.99E-43  2.67E-25  1.65E-19  7.69E-17  1.45E-15  2.16E-15  1.57E-15  6.10E-16  2.49E-16
    54       0.00E+00  2.35E-44  3.16E-26  1.95E-20  9.12E-18  1.72E-16  2.56E-16  1.86E-16  7.23E-17  2.95E-17
    55       0.00E+00  4.04E-45  5.43E-27  3.35E-21  1.57E-18  2.95E-17  4.40E-17  3.19E-17  1.24E-17  5.07E-18
    56       0.00E+00  3.94E-43  5.31E-25  3.28E-19  1.53E-16  2.89E-15  4.30E-15  3.12E-15  1.22E-15  4.96E-16
    57       0.00E+00  1.02E-42  1.38E-24  8.53E-19  3.99E-16  7.53E-15  1.12E-14  8.13E-15  3.16E-15  1.29E-15
    58       0.00E+00  1.51E-42  2.02E-24  1.25E-18  5.81E-16  1.10E-14  1.63E-14  1.18E-14  4.60E-15  1.88E-15


 -----------------------------------------
 PRTF= 1  TRMPRT= (2S)  SPNPRT= 2  NSYS= 2
                                                                                              -----------------
                                                                                              SYS= 1  SPNSYS= 1
   IREP
   ----
     2       0.00E+00  2.51E-33  2.59E-20  3.21E-16  2.16E-14  1.29E-13  1.32E-13  7.98E-14  2.78E-14  1.09E-14
     3       0.00E+00  1.59E-38  2.33E-22  3.21E-17  7.07E-15  8.51E-14  1.09E-13  7.33E-14  2.73E-14  1.10E-14
     4       0.00E+00  3.26E-40  4.75E-23  1.40E-17  4.52E-15  6.83E-14  9.44E-14  6.60E-14  2.51E-14  1.02E-14
     5       0.00E+00  4.57E-41  1.93E-23  8.11E-18  3.12E-15  5.25E-14  7.52E-14  5.35E-14  2.06E-14  8.37E-15
     6       0.00E+00  1.39E-41  1.05E-23  5.35E-18  2.27E-15  4.04E-14  5.90E-14  4.24E-14  1.64E-14  6.68E-15
     7       0.00E+00  6.15E-42  6.58E-24  3.76E-18  1.69E-15  3.12E-14  4.61E-14  3.33E-14  1.29E-14  5.27E-15
     8       0.00E+00  3.32E-42  4.46E-24  2.75E-18  1.28E-15  2.42E-14  3.60E-14  2.61E-14  1.02E-14  4.15E-15
     9       0.00E+00  2.02E-42  3.17E-24  2.06E-18  9.88E-16  1.89E-14  2.83E-14  2.06E-14  8.03E-15  3.28E-15
    10       0.00E+00  1.34E-42  2.34E-24  1.58E-18  7.71E-16  1.49E-14  2.24E-14  1.63E-14  6.38E-15  2.61E-15
    11       0.00E+00  9.33E-43  1.78E-24  1.23E-18  6.10E-16  1.19E-14  1.79E-14  1.31E-14  5.11E-15  2.09E-15
    12       0.00E+00  6.80E-43  1.38E-24  9.76E-19  4.88E-16  9.60E-15  1.45E-14  1.06E-14  4.13E-15  1.69E-15
    13       0.00E+00  5.12E-43  1.09E-24  7.85E-19  3.96E-16  7.81E-15  1.18E-14  8.63E-15  3.38E-15  1.38E-15
    14       0.00E+00  3.96E-43  8.77E-25  6.39E-19  3.24E-16  6.43E-15  9.72E-15  7.11E-15  2.78E-15  1.14E-15
    15       0.00E+00  3.14E-43  7.18E-25  5.28E-19  2.69E-16  5.36E-15  8.12E-15  5.94E-15  2.33E-15  9.51E-16
    16       0.00E+00  2.54E-43  5.96E-25  4.43E-19  2.27E-16  4.52E-15  6.86E-15  5.02E-15  1.96E-15  8.04E-16
    17       0.00E+00  1.71E-43  4.16E-25  3.13E-19  1.61E-16  3.23E-15  4.90E-15  3.59E-15  1.41E-15  5.75E-16
    18       0.00E+00  1.21E-43  3.03E-25  2.30E-19  1.19E-16  2.39E-15  3.64E-15  2.67E-15  1.04E-15  4.27E-16
    19       0.00E+00  8.90E-44  2.27E-25  1.74E-19  9.04E-17  1.82E-15  2.76E-15  2.03E-15  7.94E-16  3.25E-16
    20       0.00E+00  5.92E-44  1.55E-25  1.19E-19  6.21E-17  1.25E-15  1.91E-15  1.40E-15  5.48E-16  2.24E-16
    21       0.00E+00  3.71E-44  9.88E-26  7.66E-20  4.01E-17  8.10E-16  1.23E-15  9.04E-16  3.54E-16  1.45E-16
    22       0.00E+00  2.06E-44  5.59E-26  4.36E-20  2.29E-17  4.63E-16  7.06E-16  5.18E-16  2.03E-16  8.31E-17
    23       0.00E+00  1.48E-44  4.03E-26  3.15E-20  1.66E-17  3.36E-16  5.12E-16  3.75E-16  1.47E-16  6.02E-17
    24       0.00E+00  9.51E-45  2.62E-26  2.05E-20  1.08E-17  2.19E-16  3.34E-16  2.45E-16  9.61E-17  3.93E-17
    25       0.00E+00  7.33E-45  2.03E-26  1.59E-20  8.37E-18  1.70E-16  2.59E-16  1.90E-16  7.45E-17  3.05E-17
    26       0.00E+00  5.15E-45  1.43E-26  1.12E-20  5.92E-18  1.20E-16  1.83E-16  1.34E-16  5.27E-17  2.16E-17
    27       0.00E+00  3.76E-45  1.05E-26  8.23E-21  4.34E-18  8.81E-17  1.34E-16  9.86E-17  3.87E-17  1.58E-17
    28       0.00E+00  2.48E-45  6.92E-27  5.44E-21  2.87E-18  5.83E-17  8.89E-17  6.53E-17  2.56E-17  1.05E-17
    29       0.00E+00  1.59E-45  4.46E-27  3.51E-21  1.85E-18  3.76E-17  5.74E-17  4.21E-17  1.65E-17  6.76E-18
    30       0.00E+00  8.39E-46  2.36E-27  1.86E-21  9.81E-19  1.99E-17  3.04E-17  2.23E-17  8.75E-18  3.58E-18
    31       0.00E+00  5.53E-46  1.55E-27  1.23E-21  6.48E-19  1.32E-17  2.01E-17  1.47E-17  5.78E-18  2.36E-18
    32       0.00E+00  3.06E-46  8.61E-28  6.80E-22  3.59E-19  7.29E-18  1.11E-17  8.16E-18  3.20E-18  1.31E-18
    33       0.00E+00  1.97E-46  5.55E-28  4.38E-22  2.32E-19  4.70E-18  7.18E-18  5.27E-18  2.07E-18  8.46E-19
    34       0.00E+00  1.05E-46  2.95E-28  2.33E-22  1.23E-19  2.50E-18  3.81E-18  2.80E-18  1.10E-18  4.49E-19
    35       0.00E+00  6.45E-47  1.82E-28  1.44E-22  7.59E-20  1.54E-18  2.35E-18  1.73E-18  6.77E-19  2.77E-19
    36       0.00E+00  3.10E-47  8.74E-29  6.90E-23  3.65E-20  7.41E-19  1.13E-18  8.30E-19  3.25E-19  1.33E-19
    37       0.00E+00  1.90E-47  5.36E-29  4.23E-23  2.24E-20  4.55E-19  6.93E-19  5.09E-19  2.00E-19  8.17E-20
    38       0.00E+00  9.18E-48  2.59E-29  2.04E-23  1.08E-20  2.19E-19  3.35E-19  2.46E-19  9.64E-20  3.94E-20
    39       0.00E+00  5.46E-48  1.54E-29  1.22E-23  6.43E-21  1.31E-19  1.99E-19  1.46E-19  5.74E-20  2.35E-20
    40       0.00E+00  2.44E-48  6.87E-30  5.43E-24  2.87E-21  5.83E-20  8.89E-20  6.53E-20  2.56E-20  1.05E-20
    41       0.00E+00  1.57E-48  4.42E-30  3.49E-24  1.84E-21  3.75E-20  5.72E-20  4.20E-20  1.65E-20  6.74E-21
    42       0.00E+00  8.39E-49  2.36E-30  1.87E-24  9.87E-22  2.00E-20  3.06E-20  2.25E-20  8.81E-21  3.60E-21

                                                                                              -----------------
                                                                                              SYS= 2  SPNSYS= 3
   IREP
   ----
     2       0.00E+00  3.18E-33  1.86E-20  1.89E-16  1.17E-14  6.77E-14  6.88E-14  4.14E-14  1.44E-14  5.67E-15
     3       0.00E+00  1.98E-38  2.37E-22  3.04E-17  6.47E-15  7.62E-14  9.70E-14  6.50E-14  2.41E-14  9.70E-15
     4       0.00E+00  2.58E-40  3.52E-23  1.01E-17  3.23E-15  4.85E-14  6.68E-14  4.67E-14  1.78E-14  7.19E-15
     5       0.00E+00  2.69E-41  1.10E-23  4.58E-18  1.76E-15  2.94E-14  4.21E-14  2.99E-14  1.15E-14  4.68E-15
     6       0.00E+00  6.53E-42  4.85E-24  2.46E-18  1.04E-15  1.85E-14  2.70E-14  1.94E-14  7.50E-15  3.05E-15
     7       0.00E+00  2.43E-42  2.58E-24  1.47E-18  6.60E-16  1.22E-14  1.80E-14  1.30E-14  5.04E-15  2.06E-15
     8       0.00E+00  1.16E-42  1.54E-24  9.51E-19  4.43E-16  8.36E-15  1.24E-14  9.02E-15  3.51E-15  1.43E-15
     9       0.00E+00  6.41E-43  1.00E-24  6.50E-19  3.11E-16  5.96E-15  8.92E-15  6.49E-15  2.53E-15  1.03E-15
    10       0.00E+00  3.94E-43  6.90E-25  4.65E-19  2.27E-16  4.39E-15  6.59E-15  4.80E-15  1.87E-15  7.66E-16
    11       0.00E+00  2.61E-43  4.96E-25  3.44E-19  1.70E-16  3.32E-15  5.00E-15  3.65E-15  1.43E-15  5.82E-16
    12       0.00E+00  1.83E-43  3.70E-25  2.62E-19  1.31E-16  2.57E-15  3.88E-15  2.83E-15  1.11E-15  4.53E-16
    13       0.00E+00  1.33E-43  2.83E-25  2.04E-19  1.03E-16  2.03E-15  3.06E-15  2.24E-15  8.76E-16  3.58E-16
    14       0.00E+00  1.00E-43  2.22E-25  1.62E-19  8.21E-17  1.63E-15  2.46E-15  1.80E-15  7.05E-16  2.88E-16
    15       0.00E+00  7.79E-44  1.78E-25  1.31E-19  6.68E-17  1.33E-15  2.01E-15  1.47E-15  5.76E-16  2.36E-16
    16       0.00E+00  6.21E-44  1.45E-25  1.08E-19  5.53E-17  1.10E-15  1.67E-15  1.22E-15  4.79E-16  1.96E-16
    17       0.00E+00  4.12E-44  1.00E-25  7.55E-20  3.89E-17  7.79E-16  1.18E-15  8.66E-16  3.39E-16  1.39E-16
    18       0.00E+00  2.87E-44  7.19E-26  5.46E-20  2.83E-17  5.68E-16  8.62E-16  6.32E-16  2.48E-16  1.01E-16
    19       0.00E+00  2.09E-44  5.33E-26  4.07E-20  2.12E-17  4.26E-16  6.48E-16  4.75E-16  1.86E-16  7.61E-17
    20       0.00E+00  1.37E-44  3.58E-26  2.76E-20  1.44E-17  2.90E-16  4.41E-16  3.24E-16  1.27E-16  5.19E-17
    21       0.00E+00  8.50E-45  2.27E-26  1.76E-20  9.19E-18  1.86E-16  2.83E-16  2.07E-16  8.13E-17  3.33E-17
    22       0.00E+00  4.70E-45  1.27E-26  9.93E-21  5.22E-18  1.06E-16  1.61E-16  1.18E-16  4.63E-17  1.89E-17
    23       0.00E+00  3.35E-45  9.16E-27  7.16E-21  3.77E-18  7.63E-17  1.16E-16  8.53E-17  3.34E-17  1.37E-17
    24       0.00E+00  2.15E-45  5.93E-27  4.65E-21  2.45E-18  4.96E-17  7.56E-17  5.55E-17  2.18E-17  8.91E-18
    25       0.00E+00  1.66E-45  4.59E-27  3.60E-21  1.89E-18  3.84E-17  5.86E-17  4.30E-17  1.69E-17  6.90E-18
    26       0.00E+00  1.16E-45  3.23E-27  2.54E-21  1.34E-18  2.72E-17  4.14E-17  3.04E-17  1.19E-17  4.88E-18
    27       0.00E+00  8.50E-46  2.37E-27  1.86E-21  9.81E-19  1.99E-17  3.03E-17  2.23E-17  8.74E-18  3.58E-18
    28       0.00E+00  5.59E-46  1.56E-27  1.23E-21  6.49E-19  1.32E-17  2.01E-17  1.47E-17  5.78E-18  2.37E-18
    29       0.00E+00  3.58E-46  1.00E-27  7.89E-22  4.17E-19  8.46E-18  1.29E-17  9.47E-18  3.71E-18  1.52E-18
    30       0.00E+00  1.89E-46  5.32E-28  4.19E-22  2.21E-19  4.50E-18  6.86E-18  5.04E-18  1.97E-18  8.08E-19
    31       0.00E+00  1.24E-46  3.49E-28  2.75E-22  1.45E-19  2.95E-18  4.50E-18  3.31E-18  1.30E-18  5.31E-19
    32       0.00E+00  6.87E-47  1.93E-28  1.53E-22  8.06E-20  1.64E-18  2.50E-18  1.83E-18  7.19E-19  2.94E-19
    33       0.00E+00  4.43E-47  1.25E-28  9.84E-23  5.20E-20  1.06E-18  1.61E-18  1.18E-18  4.64E-19  1.90E-19
    34       0.00E+00  2.35E-47  6.63E-29  5.23E-23  2.76E-20  5.61E-19  8.56E-19  6.29E-19  2.47E-19  1.01E-19
    35       0.00E+00  1.45E-47  4.08E-29  3.22E-23  1.70E-20  3.46E-19  5.28E-19  3.88E-19  1.52E-19  6.22E-20
    36       0.00E+00  6.96E-48  1.96E-29  1.55E-23  8.19E-21  1.66E-19  2.54E-19  1.86E-19  7.31E-20  2.99E-20
    37       0.00E+00  4.27E-48  1.20E-29  9.51E-24  5.03E-21  1.02E-19  1.56E-19  1.14E-19  4.49E-20  1.84E-20
    38       0.00E+00  2.06E-48  5.81E-30  4.59E-24  2.43E-21  4.93E-20  7.52E-20  5.52E-20  2.17E-20  8.86E-21
    39       0.00E+00  1.23E-48  3.46E-30  2.73E-24  1.44E-21  2.93E-20  4.47E-20  3.28E-20  1.29E-20  5.27E-21
    40       0.00E+00  5.48E-49  1.54E-30  1.22E-24  6.44E-22  1.31E-20  2.00E-20  1.47E-20  5.75E-21  2.35E-21
    41       0.00E+00  3.52E-49  9.93E-31  7.84E-25  4.14E-22  8.42E-21  1.28E-20  9.43E-21  3.70E-21  1.51E-21
    42       0.00E+00  1.88E-49  5.31E-31  4.20E-25  2.22E-22  4.50E-21  6.87E-21  5.04E-21  1.98E-21  8.10E-22

C---------------------------------------------------------------------------------------------------------------
C
C  Input for aslm15n.x : /home/omullane/adas_drc/as_ls/hlike_ne9ls12.as
C  Input for adasdr.x  : /home/omullane/adas_drc/pp_ls/hlike_ne9ls12.pp
C
C  Program : adasdr
C  Date    : 29/11/1996
C  Author  : M O'Mullane
C
C---------------------------------------------------------------------------------------------------------------
 
C---------------------------------------------------------------------------------
C ADAS ADF09 DATA - SCCS info: @(#)$Header: /home/adascvs/adas/adf09/mom93#h/mom93#h_ne9ls12.dat,v 2.1 2004/07/06 22:40:10 whitefor Exp $ Date $Date: 2004/07/06 22:40:10 $
C---------------------------------------------------------------------------------

C-----------------------------------------------------------------------
C                               OPEN-ADAS
C                               +++++++++
C
C This file has been downloaded from OPEN-ADAS (http://open.adas.ac.uk)
C on 15-Jul-2013.
C
C TERMS AND CONDITIONS
C --------------------
C
C The user of the OPEN-ADAS system and data (hereinafter "the User")
C accepts the following terms and conditions:
C
C   1. The University of Strathclyde uses all reasonable endeavours to
C      ensure the accuracy of the data provided and any information
C      given, but the University makes no warranty, expressed or implied
C      as to its accuracy, integrity, fitness for purpose and shall not
C      be responsible for the use to which the data is put by the User
C      and/or any consequences arising out of any inaccuracies or
C      omissions.
C
C   2. Any downloaded OPEN-ADAS file is made available for the
C      personal use of the User only.  It must not be used for any
C      commercial application, incorporated into any web site or in
C      any form re-distributed without express prior written permission
C      from the ADAS Project. In particular, but not by way of
C      limitation, it must not be:
C        *  inserted into a managed database structure,
C        *  redistributed along with a modelling or analysis code,
C        *  made available on a public website.
C
C Permission for OPEN-ADAS data incorporation in non-commercial
C code/system development for scientific advance will not be
C unreasonably withheld, but will be subject to written agreement
C on a case by case basis.
C
C The User will indemnify the University of Strathclyde and keep it
C fully and effectively indemnified against each and every claim made
C against the University as a result of the User's use of the data.
C
C-----------------------------------------------------------------------
