SEQ='HE'     NUCCHG=10                                                  /LS/

   PARENT TERM INDEXING                 BWNP=  10973730.5   NPRNTI= 1   NPRNTF= 1
   --------------------
   INDP         CODE                 S L   WI        WNP
   ----         ----                 - -   --  ----------
     1          1S1                 (2)0( 0.5)        0.0 

   LS RESOLVED TERM INDEXING            BWNR=  13312821.0   NTRM=  58
   -------------------------
   INDX  INDP   CODE                 S L   WJ        WNR       AUGER RATES:  INDP-INDP', INDP'=1,...INDP-1
   ----  ----   ----                 - -   --  ----------      -----------
     1     1    1S1 2S1             (3)0( 1.0)        0.0 
     2     1    1S1 2P1             (3)1( 4.0)    79765.3 
     3     1    1S1 2S1             (1)0( 0.0)    89065.3 
     4     1    1S1 2P1             (1)1( 1.0)   148789.8 
     5     1    1S1 3S1             (3)0( 1.0)  1319106.0 
     6     1    1S1 3S1             (1)0( 0.0)  1339546.7 
     7     1    1S1 3P1             (3)1( 4.0)  1340049.0 
     8     1    1S1 3D1             (3)2( 7.0)  1351007.3 
     9     1    1S1 3D1             (1)2( 2.0)  1351670.4 
    10     1    1S1 3P1             (1)1( 1.0)  1356091.3 
    11     1    1S1 4S1             (3)0( 1.0)  1770136.7 
    12     1    1S1 4S1             (1)0( 0.0)  1778488.4 
    13     1    1S1 4P1             (3)1( 4.0)  1778763.4 
    14     1    1S1 4D1             (3)2( 7.0)  1783302.0 
    15     1    1S1 4F1             (3)3(10.0)  1783542.0 
    16     1    1S1 4F1             (1)3( 3.0)  1783546.4 
    17     1    1S1 4D1             (1)2( 2.0)  1783660.3 
    18     1    1S1 4P1             (1)1( 1.0)  1785357.8 
    19     1    1S1 5S1             (3)0( 1.0)  1976738.3 
    20     1    1S1 5S1             (1)0( 0.0)  1980946.4 
    21     1    1S1 5P1             (3)1( 4.0)  1981101.9 
    22     1    1S1 5D1             (3)2( 7.0)  1983404.6 
    23     1    1S1 5F1             (3)3(10.0)  1983539.0 
    24     1    1S1 5G1             (3)4(13.0)  1983541.3 
    25     1    1S1 5G1             (1)4( 4.0)  1983541.4 
    26     1    1S1 5F1             (1)3( 3.0)  1983542.6 
    27     1    1S1 5D1             (1)2( 2.0)  1983605.4 
    28     1    1S1 5P1             (1)1( 1.0)  1984437.4 
    29     1    1S1 6S1             (3)0( 1.0)  2088265.3 
    30     1    1S1 6S1             (1)0( 0.0)  2090677.9 
    31     1    1S1 6P1             (3)1( 4.0)  2090772.6 
    32     1    1S1 6D1             (3)2( 7.0)  2092098.4 
    33     1    1S1 6F1             (3)3(10.0)  2092179.7 
    34     1    1S1 6G1             (3)4(13.0)  2092181.4 
    35     1    1S1 6G1             (1)4( 4.0)  2092181.4 
    36     1    1S1 6F1             (1)3( 3.0)  2092182.2 
    37     1    1S1 6D1             (1)2( 2.0)  2092219.9 
    38     1    1S1 6P1             (1)1( 1.0)  2092690.0 
    39     1    1S1 7S1             (3)0( 1.0)  2155230.2 
    40     1    1S1 7S1             (1)0( 0.0)  2156740.5 
    41     1    1S1 7P1             (3)1( 4.0)  2156801.9 
    42     1    1S1 7D1             (3)2( 7.0)  2157634.2 
    43     1    1S1 7F1             (3)3(10.0)  2157686.7 
    44     1    1S1 7G1             (3)4(13.0)  2157687.9 
    45     1    1S1 7G1             (1)4( 4.0)  2157687.9 
    46     1    1S1 7F1             (1)3( 3.0)  2157688.5 
    47     1    1S1 7D1             (1)2( 2.0)  2157712.7 
    48     1    1S1 7P1             (1)1( 1.0)  2158004.5 
    49     1    1S1 8S1             (3)0( 1.0)  2198561.6 
    50     1    1S1 8S1             (1)0( 0.0)  2199569.2 
    51     1    1S1 8P1             (3)1( 4.0)  2199611.1 
    52     1    1S1 8D1             (3)2( 7.0)  2200167.5 
    53     1    1S1 8F1             (3)3(10.0)  2200203.3 
    54     1    1S1 8G1             (3)4(13.0)  2200204.1 
    55     1    1S1 8G1             (1)4( 4.0)  2200204.1 
    56     1    1S1 8F1             (1)3( 3.0)  2200204.5 
    57     1    1S1 8D1             (1)2( 2.0)  2200221.0 
    58     1    1S1 8P1             (1)1( 1.0)  2200414.6 

   N-SHELL INDEXING & AUGER RATES                       NREP= 42
   ------------------------------
   IREP    N
   -----   -
     1     1
     2     2
     3     3
     4     4
     5     5
     6     6
     7     7
     8     8
     9     9
    10    10
    11    11
    12    12
    13    13
    14    14
    15    15
    16    16
    17    18
    18    20
    19    22
    20    25
    21    29
    22    35
    23    39
    24    45
    25    49
    26    55
    27    61
    28    70
    29    81
    30   100
    31   115
    32   140
    33   162
    34   200
    35   235
    36   300
    37   353
    38   450
    39   535
    40   700
    41   811
    42   999



 --------------------------------
 PRTI= 1  TRMPRT= (2S)  SPNPRT= 2

   INDX TE=  8.10E+02  1.62E+03  4.05E+03  8.10E+03  1.62E+04  4.05E+04  8.10E+04  1.62E+05  4.05E+05  8.10E+05
   ---- ---  1.62E+06  4.05E+06  8.10E+06  1.62E+07  4.05E+07  8.10E+07  1.62E+08  4.05E+08  8.10E+08
     1       0.00E+00  0.00E+00  0.00E+00  0.00E+00  0.00E+00  0.00E+00  0.00E+00  3.23E-33  1.89E-20  1.91E-16
             1.16E-14  6.49E-14  6.48E-14  3.86E-14  1.33E-14  5.24E-15  1.95E-15  5.09E-16  1.82E-16
     2       0.00E+00  0.00E+00  0.00E+00  0.00E+00  0.00E+00  0.00E+00  0.00E+00  5.13E-40  7.05E-24  1.01E-18
             2.35E-16  2.97E-15  3.89E-15  2.64E-15  9.91E-16  3.99E-16  1.51E-16  3.97E-17  1.42E-17
     3       0.00E+00  0.00E+00  0.00E+00  0.00E+00  0.00E+00  0.00E+00  0.00E+00  4.55E-34  5.20E-21  6.58E-17
             4.45E-15  2.68E-14  2.74E-14  1.65E-14  5.75E-15  2.26E-15  8.44E-16  2.21E-16  7.88E-17
     4       0.00E+00  0.00E+00  0.00E+00  0.00E+00  0.00E+00  0.00E+00  0.00E+00  2.05E-33  2.07E-20  2.54E-16
             1.70E-14  1.02E-13  1.04E-13  6.28E-14  2.19E-14  8.61E-15  3.21E-15  8.39E-16  3.00E-16
     5       0.00E+00  0.00E+00  0.00E+00  0.00E+00  0.00E+00  0.00E+00  0.00E+00  5.10E-39  5.53E-23  6.84E-18
             1.43E-15  1.67E-14  2.11E-14  1.41E-14  5.24E-15  2.11E-15  7.93E-16  2.09E-16  7.47E-17
     6       0.00E+00  0.00E+00  0.00E+00  0.00E+00  0.00E+00  0.00E+00  0.00E+00  1.74E-39  2.45E-23  3.31E-18
             7.23E-16  8.64E-15  1.10E-14  7.43E-15  2.76E-15  1.11E-15  4.19E-16  1.10E-16  3.94E-17
     7       0.00E+00  0.00E+00  0.00E+00  0.00E+00  0.00E+00  0.00E+00  0.00E+00  2.40E-39  3.14E-23  4.15E-18
             8.97E-16  1.07E-14  1.36E-14  9.12E-15  3.39E-15  1.36E-15  5.14E-16  1.35E-16  4.84E-17
     8       0.00E+00  0.00E+00  0.00E+00  0.00E+00  0.00E+00  0.00E+00  0.00E+00  1.14E-38  1.42E-22  1.85E-17
             3.96E-15  4.68E-14  5.95E-14  4.00E-14  1.48E-14  5.97E-15  2.25E-15  5.91E-16  2.12E-16
     9       0.00E+00  0.00E+00  0.00E+00  0.00E+00  0.00E+00  0.00E+00  0.00E+00  6.56E-39  1.07E-22  1.52E-17
             3.42E-15  4.15E-14  5.33E-14  3.59E-14  1.34E-14  5.38E-15  2.03E-15  5.34E-16  1.91E-16
    10       0.00E+00  0.00E+00  0.00E+00  0.00E+00  0.00E+00  0.00E+00  0.00E+00  7.22E-39  9.63E-23  1.28E-17
             2.78E-15  3.32E-14  4.24E-14  2.85E-14  1.06E-14  4.26E-15  1.60E-15  4.22E-16  1.51E-16
    11       0.00E+00  0.00E+00  0.00E+00  0.00E+00  0.00E+00  0.00E+00  0.00E+00  5.04E-41  6.47E-24  1.82E-18
             5.76E-16  8.59E-15  1.18E-14  8.24E-15  3.13E-15  1.27E-15  4.80E-16  1.27E-16  4.54E-17
    12       0.00E+00  0.00E+00  0.00E+00  0.00E+00  0.00E+00  0.00E+00  0.00E+00  3.23E-41  4.65E-24  1.36E-18
             4.38E-16  6.61E-15  9.13E-15  6.38E-15  2.43E-15  9.85E-16  3.73E-16  9.82E-17  3.52E-17
    13       0.00E+00  0.00E+00  0.00E+00  0.00E+00  0.00E+00  0.00E+00  0.00E+00  3.29E-41  4.59E-24  1.33E-18
             4.27E-16  6.42E-15  8.86E-15  6.19E-15  2.36E-15  9.55E-16  3.61E-16  9.52E-17  3.41E-17
    14       0.00E+00  0.00E+00  0.00E+00  0.00E+00  0.00E+00  0.00E+00  0.00E+00  1.34E-40  1.85E-23  5.33E-18
             1.70E-15  2.56E-14  3.53E-14  2.47E-14  9.38E-15  3.80E-15  1.44E-15  3.79E-16  1.36E-16
    15       0.00E+00  0.00E+00  0.00E+00  0.00E+00  0.00E+00  0.00E+00  0.00E+00  2.64E-41  3.83E-24  1.12E-18
             3.62E-16  5.47E-15  7.56E-15  5.28E-15  2.01E-15  8.15E-16  3.08E-16  8.13E-17  2.91E-17
    16       0.00E+00  0.00E+00  0.00E+00  0.00E+00  0.00E+00  0.00E+00  0.00E+00  3.88E-41  5.75E-24  1.70E-18
             5.51E-16  8.34E-15  1.15E-14  8.06E-15  3.07E-15  1.24E-15  4.71E-16  1.24E-16  4.45E-17
    17       0.00E+00  0.00E+00  0.00E+00  0.00E+00  0.00E+00  0.00E+00  0.00E+00  1.27E-40  1.93E-23  5.74E-18
             1.86E-15  2.83E-14  3.91E-14  2.74E-14  1.04E-14  4.22E-15  1.60E-15  4.21E-16  1.51E-16
    18       0.00E+00  0.00E+00  0.00E+00  0.00E+00  0.00E+00  0.00E+00  0.00E+00  1.24E-40  1.75E-23  5.09E-18
             1.63E-15  2.46E-14  3.39E-14  2.37E-14  9.03E-15  3.66E-15  1.38E-15  3.65E-16  1.31E-16
    19       0.00E+00  0.00E+00  0.00E+00  0.00E+00  0.00E+00  0.00E+00  0.00E+00  4.81E-42  1.91E-24  7.83E-19
             2.98E-16  4.98E-15  7.11E-15  5.06E-15  1.94E-15  7.91E-16  3.00E-16  7.91E-17  2.84E-17
    20       0.00E+00  0.00E+00  0.00E+00  0.00E+00  0.00E+00  0.00E+00  0.00E+00  4.65E-42  1.96E-24  8.20E-19
             3.15E-16  5.30E-15  7.58E-15  5.40E-15  2.08E-15  8.44E-16  3.20E-16  8.45E-17  3.03E-17
    21       0.00E+00  0.00E+00  0.00E+00  0.00E+00  0.00E+00  0.00E+00  0.00E+00  3.41E-42  1.41E-24  5.89E-19
             2.26E-16  3.79E-15  5.42E-15  3.86E-15  1.48E-15  6.03E-16  2.29E-16  6.04E-17  2.16E-17
    22       0.00E+00  0.00E+00  0.00E+00  0.00E+00  0.00E+00  0.00E+00  0.00E+00  1.32E-41  5.44E-24  2.26E-18
             8.68E-16  1.45E-14  2.08E-14  1.48E-14  5.70E-15  2.32E-15  8.78E-16  2.32E-16  8.31E-17
    23       0.00E+00  0.00E+00  0.00E+00  0.00E+00  0.00E+00  0.00E+00  0.00E+00  3.67E-42  1.55E-24  6.51E-19
             2.51E-16  4.21E-15  6.03E-15  4.29E-15  1.65E-15  6.71E-16  2.55E-16  6.72E-17  2.41E-17
    24       0.00E+00  0.00E+00  0.00E+00  0.00E+00  0.00E+00  0.00E+00  0.00E+00  2.16E-43  9.13E-26  3.83E-20
             1.48E-17  2.48E-16  3.55E-16  2.53E-16  9.73E-17  3.96E-17  1.50E-17  3.96E-18  1.42E-18
    25       0.00E+00  0.00E+00  0.00E+00  0.00E+00  0.00E+00  0.00E+00  0.00E+00  7.03E-44  2.99E-26  1.26E-20
             4.84E-18  8.13E-17  1.16E-16  8.29E-17  3.19E-17  1.30E-17  4.92E-18  1.30E-18  4.65E-19
    26       0.00E+00  0.00E+00  0.00E+00  0.00E+00  0.00E+00  0.00E+00  0.00E+00  6.15E-42  2.63E-24  1.11E-18
             4.27E-16  7.19E-15  1.03E-14  7.33E-15  2.82E-15  1.15E-15  4.35E-16  1.15E-16  4.11E-17
    27       0.00E+00  0.00E+00  0.00E+00  0.00E+00  0.00E+00  0.00E+00  0.00E+00  1.65E-41  7.12E-24  3.01E-18
             1.16E-15  1.96E-14  2.80E-14  2.00E-14  7.68E-15  3.12E-15  1.18E-15  3.12E-16  1.12E-16
    28       0.00E+00  0.00E+00  0.00E+00  0.00E+00  0.00E+00  0.00E+00  0.00E+00  1.77E-41  7.34E-24  3.06E-18
             1.18E-15  1.97E-14  2.82E-14  2.01E-14  7.73E-15  3.14E-15  1.19E-15  3.14E-16  1.13E-16
    29       0.00E+00  0.00E+00  0.00E+00  0.00E+00  0.00E+00  0.00E+00  0.00E+00  1.12E-42  8.15E-25  4.10E-19
             1.73E-16  3.06E-15  4.47E-15  3.21E-15  1.24E-15  5.06E-16  1.92E-16  5.07E-17  1.82E-17
    30       0.00E+00  0.00E+00  0.00E+00  0.00E+00  0.00E+00  0.00E+00  0.00E+00  1.46E-42  1.10E-24  5.59E-19
             2.37E-16  4.22E-15  6.16E-15  4.43E-15  1.71E-15  6.98E-16  2.65E-16  7.00E-17  2.51E-17
    31       0.00E+00  0.00E+00  0.00E+00  0.00E+00  0.00E+00  0.00E+00  0.00E+00  8.26E-43  6.17E-25  3.13E-19
             1.33E-16  2.36E-15  3.44E-15  2.47E-15  9.56E-16  3.90E-16  1.48E-16  3.90E-17  1.40E-17
    32       0.00E+00  0.00E+00  0.00E+00  0.00E+00  0.00E+00  0.00E+00  0.00E+00  3.13E-42  2.33E-24  1.18E-18
             5.00E-16  8.89E-15  1.30E-14  9.32E-15  3.61E-15  1.47E-15  5.58E-16  1.47E-16  5.28E-17
    33       0.00E+00  0.00E+00  0.00E+00  0.00E+00  0.00E+00  0.00E+00  0.00E+00  9.72E-43  7.34E-25  3.74E-19
             1.58E-16  2.82E-15  4.12E-15  2.96E-15  1.15E-15  4.67E-16  1.77E-16  4.68E-17  1.68E-17
    34       0.00E+00  0.00E+00  0.00E+00  0.00E+00  0.00E+00  0.00E+00  0.00E+00  8.63E-44  6.52E-26  3.32E-20
             1.41E-17  2.51E-16  3.66E-16  2.63E-16  1.02E-16  4.15E-17  1.58E-17  4.16E-18  1.49E-18
    35       0.00E+00  0.00E+00  0.00E+00  0.00E+00  0.00E+00  0.00E+00  0.00E+00  2.46E-44  1.86E-26  9.50E-21
             4.03E-18  7.18E-17  1.05E-16  7.54E-17  2.92E-17  1.19E-17  4.51E-18  1.19E-18  4.27E-19
    36       0.00E+00  0.00E+00  0.00E+00  0.00E+00  0.00E+00  0.00E+00  0.00E+00  1.90E-42  1.44E-24  7.36E-19
             3.13E-16  5.57E-15  8.13E-15  5.84E-15  2.26E-15  9.22E-16  3.50E-16  9.24E-17  3.31E-17
    37       0.00E+00  0.00E+00  0.00E+00  0.00E+00  0.00E+00  0.00E+00  0.00E+00  4.65E-42  3.55E-24  1.81E-18
             7.70E-16  1.37E-14  2.01E-14  1.44E-14  5.58E-15  2.27E-15  8.63E-16  2.28E-16  8.17E-17
    38       0.00E+00  0.00E+00  0.00E+00  0.00E+00  0.00E+00  0.00E+00  0.00E+00  5.59E-42  4.18E-24  2.12E-18
             8.98E-16  1.60E-14  2.33E-14  1.67E-14  6.48E-15  2.64E-15  1.00E-15  2.65E-16  9.49E-17
    39       0.00E+00  0.00E+00  0.00E+00  0.00E+00  0.00E+00  0.00E+00  0.00E+00  4.07E-43  4.26E-25  2.42E-19
             1.08E-16  1.99E-15  2.94E-15  2.12E-15  8.25E-16  3.36E-16  1.28E-16  3.37E-17  1.21E-17
    40       0.00E+00  0.00E+00  0.00E+00  0.00E+00  0.00E+00  0.00E+00  0.00E+00  6.56E-43  7.02E-25  4.02E-19
             1.81E-16  3.33E-15  4.92E-15  3.55E-15  1.38E-15  5.63E-16  2.14E-16  5.64E-17  2.02E-17
    41       0.00E+00  0.00E+00  0.00E+00  0.00E+00  0.00E+00  0.00E+00  0.00E+00  3.07E-43  3.27E-25  1.86E-19
             8.37E-17  1.54E-15  2.28E-15  1.65E-15  6.39E-16  2.61E-16  9.90E-17  2.62E-17  9.38E-18
    42       0.00E+00  0.00E+00  0.00E+00  0.00E+00  0.00E+00  0.00E+00  0.00E+00  1.15E-42  1.22E-24  6.97E-19
             3.13E-16  5.77E-15  8.52E-15  6.15E-15  2.39E-15  9.75E-16  3.70E-16  9.78E-17  3.51E-17
    43       0.00E+00  0.00E+00  0.00E+00  0.00E+00  0.00E+00  0.00E+00  0.00E+00  3.77E-43  4.04E-25  2.31E-19
             1.04E-16  1.92E-15  2.83E-15  2.05E-15  7.95E-16  3.24E-16  1.23E-16  3.25E-17  1.17E-17
    44       0.00E+00  0.00E+00  0.00E+00  0.00E+00  0.00E+00  0.00E+00  0.00E+00  3.99E-44  4.28E-26  2.45E-20
             1.10E-17  2.03E-16  3.00E-16  2.17E-16  8.42E-17  3.43E-17  1.30E-17  3.44E-18  1.23E-18
    45       0.00E+00  0.00E+00  0.00E+00  0.00E+00  0.00E+00  0.00E+00  0.00E+00  1.03E-44  1.11E-26  6.34E-21
             2.85E-18  5.26E-17  7.77E-17  5.61E-17  2.18E-17  8.90E-18  3.38E-18  8.92E-19  3.20E-19
    46       0.00E+00  0.00E+00  0.00E+00  0.00E+00  0.00E+00  0.00E+00  0.00E+00  8.33E-43  8.97E-25  5.14E-19
             2.31E-16  4.27E-15  6.30E-15  4.55E-15  1.77E-15  7.22E-16  2.74E-16  7.24E-17  2.60E-17
    47       0.00E+00  0.00E+00  0.00E+00  0.00E+00  0.00E+00  0.00E+00  0.00E+00  1.91E-42  2.06E-24  1.18E-18
             5.31E-16  9.79E-15  1.45E-14  1.05E-14  4.06E-15  1.66E-15  6.29E-16  1.66E-16  5.96E-17
    48       0.00E+00  0.00E+00  0.00E+00  0.00E+00  0.00E+00  0.00E+00  0.00E+00  2.56E-42  2.72E-24  1.56E-18
             6.99E-16  1.29E-14  1.90E-14  1.37E-14  5.34E-15  2.18E-15  8.26E-16  2.18E-16  7.83E-17
    49       0.00E+00  0.00E+00  0.00E+00  0.00E+00  0.00E+00  0.00E+00  0.00E+00  1.90E-43  2.52E-25  1.55E-19
             7.21E-17  1.36E-15  2.02E-15  1.46E-15  5.70E-16  2.33E-16  8.84E-17  2.34E-17  8.38E-18
    50       0.00E+00  0.00E+00  0.00E+00  0.00E+00  0.00E+00  0.00E+00  0.00E+00  3.57E-43  4.80E-25  2.96E-19
             1.38E-16  2.61E-15  3.88E-15  2.82E-15  1.10E-15  4.48E-16  1.70E-16  4.49E-17  1.61E-17
    51       0.00E+00  0.00E+00  0.00E+00  0.00E+00  0.00E+00  0.00E+00  0.00E+00  1.46E-43  1.95E-25  1.20E-19
             5.60E-17  1.06E-15  1.57E-15  1.14E-15  4.44E-16  1.81E-16  6.88E-17  1.82E-17  6.52E-18
    52       0.00E+00  0.00E+00  0.00E+00  0.00E+00  0.00E+00  0.00E+00  0.00E+00  5.43E-43  7.26E-25  4.47E-19
             2.09E-16  3.93E-15  5.85E-15  4.25E-15  1.65E-15  6.75E-16  2.56E-16  6.77E-17  2.43E-17
    53       0.00E+00  0.00E+00  0.00E+00  0.00E+00  0.00E+00  0.00E+00  0.00E+00  1.84E-43  2.47E-25  1.53E-19
             7.13E-17  1.34E-15  2.00E-15  1.45E-15  5.65E-16  2.31E-16  8.76E-17  2.31E-17  8.30E-18
    54       0.00E+00  0.00E+00  0.00E+00  0.00E+00  0.00E+00  0.00E+00  0.00E+00  2.14E-44  2.88E-26  1.77E-20
             8.29E-18  1.56E-16  2.33E-16  1.69E-16  6.57E-17  2.68E-17  1.02E-17  2.69E-18  9.65E-19
    55       0.00E+00  0.00E+00  0.00E+00  0.00E+00  0.00E+00  0.00E+00  0.00E+00  5.15E-45  6.94E-27  4.29E-21
             2.00E-18  3.78E-17  5.62E-17  4.08E-17  1.59E-17  6.48E-18  2.46E-18  6.50E-19  2.33E-19
    56       0.00E+00  0.00E+00  0.00E+00  0.00E+00  0.00E+00  0.00E+00  0.00E+00  4.46E-43  6.02E-25  3.72E-19
             1.74E-16  3.28E-15  4.88E-15  3.54E-15  1.38E-15  5.62E-16  2.14E-16  5.64E-17  2.02E-17
    57       0.00E+00  0.00E+00  0.00E+00  0.00E+00  0.00E+00  0.00E+00  0.00E+00  9.68E-43  1.31E-24  8.07E-19
             3.77E-16  7.12E-15  1.06E-14  7.69E-15  2.99E-15  1.22E-15  4.64E-16  1.23E-16  4.40E-17
    58       0.00E+00  0.00E+00  0.00E+00  0.00E+00  0.00E+00  0.00E+00  0.00E+00  1.42E-42  1.90E-24  1.17E-18
             5.48E-16  1.03E-14  1.54E-14  1.11E-14  4.34E-15  1.77E-15  6.73E-16  1.78E-16  6.37E-17


 -----------------------------------------
 PRTF= 1  TRMPRT= (2S)  SPNPRT= 2  NSYS= 2
                                                                                              -----------------
                                                                                              SYS= 1  SPNSYS= 1
   IREP
   ----
     2       0.00E+00  0.00E+00  0.00E+00  0.00E+00  0.00E+00  0.00E+00  0.00E+00  2.50E-33  2.59E-20  3.20E-16
             2.15E-14  1.29E-13  1.32E-13  7.93E-14  2.76E-14  1.09E-14  4.06E-15  1.06E-15  3.79E-16
     3       0.00E+00  0.00E+00  0.00E+00  0.00E+00  0.00E+00  0.00E+00  0.00E+00  1.55E-38  2.28E-22  3.14E-17
             6.92E-15  8.33E-14  1.07E-13  7.18E-14  2.67E-14  1.08E-14  4.05E-15  1.07E-15  3.82E-16
     4       0.00E+00  0.00E+00  0.00E+00  0.00E+00  0.00E+00  0.00E+00  0.00E+00  3.23E-40  4.72E-23  1.39E-17
             4.49E-15  6.78E-14  9.37E-14  6.55E-14  2.49E-14  1.01E-14  3.83E-15  1.01E-15  3.61E-16
     5       0.00E+00  0.00E+00  0.00E+00  0.00E+00  0.00E+00  0.00E+00  0.00E+00  4.50E-41  1.91E-23  8.01E-18
             3.09E-15  5.19E-14  7.43E-14  5.28E-14  2.03E-14  8.27E-15  3.14E-15  8.27E-16  2.97E-16
     6       0.00E+00  0.00E+00  0.00E+00  0.00E+00  0.00E+00  0.00E+00  0.00E+00  1.36E-41  1.03E-23  5.24E-18
             2.22E-15  3.96E-14  5.78E-14  4.15E-14  1.61E-14  6.55E-15  2.48E-15  6.56E-16  2.35E-16
     7       0.00E+00  0.00E+00  0.00E+00  0.00E+00  0.00E+00  0.00E+00  0.00E+00  5.97E-42  6.39E-24  3.66E-18
             1.64E-15  3.03E-14  4.48E-14  3.24E-14  1.26E-14  5.13E-15  1.95E-15  5.14E-16  1.84E-16
     8       0.00E+00  0.00E+00  0.00E+00  0.00E+00  0.00E+00  0.00E+00  0.00E+00  3.20E-42  4.30E-24  2.65E-18
             1.24E-15  2.34E-14  3.48E-14  2.52E-14  9.82E-15  4.01E-15  1.52E-15  4.02E-16  1.44E-16
     9       0.00E+00  0.00E+00  0.00E+00  0.00E+00  0.00E+00  0.00E+00  0.00E+00  1.94E-42  3.05E-24  1.98E-18
             9.49E-16  1.82E-14  2.72E-14  1.98E-14  7.71E-15  3.15E-15  1.20E-15  3.16E-16  1.13E-16
    10       0.00E+00  0.00E+00  0.00E+00  0.00E+00  0.00E+00  0.00E+00  0.00E+00  1.28E-42  2.24E-24  1.51E-18
             7.37E-16  1.43E-14  2.14E-14  1.56E-14  6.10E-15  2.49E-15  9.47E-16  2.50E-16  8.97E-17
    11       0.00E+00  0.00E+00  0.00E+00  0.00E+00  0.00E+00  0.00E+00  0.00E+00  8.88E-43  1.69E-24  1.17E-18
             5.81E-16  1.13E-14  1.71E-14  1.25E-14  4.87E-15  1.99E-15  7.56E-16  2.00E-16  7.17E-17
    12       0.00E+00  0.00E+00  0.00E+00  0.00E+00  0.00E+00  0.00E+00  0.00E+00  6.45E-43  1.31E-24  9.27E-19
             4.64E-16  9.11E-15  1.37E-14  1.00E-14  3.93E-15  1.60E-15  6.10E-16  1.61E-16  5.78E-17
    13       0.00E+00  0.00E+00  0.00E+00  0.00E+00  0.00E+00  0.00E+00  0.00E+00  4.85E-43  1.03E-24  7.44E-19
             3.75E-16  7.41E-15  1.12E-14  8.18E-15  3.20E-15  1.31E-15  4.97E-16  1.31E-16  4.71E-17
    14       0.00E+00  0.00E+00  0.00E+00  0.00E+00  0.00E+00  0.00E+00  0.00E+00  3.74E-43  8.29E-25  6.04E-19
             3.07E-16  6.08E-15  9.20E-15  6.73E-15  2.63E-15  1.08E-15  4.10E-16  1.08E-16  3.88E-17
    15       0.00E+00  0.00E+00  0.00E+00  0.00E+00  0.00E+00  0.00E+00  0.00E+00  2.97E-43  6.79E-25  5.00E-19
             2.55E-16  5.07E-15  7.68E-15  5.62E-15  2.20E-15  9.00E-16  3.42E-16  9.04E-17  3.24E-17
    16       0.00E+00  0.00E+00  0.00E+00  0.00E+00  0.00E+00  0.00E+00  0.00E+00  2.40E-43  5.63E-25  4.18E-19
             2.14E-16  4.27E-15  6.47E-15  4.74E-15  1.86E-15  7.59E-16  2.88E-16  7.62E-17  2.73E-17
    17       0.00E+00  0.00E+00  0.00E+00  0.00E+00  0.00E+00  0.00E+00  0.00E+00  1.61E-43  3.93E-25  2.96E-19
             1.52E-16  3.05E-15  4.63E-15  3.39E-15  1.33E-15  5.44E-16  2.07E-16  5.46E-17  1.96E-17
    18       0.00E+00  0.00E+00  0.00E+00  0.00E+00  0.00E+00  0.00E+00  0.00E+00  1.14E-43  2.86E-25  2.17E-19
             1.12E-16  2.26E-15  3.43E-15  2.51E-15  9.85E-16  4.03E-16  1.53E-16  4.05E-17  1.45E-17
    19       0.00E+00  0.00E+00  0.00E+00  0.00E+00  0.00E+00  0.00E+00  0.00E+00  8.38E-44  2.14E-25  1.64E-19
             8.52E-17  1.71E-15  2.61E-15  1.91E-15  7.49E-16  3.06E-16  1.17E-16  3.08E-17  1.10E-17
    20       0.00E+00  0.00E+00  0.00E+00  0.00E+00  0.00E+00  0.00E+00  0.00E+00  5.57E-44  1.46E-25  1.12E-19
             5.85E-17  1.18E-15  1.80E-15  1.32E-15  5.16E-16  2.11E-16  8.03E-17  2.12E-17  7.62E-18
    21       0.00E+00  0.00E+00  0.00E+00  0.00E+00  0.00E+00  0.00E+00  0.00E+00  3.49E-44  9.30E-26  7.21E-20
             3.77E-17  7.62E-16  1.16E-15  8.51E-16  3.34E-16  1.37E-16  5.19E-17  1.37E-17  4.92E-18
    22       0.00E+00  0.00E+00  0.00E+00  0.00E+00  0.00E+00  0.00E+00  0.00E+00  1.94E-44  5.26E-26  4.11E-20
             2.16E-17  4.36E-16  6.65E-16  4.88E-16  1.91E-16  7.82E-17  2.98E-17  7.87E-18  2.82E-18
    23       0.00E+00  0.00E+00  0.00E+00  0.00E+00  0.00E+00  0.00E+00  0.00E+00  1.39E-44  3.80E-26  2.97E-20
             1.56E-17  3.16E-16  4.82E-16  3.53E-16  1.39E-16  5.67E-17  2.16E-17  5.70E-18  2.05E-18
    24       0.00E+00  0.00E+00  0.00E+00  0.00E+00  0.00E+00  0.00E+00  0.00E+00  8.94E-45  2.46E-26  1.93E-20
             1.02E-17  2.06E-16  3.14E-16  2.31E-16  9.04E-17  3.70E-17  1.41E-17  3.72E-18  1.33E-18
    25       0.00E+00  0.00E+00  0.00E+00  0.00E+00  0.00E+00  0.00E+00  0.00E+00  6.89E-45  1.91E-26  1.50E-20
             7.88E-18  1.60E-16  2.44E-16  1.79E-16  7.01E-17  2.87E-17  1.09E-17  2.88E-18  1.03E-18
    26       0.00E+00  0.00E+00  0.00E+00  0.00E+00  0.00E+00  0.00E+00  0.00E+00  4.84E-45  1.35E-26  1.06E-20
             5.57E-18  1.13E-16  1.72E-16  1.27E-16  4.96E-17  2.03E-17  7.72E-18  2.04E-18  7.32E-19
    27       0.00E+00  0.00E+00  0.00E+00  0.00E+00  0.00E+00  0.00E+00  0.00E+00  3.54E-45  9.85E-27  7.75E-21
             4.09E-18  8.29E-17  1.26E-16  9.28E-17  3.64E-17  1.49E-17  5.66E-18  1.50E-18  5.37E-19
    28       0.00E+00  0.00E+00  0.00E+00  0.00E+00  0.00E+00  0.00E+00  0.00E+00  2.33E-45  6.51E-27  5.12E-21
             2.70E-18  5.49E-17  8.37E-17  6.14E-17  2.41E-17  9.86E-18  3.75E-18  9.91E-19  3.56E-19
    29       0.00E+00  0.00E+00  0.00E+00  0.00E+00  0.00E+00  0.00E+00  0.00E+00  1.50E-45  4.20E-27  3.31E-21
             1.74E-18  3.54E-17  5.40E-17  3.97E-17  1.56E-17  6.37E-18  2.42E-18  6.40E-19  2.30E-19
    30       0.00E+00  0.00E+00  0.00E+00  0.00E+00  0.00E+00  0.00E+00  0.00E+00  7.94E-46  2.23E-27  1.76E-21
             9.29E-19  1.89E-17  2.88E-17  2.11E-17  8.28E-18  3.39E-18  1.29E-18  3.41E-19  1.22E-19
    31       0.00E+00  0.00E+00  0.00E+00  0.00E+00  0.00E+00  0.00E+00  0.00E+00  5.20E-46  1.46E-27  1.15E-21
             6.09E-19  1.24E-17  1.89E-17  1.39E-17  5.43E-18  2.22E-18  8.46E-19  2.24E-19  8.02E-20
    32       0.00E+00  0.00E+00  0.00E+00  0.00E+00  0.00E+00  0.00E+00  0.00E+00  2.88E-46  8.10E-28  6.39E-22
             3.38E-19  6.86E-18  1.05E-17  7.68E-18  3.01E-18  1.23E-18  4.69E-19  1.24E-19  4.45E-20
    33       0.00E+00  0.00E+00  0.00E+00  0.00E+00  0.00E+00  0.00E+00  0.00E+00  1.85E-46  5.22E-28  4.12E-22
             2.18E-19  4.43E-18  6.75E-18  4.96E-18  1.94E-18  7.96E-19  3.03E-19  8.00E-20  2.87E-20
    34       0.00E+00  0.00E+00  0.00E+00  0.00E+00  0.00E+00  0.00E+00  0.00E+00  9.85E-47  2.78E-28  2.19E-22
             1.16E-19  2.35E-18  3.59E-18  2.63E-18  1.03E-18  4.23E-19  1.61E-19  4.25E-20  1.53E-20
    35       0.00E+00  0.00E+00  0.00E+00  0.00E+00  0.00E+00  0.00E+00  0.00E+00  6.07E-47  1.71E-28  1.35E-22
             7.14E-20  1.45E-18  2.21E-18  1.62E-18  6.37E-19  2.61E-19  9.91E-20  2.62E-20  9.40E-21
    36       0.00E+00  0.00E+00  0.00E+00  0.00E+00  0.00E+00  0.00E+00  0.00E+00  2.91E-47  8.22E-29  6.49E-23
             3.43E-20  6.97E-19  1.06E-18  7.81E-19  3.06E-19  1.25E-19  4.77E-20  1.26E-20  4.52E-21
    37       0.00E+00  0.00E+00  0.00E+00  0.00E+00  0.00E+00  0.00E+00  0.00E+00  1.79E-47  5.04E-29  3.98E-23
             2.11E-20  4.28E-19  6.52E-19  4.79E-19  1.88E-19  7.69E-20  2.93E-20  7.73E-21  2.77E-21
    38       0.00E+00  0.00E+00  0.00E+00  0.00E+00  0.00E+00  0.00E+00  0.00E+00  8.63E-48  2.43E-29  1.92E-23
             1.02E-20  2.06E-19  3.15E-19  2.31E-19  9.07E-20  3.71E-20  1.41E-20  3.73E-21  1.34E-21
    39       0.00E+00  0.00E+00  0.00E+00  0.00E+00  0.00E+00  0.00E+00  0.00E+00  5.14E-48  1.45E-29  1.14E-23
             6.05E-21  1.23E-19  1.87E-19  1.38E-19  5.40E-20  2.21E-20  8.40E-21  2.22E-21  7.97E-22
    40       0.00E+00  0.00E+00  0.00E+00  0.00E+00  0.00E+00  0.00E+00  0.00E+00  2.29E-48  6.47E-30  5.11E-24
             2.70E-21  5.49E-20  8.37E-20  6.14E-20  2.41E-20  9.86E-21  3.75E-21  9.92E-22  3.56E-22
    41       0.00E+00  0.00E+00  0.00E+00  0.00E+00  0.00E+00  0.00E+00  0.00E+00  1.47E-48  4.16E-30  3.29E-24
             1.74E-21  3.53E-20  5.38E-20  3.95E-20  1.55E-20  6.34E-21  2.41E-21  6.38E-22  2.29E-22
    42       0.00E+00  0.00E+00  0.00E+00  0.00E+00  0.00E+00  0.00E+00  0.00E+00  7.89E-49  2.23E-30  1.76E-24
             9.29E-22  1.89E-20  2.88E-20  2.11E-20  8.29E-21  3.39E-21  1.29E-21  3.41E-22  1.22E-22

                                                                                              -----------------
                                                                                              SYS= 2  SPNSYS= 3
   IREP
   ----
     2       0.00E+00  0.00E+00  0.00E+00  0.00E+00  0.00E+00  0.00E+00  0.00E+00  3.23E-33  1.89E-20  1.92E-16
             1.18E-14  6.79E-14  6.87E-14  4.12E-14  1.43E-14  5.64E-15  2.10E-15  5.49E-16  1.96E-16
     3       0.00E+00  0.00E+00  0.00E+00  0.00E+00  0.00E+00  0.00E+00  0.00E+00  1.89E-38  2.29E-22  2.95E-17
             6.28E-15  7.41E-14  9.42E-14  6.32E-14  2.35E-14  9.43E-15  3.56E-15  9.35E-16  3.35E-16
     4       0.00E+00  0.00E+00  0.00E+00  0.00E+00  0.00E+00  0.00E+00  0.00E+00  2.44E-40  3.34E-23  9.61E-18
             3.07E-15  4.61E-14  6.35E-14  4.44E-14  1.69E-14  6.84E-15  2.59E-15  6.82E-16  2.45E-16
     5       0.00E+00  0.00E+00  0.00E+00  0.00E+00  0.00E+00  0.00E+00  0.00E+00  2.53E-41  1.04E-23  4.32E-18
             1.66E-15  2.78E-14  3.97E-14  2.83E-14  1.09E-14  4.42E-15  1.68E-15  4.42E-16  1.59E-16
     6       0.00E+00  0.00E+00  0.00E+00  0.00E+00  0.00E+00  0.00E+00  0.00E+00  6.13E-42  4.56E-24  2.31E-18
             9.78E-16  1.74E-14  2.54E-14  1.82E-14  7.05E-15  2.87E-15  1.09E-15  2.88E-16  1.03E-16
     7       0.00E+00  0.00E+00  0.00E+00  0.00E+00  0.00E+00  0.00E+00  0.00E+00  2.28E-42  2.42E-24  1.38E-18
             6.20E-16  1.14E-14  1.69E-14  1.22E-14  4.73E-15  1.93E-15  7.33E-16  1.94E-16  6.94E-17
     8       0.00E+00  0.00E+00  0.00E+00  0.00E+00  0.00E+00  0.00E+00  0.00E+00  1.08E-42  1.45E-24  8.92E-19
             4.16E-16  7.85E-15  1.17E-14  8.47E-15  3.30E-15  1.35E-15  5.11E-16  1.35E-16  4.84E-17
     9       0.00E+00  0.00E+00  0.00E+00  0.00E+00  0.00E+00  0.00E+00  0.00E+00  6.01E-43  9.41E-25  6.11E-19
             2.92E-16  5.60E-15  8.38E-15  6.09E-15  2.38E-15  9.70E-16  3.69E-16  9.74E-17  3.49E-17
    10       0.00E+00  0.00E+00  0.00E+00  0.00E+00  0.00E+00  0.00E+00  0.00E+00  3.70E-43  6.48E-25  4.37E-19
             2.13E-16  4.13E-15  6.19E-15  4.51E-15  1.76E-15  7.20E-16  2.74E-16  7.23E-17  2.59E-17
    11       0.00E+00  0.00E+00  0.00E+00  0.00E+00  0.00E+00  0.00E+00  0.00E+00  2.45E-43  4.66E-25  3.23E-19
             1.60E-16  3.12E-15  4.70E-15  3.43E-15  1.34E-15  5.48E-16  2.08E-16  5.50E-17  1.97E-17
    12       0.00E+00  0.00E+00  0.00E+00  0.00E+00  0.00E+00  0.00E+00  0.00E+00  1.72E-43  3.48E-25  2.46E-19
             1.23E-16  2.42E-15  3.65E-15  2.66E-15  1.04E-15  4.26E-16  1.62E-16  4.28E-17  1.53E-17
    13       0.00E+00  0.00E+00  0.00E+00  0.00E+00  0.00E+00  0.00E+00  0.00E+00  1.25E-43  2.67E-25  1.92E-19
             9.66E-17  1.91E-15  2.88E-15  2.11E-15  8.25E-16  3.37E-16  1.28E-16  3.39E-17  1.22E-17
    14       0.00E+00  0.00E+00  0.00E+00  0.00E+00  0.00E+00  0.00E+00  0.00E+00  9.45E-44  2.09E-25  1.52E-19
             7.73E-17  1.53E-15  2.32E-15  1.70E-15  6.64E-16  2.71E-16  1.03E-16  2.73E-17  9.78E-18
    15       0.00E+00  0.00E+00  0.00E+00  0.00E+00  0.00E+00  0.00E+00  0.00E+00  7.33E-44  1.67E-25  1.23E-19
             6.28E-17  1.25E-15  1.89E-15  1.38E-15  5.42E-16  2.22E-16  8.43E-17  2.23E-17  7.99E-18
    16       0.00E+00  0.00E+00  0.00E+00  0.00E+00  0.00E+00  0.00E+00  0.00E+00  5.85E-44  1.37E-25  1.02E-19
             5.22E-17  1.04E-15  1.58E-15  1.15E-15  4.52E-16  1.85E-16  7.03E-17  1.86E-17  6.67E-18
    17       0.00E+00  0.00E+00  0.00E+00  0.00E+00  0.00E+00  0.00E+00  0.00E+00  3.89E-44  9.47E-26  7.12E-20
             3.67E-17  7.35E-16  1.12E-15  8.18E-16  3.20E-16  1.31E-16  4.98E-17  1.32E-17  4.72E-18
    18       0.00E+00  0.00E+00  0.00E+00  0.00E+00  0.00E+00  0.00E+00  0.00E+00  2.71E-44  6.78E-26  5.15E-20
             2.67E-17  5.36E-16  8.14E-16  5.96E-16  2.34E-16  9.56E-17  3.63E-17  9.61E-18  3.45E-18
    19       0.00E+00  0.00E+00  0.00E+00  0.00E+00  0.00E+00  0.00E+00  0.00E+00  1.97E-44  5.03E-26  3.85E-20
             2.00E-17  4.02E-16  6.11E-16  4.48E-16  1.76E-16  7.19E-17  2.73E-17  7.22E-18  2.59E-18
    20       0.00E+00  0.00E+00  0.00E+00  0.00E+00  0.00E+00  0.00E+00  0.00E+00  1.29E-44  3.38E-26  2.60E-20
             1.36E-17  2.74E-16  4.17E-16  3.06E-16  1.20E-16  4.90E-17  1.86E-17  4.93E-18  1.77E-18
    21       0.00E+00  0.00E+00  0.00E+00  0.00E+00  0.00E+00  0.00E+00  0.00E+00  8.02E-45  2.14E-26  1.66E-20
             8.68E-18  1.75E-16  2.67E-16  1.96E-16  7.68E-17  3.14E-17  1.19E-17  3.16E-18  1.13E-18
    22       0.00E+00  0.00E+00  0.00E+00  0.00E+00  0.00E+00  0.00E+00  0.00E+00  4.43E-45  1.20E-26  9.38E-21
             4.92E-18  9.97E-17  1.52E-16  1.11E-16  4.37E-17  1.79E-17  6.80E-18  1.80E-18  6.45E-19
    23       0.00E+00  0.00E+00  0.00E+00  0.00E+00  0.00E+00  0.00E+00  0.00E+00  3.16E-45  8.65E-27  6.77E-21
             3.56E-18  7.20E-17  1.10E-16  8.06E-17  3.16E-17  1.29E-17  4.92E-18  1.30E-18  4.66E-19
    24       0.00E+00  0.00E+00  0.00E+00  0.00E+00  0.00E+00  0.00E+00  0.00E+00  2.03E-45  5.61E-27  4.40E-21
             2.31E-18  4.69E-17  7.15E-17  5.25E-17  2.06E-17  8.42E-18  3.20E-18  8.47E-19  3.04E-19
    25       0.00E+00  0.00E+00  0.00E+00  0.00E+00  0.00E+00  0.00E+00  0.00E+00  1.57E-45  4.33E-27  3.40E-21
             1.79E-18  3.63E-17  5.54E-17  4.06E-17  1.59E-17  6.52E-18  2.48E-18  6.56E-19  2.35E-19
    26       0.00E+00  0.00E+00  0.00E+00  0.00E+00  0.00E+00  0.00E+00  0.00E+00  1.10E-45  3.06E-27  2.40E-21
             1.27E-18  2.57E-17  3.91E-17  2.87E-17  1.13E-17  4.61E-18  1.75E-18  4.64E-19  1.66E-19
    27       0.00E+00  0.00E+00  0.00E+00  0.00E+00  0.00E+00  0.00E+00  0.00E+00  8.03E-46  2.24E-27  1.76E-21
             9.27E-19  1.88E-17  2.87E-17  2.11E-17  8.26E-18  3.38E-18  1.29E-18  3.40E-19  1.22E-19
    28       0.00E+00  0.00E+00  0.00E+00  0.00E+00  0.00E+00  0.00E+00  0.00E+00  5.28E-46  1.48E-27  1.16E-21
             6.13E-19  1.25E-17  1.90E-17  1.39E-17  5.47E-18  2.24E-18  8.51E-19  2.25E-19  8.07E-20
    29       0.00E+00  0.00E+00  0.00E+00  0.00E+00  0.00E+00  0.00E+00  0.00E+00  3.38E-46  9.46E-28  7.46E-22
             3.94E-19  7.99E-18  1.22E-17  8.95E-18  3.51E-18  1.44E-18  5.46E-19  1.44E-19  5.18E-20
    30       0.00E+00  0.00E+00  0.00E+00  0.00E+00  0.00E+00  0.00E+00  0.00E+00  1.79E-46  5.02E-28  3.96E-22
             2.09E-19  4.24E-18  6.47E-18  4.75E-18  1.86E-18  7.63E-19  2.90E-19  7.67E-20  2.75E-20
    31       0.00E+00  0.00E+00  0.00E+00  0.00E+00  0.00E+00  0.00E+00  0.00E+00  1.17E-46  3.30E-28  2.60E-22
             1.37E-19  2.79E-18  4.26E-18  3.13E-18  1.23E-18  5.02E-19  1.91E-19  5.04E-20  1.81E-20
    32       0.00E+00  0.00E+00  0.00E+00  0.00E+00  0.00E+00  0.00E+00  0.00E+00  6.49E-47  1.83E-28  1.44E-22
             7.61E-20  1.55E-18  2.36E-18  1.73E-18  6.79E-19  2.78E-19  1.06E-19  2.80E-20  1.00E-20
    33       0.00E+00  0.00E+00  0.00E+00  0.00E+00  0.00E+00  0.00E+00  0.00E+00  4.18E-47  1.18E-28  9.30E-23
             4.91E-20  9.98E-19  1.52E-18  1.12E-18  4.38E-19  1.79E-19  6.83E-20  1.80E-20  6.47E-21
    34       0.00E+00  0.00E+00  0.00E+00  0.00E+00  0.00E+00  0.00E+00  0.00E+00  2.22E-47  6.26E-29  4.94E-23
             2.61E-20  5.30E-19  8.09E-19  5.94E-19  2.33E-19  9.54E-20  3.63E-20  9.59E-21  3.44E-21
    35       0.00E+00  0.00E+00  0.00E+00  0.00E+00  0.00E+00  0.00E+00  0.00E+00  1.37E-47  3.86E-29  3.05E-23
             1.61E-20  3.27E-19  4.99E-19  3.66E-19  1.44E-19  5.88E-20  2.24E-20  5.91E-21  2.12E-21
    36       0.00E+00  0.00E+00  0.00E+00  0.00E+00  0.00E+00  0.00E+00  0.00E+00  6.57E-48  1.85E-29  1.46E-23
             7.74E-21  1.57E-19  2.40E-19  1.76E-19  6.90E-20  2.83E-20  1.07E-20  2.84E-21  1.02E-21
    37       0.00E+00  0.00E+00  0.00E+00  0.00E+00  0.00E+00  0.00E+00  0.00E+00  4.03E-48  1.14E-29  8.99E-24
             4.75E-21  9.65E-20  1.47E-19  1.08E-19  4.24E-20  1.73E-20  6.60E-21  1.74E-21  6.26E-22
    38       0.00E+00  0.00E+00  0.00E+00  0.00E+00  0.00E+00  0.00E+00  0.00E+00  1.95E-48  5.49E-30  4.34E-24
             2.29E-21  4.66E-20  7.10E-20  5.22E-20  2.05E-20  8.37E-21  3.18E-21  8.42E-22  3.02E-22
    39       0.00E+00  0.00E+00  0.00E+00  0.00E+00  0.00E+00  0.00E+00  0.00E+00  1.16E-48  3.27E-30  2.58E-24
             1.36E-21  2.77E-20  4.23E-20  3.10E-20  1.22E-20  4.98E-21  1.89E-21  5.01E-22  1.80E-22
    40       0.00E+00  0.00E+00  0.00E+00  0.00E+00  0.00E+00  0.00E+00  0.00E+00  5.17E-49  1.46E-30  1.15E-24
             6.09E-22  1.24E-20  1.89E-20  1.39E-20  5.43E-21  2.22E-21  8.46E-22  2.24E-22  8.02E-23
    41       0.00E+00  0.00E+00  0.00E+00  0.00E+00  0.00E+00  0.00E+00  0.00E+00  3.32E-49  9.38E-31  7.41E-25
             3.92E-22  7.95E-21  1.21E-20  8.91E-21  3.49E-21  1.43E-21  5.44E-22  1.44E-22  5.16E-23
    42       0.00E+00  0.00E+00  0.00E+00  0.00E+00  0.00E+00  0.00E+00  0.00E+00  1.78E-49  5.02E-31  3.96E-25
             2.09E-22  4.26E-21  6.49E-21  4.77E-21  1.87E-21  7.65E-22  2.91E-22  7.69E-23  2.76E-23



    T(K)     ALFT( 1)  ALFT( 2)  ALFT( 3)  ALFT( 4)  ALFT( 5)  ALFT( 6)  ALFT( 7)  ALFT( 8)  ALFT( 9)  ALFT(10)
    ----     --------  --------  --------  --------  --------  --------  --------  --------  --------  --------
  8.10E+02   0.00E+00
  1.62E+03   0.00E+00
  4.05E+03   0.00E+00
  8.10E+03   0.00E+00
  1.62E+04   0.00E+00
  4.05E+04   0.00E+00
  8.10E+04   0.00E+00
  1.62E+05   5.73E-33
  4.05E+05   4.54E-20
  8.10E+05   6.39E-16
  1.62E+06   7.29E-14
  4.05E+06   8.16E-13
  8.10E+06   1.07E-12
  1.62E+07   7.37E-13
  4.05E+07   2.78E-13
  8.10E+07   1.13E-13
  1.62E+08   4.25E-14
  4.05E+08   1.12E-14
  8.10E+08   4.01E-15

C--------------------------------------------------------------------------------------------------------------
C
C N R Badnell 19-12-00                                                       
C
C--------------------------------------------------------------------------------------------------------------
 
C---------------------------------------------------------------------------------
C ADAS ADF09 DATA - SCCS info: @(#)$Header: /home/adascvs/adas/adf09/nrb00#h/nrb00#h_ne9ls12.dat,v 2.1 2004/07/06 22:48:48 whitefor Exp $ Date $Date: 2004/07/06 22:48:48 $
C---------------------------------------------------------------------------------

C-----------------------------------------------------------------------
C                               OPEN-ADAS
C                               +++++++++
C
C This file has been downloaded from OPEN-ADAS (http://open.adas.ac.uk)
C on 15-Jul-2013.
C
C TERMS AND CONDITIONS
C --------------------
C
C The user of the OPEN-ADAS system and data (hereinafter "the User")
C accepts the following terms and conditions:
C
C   1. The University of Strathclyde uses all reasonable endeavours to
C      ensure the accuracy of the data provided and any information
C      given, but the University makes no warranty, expressed or implied
C      as to its accuracy, integrity, fitness for purpose and shall not
C      be responsible for the use to which the data is put by the User
C      and/or any consequences arising out of any inaccuracies or
C      omissions.
C
C   2. Any downloaded OPEN-ADAS file is made available for the
C      personal use of the User only.  It must not be used for any
C      commercial application, incorporated into any web site or in
C      any form re-distributed without express prior written permission
C      from the ADAS Project. In particular, but not by way of
C      limitation, it must not be:
C        *  inserted into a managed database structure,
C        *  redistributed along with a modelling or analysis code,
C        *  made available on a public website.
C
C Permission for OPEN-ADAS data incorporation in non-commercial
C code/system development for scientific advance will not be
C unreasonably withheld, but will be subject to written agreement
C on a case by case basis.
C
C The User will indemnify the University of Strathclyde and keep it
C fully and effectively indemnified against each and every claim made
C against the University as a result of the User's use of the data.
C
C-----------------------------------------------------------------------
