SEQ='NA'     NUCCHG=42                                                  /LS/

   PARENT TERM INDEXING                 BWNP= 696858141.8   NPRNTI= 1   NPRNTF= 1
   --------------------
   INDP         CODE                 S L   WI        WNP
   ----         ----                 - -   --  ----------
     1                              (1)0( 0.0)        0.0 

   LS RESOLVED TERM INDEXING            BWNR= 711002165.3   NTRM=  33
   -------------------------
   INDX  INDP   CODE                 S L   WJ        WNR
   ----  ----   ----                 - -   --  ----------
     1     1    3S1                 (2)0( 0.5)        0.0 
     2     1    3P1                 (2)1( 2.5)   535282.5 
     3     1    3D1                 (2)2( 4.5)  1277194.4 
     4     1    4S1                 (2)0( 0.5)  6459429.4 
     5     1    4P1                 (2)1( 2.5)  6680286.0 
     6     1    4D1                 (2)2( 4.5)  6958207.9 
     7     1    4F1                 (2)3( 6.5)  7106733.2 
     8     1    5S1                 (2)0( 0.5)  9319193.1 
     9     1    5P1                 (2)1( 2.5)  9430403.9 
    10     1    5D1                 (2)2( 4.5)  9565916.6 
    11     1    5F1                 (2)3( 6.5)  9639222.2 
    12     1    5G1                 (2)4( 8.5)  9642157.4 
    13     1    6S1                 (2)0( 0.5) 10834479.1 
    14     1    6P1                 (2)1( 2.5) 10898075.2 
    15     1    6D1                 (2)2( 4.5) 10974466.9 
    16     1    6F1                 (2)3( 6.5) 11016057.2 
    17     1    6G1                 (2)4( 8.5) 11018541.1 
    18     1    6H1                 (2)5(10.5) 11020509.1 
    19     1    7S1                 (2)0( 0.5) 11733418.1 
    20     1    7P1                 (2)1( 2.5) 11773115.6 
    21     1    7D1                 (2)2( 4.5) 11820451.5 
    22     1    7F1                 (2)3( 6.5) 11846330.1 
    23     1    7G1                 (2)4( 8.5) 11848177.5 
    24     1    7H1                 (2)5(10.5) 11849416.5 
    25     1    7I1                 (2)6(12.5) 11849969.9 
    26     1    8S1                 (2)0( 0.5) 12310169.4 
    27     1    8P1                 (2)1( 2.5) 12336584.6 
    28     1    8D1                 (2)2( 4.5) 12367953.9 
    29     1    8F1                 (2)3( 6.5) 12385154.5 
    30     1    8G1                 (2)4( 8.5) 12386511.4 
    31     1    8H1                 (2)5(10.5) 12387341.3 
    32     1    8I1                 (2)6(12.5) 12387712.0 
    33     1    8J1                 (2)7(14.5) 12387901.4 

   N-SHELL INDEXING                                     NREP= 42
   ----------------
   IREP    N
   -----   -
     1     1
     2     2
     3     3
     4     4
     5     5
     6     6
     7     7
     8     8
     9     9
    10    10
    11    11
    12    12
    13    13
    14    14
    15    15
    16    16
    17    18
    18    20
    19    22
    20    25
    21    29
    22    35
    23    39
    24    45
    25    49
    26    55
    27    61
    28    70
    29    81
    30   100
    31   115
    32   140
    33   162
    34   200
    35   235
    36   300
    37   353
    38   450
    39   535
    40   700
    41   811
    42   999



 --------------------------------
 PRTI= 1  TRMPRT= (1S)  SPNPRT= 1

   INDX TE=  1.02E+04  2.05E+04  5.12E+04  1.02E+05  2.05E+05  5.12E+05  1.02E+06  2.05E+06  5.12E+06  1.02E+07
   ---- ---  2.05E+07  5.12E+07  1.02E+08  2.05E+08  5.12E+08  1.02E+09  2.05E+09  5.12E+09  1.02E+10
     1       8.81E-12  6.23E-12  3.94E-12  2.79E-12  1.97E-12  1.25E-12  8.84E-13  6.26E-13  3.97E-13  2.81E-13
             1.96E-13  1.18E-13  7.60E-14  4.64E-14  2.16E-14  1.12E-14  5.37E-15  1.86E-15  7.86E-16
     2       3.18E-11  2.25E-11  1.42E-11  1.00E-11  7.09E-12  4.47E-12  3.14E-12  2.19E-12  1.33E-12  8.78E-13
             5.52E-13  2.69E-13  1.42E-13  6.87E-14  2.34E-14  9.58E-15  3.74E-15  1.02E-15  3.74E-16
     3       3.58E-11  2.53E-11  1.60E-11  1.12E-11  7.89E-12  4.89E-12  3.34E-12  2.23E-12  1.21E-12  7.03E-13
             3.76E-13  1.43E-13  6.26E-14  2.55E-14  7.22E-15  2.67E-15  9.70E-16  2.50E-16  8.87E-17
     4       3.81E-12  2.70E-12  1.70E-12  1.21E-12  8.53E-13  5.40E-13  3.82E-13  2.71E-13  1.71E-13  1.20E-13
             8.34E-14  4.93E-14  3.16E-14  1.91E-14  8.84E-15  4.54E-15  2.18E-15  7.54E-16  3.18E-16
     5       1.37E-11  9.69E-12  6.13E-12  4.33E-12  3.06E-12  1.93E-12  1.36E-12  9.48E-13  5.76E-13  3.81E-13
             2.40E-13  1.17E-13  6.13E-14  2.96E-14  1.00E-14  4.11E-15  1.60E-15  4.38E-16  1.60E-16
     6       2.13E-11  1.50E-11  9.48E-12  6.68E-12  4.69E-12  2.91E-12  1.99E-12  1.33E-12  7.22E-13  4.21E-13
             2.25E-13  8.57E-14  3.74E-14  1.53E-14  4.32E-15  1.60E-15  5.79E-16  1.49E-16  5.30E-17
     7       1.41E-11  9.96E-12  6.27E-12  4.40E-12  3.06E-12  1.84E-12  1.21E-12  7.58E-13  3.62E-13  1.86E-13
             8.65E-14  2.77E-14  1.09E-14  4.09E-15  1.08E-15  3.87E-16  1.38E-16  3.50E-17  1.24E-17
     8       2.04E-12  1.44E-12  9.13E-13  6.46E-13  4.57E-13  2.89E-13  2.05E-13  1.45E-13  9.09E-14  6.33E-14
             4.34E-14  2.53E-14  1.61E-14  9.66E-15  4.45E-15  2.28E-15  1.09E-15  3.78E-16  1.59E-16
     9       7.28E-12  5.14E-12  3.25E-12  2.30E-12  1.62E-12  1.02E-12  7.20E-13  5.03E-13  3.05E-13  2.01E-13
             1.26E-13  6.09E-14  3.19E-14  1.54E-14  5.19E-15  2.12E-15  8.28E-16  2.26E-16  8.26E-17
    10       1.26E-11  8.92E-12  5.63E-12  3.97E-12  2.79E-12  1.73E-12  1.18E-12  7.88E-13  4.29E-13  2.49E-13
             1.33E-13  5.06E-14  2.21E-14  8.99E-15  2.54E-15  9.40E-16  3.41E-16  8.77E-17  3.12E-17
    11       1.24E-11  8.77E-12  5.52E-12  3.87E-12  2.69E-12  1.62E-12  1.07E-12  6.67E-13  3.19E-13  1.63E-13
             7.60E-14  2.43E-14  9.54E-15  3.58E-15  9.45E-16  3.39E-16  1.21E-16  3.07E-17  1.09E-17
    12       6.65E-12  4.68E-12  2.93E-12  2.04E-12  1.40E-12  8.15E-13  5.10E-13  2.96E-13  1.25E-13  5.78E-14
             2.44E-14  7.09E-15  2.64E-15  9.62E-16  2.48E-16  8.82E-17  3.13E-17  7.93E-18  2.81E-18
    13       1.24E-12  8.78E-13  5.55E-13  3.92E-13  2.77E-13  1.75E-13  1.24E-13  8.72E-14  5.43E-14  3.75E-14
             2.55E-14  1.47E-14  9.29E-15  5.56E-15  2.55E-15  1.31E-15  6.25E-16  2.16E-16  9.08E-17
    14       4.38E-12  3.10E-12  1.96E-12  1.38E-12  9.78E-13  6.16E-13  4.33E-13  3.02E-13  1.82E-13  1.19E-13
             7.44E-14  3.57E-14  1.87E-14  8.97E-15  3.03E-15  1.24E-15  4.82E-16  1.32E-16  4.81E-17
    15       8.01E-12  5.66E-12  3.57E-12  2.52E-12  1.77E-12  1.10E-12  7.49E-13  4.99E-13  2.70E-13  1.57E-13
             8.36E-14  3.16E-14  1.38E-14  5.61E-15  1.58E-15  5.85E-16  2.12E-16  5.46E-17  1.94E-17
    16       9.25E-12  6.53E-12  4.11E-12  2.88E-12  2.00E-12  1.21E-12  7.95E-13  4.96E-13  2.37E-13  1.21E-13
             5.63E-14  1.80E-14  7.05E-15  2.65E-15  6.98E-16  2.50E-16  8.92E-17  2.27E-17  8.03E-18
    17       7.57E-12  5.34E-12  3.34E-12  2.33E-12  1.60E-12  9.28E-13  5.82E-13  3.38E-13  1.42E-13  6.58E-14
             2.78E-14  8.06E-15  3.01E-15  1.09E-15  2.82E-16  1.00E-16  3.56E-17  9.01E-18  3.19E-18
    18       3.28E-12  2.30E-12  1.43E-12  9.88E-13  6.65E-13  3.69E-13  2.19E-13  1.18E-13  4.45E-14  1.91E-14
             7.60E-15  2.09E-15  7.61E-16  2.74E-16  6.99E-17  2.48E-17  8.78E-18  2.22E-18  7.86E-19
    19       8.21E-13  5.80E-13  3.67E-13  2.59E-13  1.83E-13  1.16E-13  8.13E-14  5.70E-14  3.52E-14  2.41E-14
             1.63E-14  9.31E-15  5.85E-15  3.48E-15  1.59E-15  8.15E-16  3.90E-16  1.34E-16  5.66E-17
    20       2.88E-12  2.03E-12  1.28E-12  9.08E-13  6.41E-13  4.03E-13  2.83E-13  1.96E-13  1.18E-13  7.69E-14
             4.77E-14  2.28E-14  1.19E-14  5.68E-15  1.91E-15  7.82E-16  3.05E-16  8.31E-17  3.03E-17
    21       5.40E-12  3.81E-12  2.41E-12  1.70E-12  1.19E-12  7.37E-13  5.03E-13  3.34E-13  1.80E-13  1.04E-13
             5.54E-14  2.09E-14  9.10E-15  3.70E-15  1.04E-15  3.86E-16  1.40E-16  3.60E-17  1.28E-17
    22       6.77E-12  4.78E-12  3.01E-12  2.11E-12  1.47E-12  8.84E-13  5.81E-13  3.62E-13  1.72E-13  8.80E-14
             4.08E-14  1.30E-14  5.10E-15  1.92E-15  5.05E-16  1.81E-16  6.45E-17  1.64E-17  5.81E-18
    23       6.66E-12  4.69E-12  2.94E-12  2.05E-12  1.40E-12  8.17E-13  5.11E-13  2.97E-13  1.25E-13  5.77E-14
             2.44E-14  7.06E-15  2.63E-15  9.58E-16  2.47E-16  8.78E-17  3.11E-17  7.89E-18  2.79E-18
    24       4.59E-12  3.23E-12  2.01E-12  1.38E-12  9.33E-13  5.18E-13  3.07E-13  1.65E-13  6.24E-14  2.67E-14
             1.06E-14  2.92E-15  1.07E-15  3.83E-16  9.78E-17  3.47E-17  1.23E-17  3.11E-18  1.10E-18
    25       1.64E-12  1.15E-12  7.08E-13  4.82E-13  3.17E-13  1.67E-13  9.30E-14  4.67E-14  1.61E-14  6.53E-15
             2.50E-15  6.66E-16  2.40E-16  8.57E-17  2.18E-17  7.72E-18  2.73E-18  6.92E-19  2.45E-19
    26       5.76E-13  4.07E-13  2.57E-13  1.82E-13  1.28E-13  8.07E-14  5.66E-14  3.95E-14  2.42E-14  1.65E-14
             1.10E-14  6.26E-15  3.91E-15  2.33E-15  1.06E-15  5.43E-16  2.59E-16  8.94E-17  3.76E-17
    27       2.00E-12  1.42E-12  8.96E-13  6.33E-13  4.46E-13  2.80E-13  1.96E-13  1.36E-13  8.07E-14  5.24E-14
             3.23E-14  1.54E-14  7.99E-15  3.82E-15  1.29E-15  5.25E-16  2.04E-16  5.58E-17  2.04E-17
    28       3.82E-12  2.70E-12  1.70E-12  1.20E-12  8.41E-13  5.20E-13  3.54E-13  2.35E-13  1.26E-13  7.27E-14
             3.85E-14  1.45E-14  6.30E-15  2.56E-15  7.21E-16  2.66E-16  9.66E-17  2.48E-17  8.83E-18
    29       5.03E-12  3.55E-12  2.23E-12  1.56E-12  1.09E-12  6.55E-13  4.30E-13  2.67E-13  1.27E-13  6.47E-14
             3.00E-14  9.55E-15  3.74E-15  1.40E-15  3.69E-16  1.33E-16  4.72E-17  1.20E-17  4.25E-18
    30       5.46E-12  3.85E-12  2.41E-12  1.68E-12  1.15E-12  6.69E-13  4.18E-13  2.43E-13  1.02E-13  4.71E-14
             1.99E-14  5.76E-15  2.15E-15  7.81E-16  2.01E-16  7.15E-17  2.54E-17  6.43E-18  2.28E-18
    31       4.66E-12  3.27E-12  2.04E-12  1.40E-12  9.46E-13  5.25E-13  3.11E-13  1.68E-13  6.32E-14  2.71E-14
             1.08E-14  2.96E-15  1.08E-15  3.88E-16  9.90E-17  3.51E-17  1.24E-17  3.15E-18  1.11E-18
    32       2.73E-12  1.91E-12  1.18E-12  8.02E-13  5.28E-13  2.78E-13  1.55E-13  7.78E-14  2.68E-14  1.09E-14
             4.16E-15  1.11E-15  4.00E-16  1.43E-16  3.63E-17  1.29E-17  4.55E-18  1.15E-18  4.08E-19
    33       8.25E-13  5.76E-13  3.52E-13  2.36E-13  1.51E-13  7.47E-14  3.93E-14  1.85E-14  5.94E-15  2.32E-15
             8.65E-16  2.27E-16  8.12E-17  2.89E-17  7.33E-18  2.60E-18  9.18E-19  2.32E-19  8.22E-20


 -----------------------------------------
 PRTF= 1  TRMPRT= (1S)  SPNPRT= 1  NSYS= 1
                                                                                              -----------------
                                                                                              SYS= 1  SPNSYS= 2
   IREP
   ----
     3       7.64E-11  5.40E-11  3.41E-11  2.41E-11  1.70E-11  1.06E-11  7.37E-12  5.04E-12  2.93E-12  1.86E-12
             1.12E-12  5.30E-13  2.80E-13  1.40E-13  5.20E-14  2.33E-14  1.00E-14  3.12E-15  1.24E-15
     4       5.29E-11  3.74E-11  2.36E-11  1.66E-11  1.17E-11  7.22E-12  4.94E-12  3.30E-12  1.83E-12  1.11E-12
             6.35E-13  2.79E-13  1.41E-13  6.78E-14  2.42E-14  1.06E-14  4.48E-15  1.37E-15  5.41E-16
     5       4.10E-11  2.90E-11  1.82E-11  1.28E-11  8.96E-12  5.48E-12  3.69E-12  2.40E-12  1.27E-12  7.35E-13
             4.03E-13  1.68E-13  8.19E-14  3.84E-14  1.33E-14  5.74E-15  2.40E-15  7.26E-16  2.85E-16
     6       3.37E-11  2.38E-11  1.50E-11  1.05E-11  7.29E-12  4.39E-12  2.90E-12  1.84E-12  9.31E-13  5.20E-13
             2.75E-13  1.10E-13  5.23E-14  2.40E-14  8.16E-15  3.48E-15  1.44E-15  4.33E-16  1.69E-16
     7       2.88E-11  2.03E-11  1.27E-11  8.88E-12  6.13E-12  3.64E-12  2.36E-12  1.46E-12  7.09E-13  3.84E-13
             1.97E-13  7.64E-14  3.57E-14  1.61E-14  5.39E-15  2.28E-15  9.38E-16  2.80E-16  1.09E-16
     8       2.51E-11  1.77E-11  1.11E-11  7.70E-12  5.28E-12  3.08E-12  1.96E-12  1.18E-12  5.56E-13  2.93E-13
             1.47E-13  5.55E-14  2.55E-14  1.14E-14  3.76E-15  1.58E-15  6.46E-16  1.92E-16  7.45E-17
     9       2.23E-11  1.57E-11  9.79E-12  6.78E-12  4.62E-12  2.65E-12  1.66E-12  9.79E-13  4.46E-13  2.30E-13
             1.13E-13  4.17E-14  1.89E-14  8.36E-15  2.73E-15  1.14E-15  4.65E-16  1.37E-16  5.32E-17
    10       2.01E-11  1.41E-11  8.78E-12  6.05E-12  4.09E-12  2.31E-12  1.42E-12  8.21E-13  3.63E-13  1.84E-13
             8.90E-14  3.22E-14  1.45E-14  6.33E-15  2.05E-15  8.52E-16  3.46E-16  1.02E-16  3.94E-17
    11       1.82E-11  1.28E-11  7.94E-12  5.45E-12  3.65E-12  2.03E-12  1.22E-12  6.96E-13  3.01E-13  1.50E-13
             7.15E-14  2.55E-14  1.13E-14  4.92E-15  1.58E-15  6.54E-16  2.65E-16  7.77E-17  3.00E-17
    12       1.67E-11  1.17E-11  7.24E-12  4.94E-12  3.29E-12  1.80E-12  1.07E-12  5.97E-13  2.52E-13  1.24E-13
             5.83E-14  2.05E-14  9.05E-15  3.91E-15  1.25E-15  5.14E-16  2.08E-16  6.07E-17  2.34E-17
    13       1.54E-11  1.08E-11  6.65E-12  4.52E-12  2.98E-12  1.60E-12  9.38E-13  5.16E-13  2.14E-13  1.04E-13
             4.83E-14  1.68E-14  7.35E-15  3.16E-15  1.00E-15  4.12E-16  1.66E-16  4.84E-17  1.86E-17
    14       1.43E-11  1.00E-11  6.14E-12  4.15E-12  2.71E-12  1.44E-12  8.29E-13  4.50E-13  1.83E-13  8.78E-14
             4.05E-14  1.39E-14  6.06E-15  2.59E-15  8.18E-16  3.35E-16  1.35E-16  3.92E-17  1.51E-17
    15       1.34E-11  9.36E-12  5.72E-12  3.84E-12  2.49E-12  1.30E-12  7.40E-13  3.96E-13  1.59E-13  7.52E-14
             3.44E-14  1.17E-14  5.07E-15  2.15E-15  6.77E-16  2.77E-16  1.11E-16  3.22E-17  1.24E-17
    16       1.26E-11  8.77E-12  5.34E-12  3.56E-12  2.29E-12  1.18E-12  6.61E-13  3.49E-13  1.38E-13  6.47E-14
             2.94E-14  9.92E-15  4.27E-15  1.81E-15  5.67E-16  2.31E-16  9.25E-17  2.68E-17  1.03E-17
    17       1.11E-11  7.74E-12  4.67E-12  3.08E-12  1.94E-12  9.72E-13  5.34E-13  2.76E-13  1.06E-13  4.91E-14
             2.20E-14  7.33E-15  3.13E-15  1.32E-15  4.10E-16  1.66E-16  6.64E-17  1.92E-17  7.33E-18
    18       1.00E-11  6.93E-12  4.13E-12  2.69E-12  1.68E-12  8.16E-13  4.40E-13  2.23E-13  8.41E-14  3.83E-14
             1.70E-14  5.59E-15  2.37E-15  9.91E-16  3.06E-16  1.24E-16  4.94E-17  1.42E-17  5.42E-18
    19       9.08E-12  6.26E-12  3.70E-12  2.38E-12  1.46E-12  6.93E-13  3.67E-13  1.83E-13  6.77E-14  3.05E-14
             1.34E-14  4.37E-15  1.84E-15  7.66E-16  2.36E-16  9.50E-17  3.77E-17  1.09E-17  4.15E-18
    20       7.92E-12  5.42E-12  3.16E-12  2.00E-12  1.20E-12  5.52E-13  2.85E-13  1.39E-13  5.04E-14  2.24E-14
             9.71E-15  3.13E-15  1.31E-15  5.41E-16  1.65E-16  6.65E-17  2.63E-17  7.55E-18  2.88E-18
    21       6.76E-12  4.59E-12  2.61E-12  1.62E-12  9.43E-13  4.19E-13  2.11E-13  1.01E-13  3.56E-14  1.56E-14
             6.66E-15  2.12E-15  8.79E-16  3.61E-16  1.10E-16  4.39E-17  1.73E-17  4.95E-18  1.88E-18
    22       5.50E-12  3.68E-12  2.03E-12  1.22E-12  6.85E-13  2.91E-13  1.42E-13  6.61E-14  2.26E-14  9.75E-15
             4.11E-15  1.29E-15  5.29E-16  2.16E-16  6.50E-17  2.59E-17  1.02E-17  2.89E-18  1.10E-18
    23       4.87E-12  3.22E-12  1.74E-12  1.02E-12  5.65E-13  2.34E-13  1.12E-13  5.15E-14  1.74E-14  7.42E-15
             3.11E-15  9.65E-16  3.95E-16  1.60E-16  4.80E-17  1.91E-17  7.48E-18  2.13E-18  8.06E-19
    24       4.13E-12  2.69E-12  1.41E-12  8.08E-13  4.34E-13  1.74E-13  8.17E-14  3.68E-14  1.22E-14  5.15E-15
             2.14E-15  6.58E-16  2.68E-16  1.08E-16  3.22E-17  1.27E-17  4.99E-18  1.41E-18  5.35E-19
    25       3.73E-12  2.40E-12  1.24E-12  6.98E-13  3.69E-13  1.45E-13  6.74E-14  3.01E-14  9.87E-15  4.14E-15
             1.71E-15  5.23E-16  2.12E-16  8.54E-17  2.54E-17  1.00E-17  3.92E-18  1.11E-18  4.19E-19
    26       3.24E-12  2.05E-12  1.03E-12  5.68E-13  2.94E-13  1.13E-13  5.16E-14  2.28E-14  7.38E-15  3.07E-15
             1.26E-15  3.83E-16  1.55E-16  6.20E-17  1.84E-17  7.23E-18  2.82E-18  7.96E-19  3.00E-19
    27       2.84E-12  1.77E-12  8.69E-13  4.70E-13  2.39E-13  8.97E-14  4.05E-14  1.77E-14  5.67E-15  2.35E-15
             9.58E-16  2.90E-16  1.16E-16  4.65E-17  1.37E-17  5.40E-18  2.10E-18  5.91E-19  2.23E-19
    28       2.37E-12  1.45E-12  6.86E-13  3.62E-13  1.80E-13  6.57E-14  2.93E-14  1.26E-14  3.99E-15  1.64E-15
             6.64E-16  1.99E-16  7.97E-17  3.17E-17  9.32E-18  3.66E-18  1.42E-18  3.99E-19  1.50E-19
    29       1.94E-12  1.16E-12  5.28E-13  2.71E-13  1.31E-13  4.69E-14  2.06E-14  8.75E-15  2.73E-15  1.11E-15
             4.49E-16  1.34E-16  5.33E-17  2.11E-17  6.18E-18  2.42E-18  9.37E-19  2.63E-19  9.90E-20
    30       1.43E-12  8.18E-13  3.55E-13  1.76E-13  8.26E-14  2.85E-14  1.23E-14  5.13E-15  1.58E-15  6.36E-16
             2.54E-16  7.51E-17  2.97E-17  1.17E-17  3.41E-18  1.33E-18  5.13E-19  1.44E-19  5.39E-20
    31       1.15E-12  6.42E-13  2.69E-13  1.30E-13  6.01E-14  2.03E-14  8.64E-15  3.59E-15  1.09E-15  4.38E-16
             1.74E-16  5.11E-17  2.01E-17  7.93E-18  2.30E-18  8.93E-19  3.44E-19  9.61E-20  3.60E-20
    32       8.32E-13  4.48E-13  1.79E-13  8.44E-14  3.80E-14  1.25E-14  5.25E-15  2.15E-15  6.47E-16  2.58E-16
             1.02E-16  2.97E-17  1.16E-17  4.56E-18  1.32E-18  5.10E-19  1.96E-19  5.45E-20  2.04E-20
    33       6.46E-13  3.38E-13  1.31E-13  6.06E-14  2.68E-14  8.70E-15  3.61E-15  1.47E-15  4.38E-16  1.73E-16
             6.82E-17  1.98E-17  7.74E-18  3.03E-18  8.69E-19  3.36E-19  1.29E-19  3.58E-20  1.34E-20
    34       4.39E-13  2.21E-13  8.24E-14  3.70E-14  1.61E-14  5.10E-15  2.09E-15  8.42E-16  2.48E-16  9.77E-17
             3.82E-17  1.10E-17  4.29E-18  1.67E-18  4.78E-19  1.84E-19  7.06E-20  1.96E-20  7.31E-21
    35       3.22E-13  1.58E-13  5.71E-14  2.52E-14  1.08E-14  3.37E-15  1.37E-15  5.48E-16  1.61E-16  6.28E-17
             2.45E-17  7.02E-18  2.73E-18  1.06E-18  3.02E-19  1.16E-19  4.44E-20  1.23E-20  4.59E-21
    36       1.96E-13  9.26E-14  3.22E-14  1.39E-14  5.82E-15  1.79E-15  7.17E-16  2.84E-16  8.25E-17  3.21E-17
             1.24E-17  3.55E-18  1.37E-18  5.30E-19  1.50E-19  5.77E-20  2.20E-20  6.07E-21  2.26E-21
    37       1.39E-13  6.41E-14  2.17E-14  9.25E-15  3.84E-15  1.17E-15  4.65E-16  1.83E-16  5.28E-17  2.05E-17
             7.91E-18  2.25E-18  8.66E-19  3.34E-19  9.45E-20  3.62E-20  1.38E-20  3.79E-21  1.41E-21
    38       8.10E-14  3.64E-14  1.20E-14  5.00E-15  2.05E-15  6.12E-16  2.42E-16  9.47E-17  2.71E-17  1.04E-17
             4.02E-18  1.13E-18  4.36E-19  1.67E-19  4.72E-20  1.80E-20  6.85E-21  1.88E-21  7.00E-22
    39       5.45E-14  2.40E-14  7.75E-15  3.20E-15  1.30E-15  3.85E-16  1.51E-16  5.89E-17  1.68E-17  6.45E-18
             2.47E-18  6.96E-19  2.67E-19  1.02E-19  2.88E-20  1.10E-20  4.16E-21  1.14E-21  4.23E-22
    40       2.87E-14  1.24E-14  3.89E-15  1.58E-15  6.34E-16  1.86E-16  7.25E-17  2.81E-17  7.93E-18  3.03E-18
             1.16E-18  3.25E-19  1.24E-19  4.74E-20  1.33E-20  5.05E-21  1.91E-21  5.22E-22  1.93E-22
    41       1.99E-14  8.49E-15  2.64E-15  1.07E-15  4.26E-16  1.24E-16  4.82E-17  1.86E-17  5.25E-18  2.00E-18
             7.64E-19  2.13E-19  8.14E-20  3.11E-20  8.68E-21  3.30E-21  1.25E-21  3.40E-22  1.26E-22
    42       1.17E-14  4.91E-15  1.51E-15  6.06E-16  2.40E-16  6.94E-17  2.69E-17  1.03E-17  2.90E-18  1.11E-18
             4.21E-19  1.17E-19  4.46E-20  1.70E-20  4.74E-21  1.80E-21  6.80E-22  1.86E-22  6.87E-23



    T(K)     ALFT( 1)  ALFT( 2)  ALFT( 3)  ALFT( 4)  ALFT( 5)  ALFT( 6)  ALFT( 7)  ALFT( 8)  ALFT( 9)  ALFT(10)
    ----     --------  --------  --------  --------  --------  --------  --------  --------  --------  --------
  1.02E+04   8.83E-10
  2.05E+04   5.82E-10
  5.12E+04   3.28E-10
  1.02E+05   2.13E-10
  2.05E+05   1.31E-10
  5.12E+05   6.83E-11
  1.02E+06   4.13E-11
  2.05E+06   2.45E-11
  5.12E+06   1.18E-11
  1.02E+07   6.59E-12
  2.05E+07   3.55E-12
  5.12E+07   1.48E-12
  1.02E+08   7.31E-13
  2.05E+08   3.47E-13
  5.12E+08   1.22E-13
  1.02E+09   5.33E-14
  2.05E+09   2.25E-14
  5.12E+09   6.86E-15
  1.02E+10   2.71E-15
C--------------------------------------------------------------------------------------------------------------
C
C See N. R. Badnell, ApJS, vol 167 (2006) p334
C DOI: 10.1086/508465
C
C NAME: N R Badnell
C DATE: Jan 2006
C
C--------------------------------------------------------------------------------------------------------------

C-----------------------------------------------------------------------
C                               OPEN-ADAS
C                               +++++++++
C
C This file has been downloaded from OPEN-ADAS (http://open.adas.ac.uk)
C on 10-Jul-2013.
C
C TERMS AND CONDITIONS
C --------------------
C
C The user of the OPEN-ADAS system and data (hereinafter "the User")
C accepts the following terms and conditions:
C
C   1. The University of Strathclyde uses all reasonable endeavours to
C      ensure the accuracy of the data provided and any information
C      given, but the University makes no warranty, expressed or implied
C      as to its accuracy, integrity, fitness for purpose and shall not
C      be responsible for the use to which the data is put by the User
C      and/or any consequences arising out of any inaccuracies or
C      omissions.
C
C   2. Any downloaded OPEN-ADAS file is made available for the
C      personal use of the User only.  It must not be used for any
C      commercial application, incorporated into any web site or in
C      any form re-distributed without express prior written permission
C      from the ADAS Project. In particular, but not by way of
C      limitation, it must not be:
C        *  inserted into a managed database structure,
C        *  redistributed along with a modelling or analysis code,
C        *  made available on a public website.
C
C Permission for OPEN-ADAS data incorporation in non-commercial
C code/system development for scientific advance will not be
C unreasonably withheld, but will be subject to written agreement
C on a case by case basis.
C
C The User will indemnify the University of Strathclyde and keep it
C fully and effectively indemnified against each and every claim made
C against the University as a result of the User's use of the data.
C
C-----------------------------------------------------------------------
