SEQ='LI'     NUCCHG= 6                                                  /LS/

   PARENT TERM INDEXING                 BWNP=   7102435.3   NPRNTI= 1   NPRNTF= 1
   --------------------
   INDP         CODE                 S L   WI        WNP
   ----         ----                 - -   --  ----------
     1                              (1)0( 0.0)        0.0 

   LS RESOLVED TERM INDEXING            BWNR=   7622827.9   NTRM=  35
   -------------------------
   INDX  INDP   CODE                 S L   WJ        WNR
   ----  ----   ----                 - -   --  ----------
     1     1    2S1                 (2)0( 0.5)        0.0 
     2     1    2P1                 (2)1( 2.5)    66653.8 
     3     1    3S1                 (2)0( 0.5)   303065.7 
     4     1    3P1                 (2)1( 2.5)   320762.3 
     5     1    3D1                 (2)2( 4.5)   325210.1 
     6     1    4S1                 (2)0( 0.5)   401570.4 
     7     1    4P1                 (2)1( 2.5)   408725.3 
     8     1    4D1                 (2)2( 4.5)   410601.9 
     9     1    4F1                 (2)3( 6.5)   410654.9 
    10     1    5S1                 (2)0( 0.5)   445588.2 
    11     1    5P1                 (2)1( 2.5)   449170.4 
    12     1    5G1                 (2)4( 8.5)   450082.0 
    13     1    5D1                 (2)2( 4.5)   450130.2 
    14     1    5F1                 (2)3( 6.5)   450160.4 
    15     1    6S1                 (2)0( 0.5)   469002.2 
    16     1    6P1                 (2)1( 2.5)   471047.0 
    17     1    6G1                 (2)4( 8.5)   471574.9 
    18     1    6H1                 (2)5(10.5)   471597.0 
    19     1    6D1                 (2)2( 4.5)   471601.8 
    20     1    6F1                 (2)3( 6.5)   471620.2 
    21     1    7S1                 (2)0( 0.5)   482923.0 
    22     1    7P1                 (2)1( 2.5)   484198.8 
    23     1    7G1                 (2)4( 8.5)   484531.4 
    24     1    7H1                 (2)5(10.5)   484545.2 
    25     1    7D1                 (2)2( 4.5)   484547.9 
    26     1    7I1                 (2)6(12.5)   484551.5 
    27     1    7F1                 (2)3( 6.5)   484559.9 
    28     1    8S1                 (2)0( 0.5)   491867.3 
    29     1    8P1                 (2)1( 2.5)   492716.3 
    30     1    8G1                 (2)4( 8.5)   492939.1 
    31     1    8H1                 (2)5(10.5)   492948.4 
    32     1    8D1                 (2)2( 4.5)   492950.0 
    33     1    8I1                 (2)6(12.5)   492952.6 
    34     1    8J1                 (2)7(14.5)   492954.7 
    35     1    8F1                 (2)3( 6.5)   492958.2 

   N-SHELL INDEXING                                     NREP= 42
   ----------------
   IREP    N
   -----   -
     1     1
     2     2
     3     3
     4     4
     5     5
     6     6
     7     7
     8     8
     9     9
    10    10
    11    11
    12    12
    13    13
    14    14
    15    15
    16    16
    17    18
    18    20
    19    22
    20    25
    21    29
    22    35
    23    39
    24    45
    25    49
    26    55
    27    61
    28    70
    29    81
    30   100
    31   115
    32   140
    33   162
    34   200
    35   235
    36   300
    37   353
    38   450
    39   535
    40   700
    41   811
    42   999



 --------------------------------
 PRTI= 1  TRMPRT= (1S)  SPNPRT= 1

   INDX TE=  1.60E+02  3.20E+02  8.00E+02  1.60E+03  3.20E+03  8.00E+03  1.60E+04  3.20E+04  8.00E+04  1.60E+05
   ---- ---  3.20E+05  8.00E+05  1.60E+06  3.20E+06  8.00E+06  1.60E+07  3.20E+07  8.00E+07  1.60E+08
     1       3.05E-12  2.16E-12  1.37E-12  9.66E-13  6.83E-13  4.33E-13  3.07E-13  2.19E-13  1.40E-13  1.01E-13
             7.26E-14  4.61E-14  3.14E-14  2.03E-14  1.02E-14  5.59E-15  2.82E-15  1.03E-15  4.43E-16
     2       9.82E-12  6.94E-12  4.39E-12  3.10E-12  2.19E-12  1.37E-12  9.60E-13  6.64E-13  3.96E-13  2.57E-13
             1.59E-13  7.53E-14  3.92E-14  1.89E-14  6.47E-15  2.69E-15  1.06E-15  2.95E-16  1.08E-16
     3       8.47E-13  5.99E-13  3.79E-13  2.68E-13  1.90E-13  1.21E-13  8.58E-14  6.13E-14  3.98E-14  2.89E-14
             2.09E-14  1.32E-14  8.97E-15  5.74E-15  2.87E-15  1.56E-15  7.83E-16  2.83E-16  1.22E-16
     4       3.55E-12  2.51E-12  1.58E-12  1.12E-12  7.89E-13  4.96E-13  3.47E-13  2.41E-13  1.44E-13  9.37E-14
             5.77E-14  2.73E-14  1.42E-14  6.80E-15  2.32E-15  9.59E-16  3.78E-16  1.05E-16  3.85E-17
     5       3.72E-12  2.63E-12  1.66E-12  1.17E-12  8.19E-13  5.06E-13  3.46E-13  2.29E-13  1.23E-13  7.07E-14
             3.72E-14  1.38E-14  5.93E-15  2.39E-15  6.67E-16  2.46E-16  8.89E-17  2.28E-17  8.12E-18
     6       3.60E-13  2.55E-13  1.61E-13  1.14E-13  8.08E-14  5.14E-14  3.66E-14  2.63E-14  1.71E-14  1.24E-14
             8.93E-15  5.60E-15  3.76E-15  2.39E-15  1.18E-15  6.38E-16  3.20E-16  1.16E-16  4.98E-17
     7       1.66E-12  1.17E-12  7.40E-13  5.23E-13  3.69E-13  2.32E-13  1.62E-13  1.13E-13  6.71E-14  4.36E-14
             2.67E-14  1.26E-14  6.47E-15  3.09E-15  1.05E-15  4.32E-16  1.70E-16  4.70E-17  1.73E-17
     8       2.33E-12  1.64E-12  1.04E-12  7.30E-13  5.13E-13  3.17E-13  2.16E-13  1.43E-13  7.71E-14  4.43E-14
             2.33E-14  8.61E-15  3.69E-15  1.48E-15  4.14E-16  1.52E-16  5.51E-17  1.41E-17  5.03E-18
     9       1.72E-12  1.22E-12  7.64E-13  5.36E-13  3.73E-13  2.25E-13  1.48E-13  9.21E-14  4.39E-14  2.24E-14
             1.04E-14  3.31E-15  1.29E-15  4.84E-16  1.27E-16  4.56E-17  1.63E-17  4.13E-18  1.46E-18
    10       1.90E-13  1.34E-13  8.49E-14  6.01E-14  4.26E-14  2.71E-14  1.94E-14  1.39E-14  9.01E-15  6.50E-15
             4.65E-15  2.88E-15  1.92E-15  1.21E-15  5.97E-16  3.22E-16  1.61E-16  5.80E-17  2.49E-17
    11       9.17E-13  6.48E-13  4.10E-13  2.89E-13  2.04E-13  1.28E-13  8.96E-14  6.20E-14  3.68E-14  2.37E-14
             1.45E-14  6.74E-15  3.46E-15  1.64E-15  5.55E-16  2.29E-16  8.99E-17  2.48E-17  9.09E-18
    12       8.31E-13  5.86E-13  3.67E-13  2.55E-13  1.75E-13  1.02E-13  6.38E-14  3.71E-14  1.56E-14  7.22E-15
             3.06E-15  8.86E-16  3.30E-16  1.20E-16  3.10E-17  1.10E-17  3.91E-18  9.91E-19  3.51E-19
    13       1.43E-12  1.01E-12  6.35E-13  4.47E-13  3.14E-13  1.94E-13  1.32E-13  8.77E-14  4.70E-14  2.69E-14
             1.41E-14  5.20E-15  2.23E-15  8.92E-16  2.49E-16  9.15E-17  3.31E-17  8.49E-18  3.02E-18
    14       1.52E-12  1.07E-12  6.73E-13  4.72E-13  3.28E-13  1.98E-13  1.30E-13  8.11E-14  3.86E-14  1.97E-14
             9.13E-15  2.90E-15  1.13E-15  4.24E-16  1.12E-16  4.00E-17  1.42E-17  3.62E-18  1.28E-18
    15       1.14E-13  8.04E-14  5.09E-14  3.60E-14  2.56E-14  1.63E-14  1.16E-14  8.31E-15  5.37E-15  3.85E-15
             2.73E-15  1.68E-15  1.11E-15  6.97E-16  3.42E-16  1.84E-16  9.22E-17  3.32E-17  1.43E-17
    16       5.67E-13  4.01E-13  2.53E-13  1.79E-13  1.26E-13  7.91E-14  5.52E-14  3.80E-14  2.24E-14  1.44E-14
             8.69E-15  4.02E-15  2.06E-15  9.75E-16  3.28E-16  1.35E-16  5.30E-17  1.46E-17  5.36E-18
    17       9.47E-13  6.67E-13  4.18E-13  2.91E-13  2.00E-13  1.16E-13  7.27E-14  4.22E-14  1.78E-14  8.22E-15
             3.48E-15  1.01E-15  3.76E-16  1.37E-16  3.52E-17  1.25E-17  4.45E-18  1.13E-18  3.99E-19
    18       4.09E-13  2.88E-13  1.79E-13  1.23E-13  8.31E-14  4.62E-14  2.73E-14  1.47E-14  5.57E-15  2.38E-15
             9.50E-16  2.61E-16  9.52E-17  3.42E-17  8.74E-18  3.10E-18  1.10E-18  2.78E-19  9.83E-20
    19       9.22E-13  6.51E-13  4.11E-13  2.89E-13  2.03E-13  1.25E-13  8.55E-14  5.64E-14  3.01E-14  1.72E-14
             8.97E-15  3.30E-15  1.41E-15  5.64E-16  1.57E-16  5.77E-17  2.09E-17  5.35E-18  1.90E-18
    20       1.13E-12  7.97E-13  5.02E-13  3.52E-13  2.45E-13  1.47E-13  9.69E-14  6.04E-14  2.87E-14  1.46E-14
             6.77E-15  2.15E-15  8.37E-16  3.13E-16  8.24E-17  2.95E-17  1.05E-17  2.67E-18  9.46E-19
    21       7.44E-14  5.26E-14  3.33E-14  2.36E-14  1.67E-14  1.06E-14  7.57E-15  5.41E-15  3.47E-15  2.47E-15
             1.74E-15  1.06E-15  6.98E-16  4.37E-16  2.14E-16  1.15E-16  5.76E-17  2.07E-17  8.90E-18
    22       3.79E-13  2.68E-13  1.69E-13  1.19E-13  8.41E-14  5.26E-14  3.66E-14  2.51E-14  1.47E-14  9.35E-15
             5.63E-15  2.59E-15  1.32E-15  6.24E-16  2.10E-16  8.62E-17  3.38E-17  9.32E-18  3.42E-18
    23       8.33E-13  5.87E-13  3.68E-13  2.56E-13  1.76E-13  1.02E-13  6.39E-14  3.71E-14  1.56E-14  7.21E-15
             3.05E-15  8.83E-16  3.29E-16  1.20E-16  3.09E-17  1.10E-17  3.89E-18  9.87E-19  3.49E-19
    24       5.74E-13  4.03E-13  2.51E-13  1.73E-13  1.17E-13  6.48E-14  3.83E-14  2.07E-14  7.80E-15  3.34E-15
             1.33E-15  3.66E-16  1.33E-16  4.79E-17  1.22E-17  4.34E-18  1.54E-18  3.89E-19  1.38E-19
    25       6.29E-13  4.45E-13  2.80E-13  1.97E-13  1.38E-13  8.54E-14  5.81E-14  3.83E-14  2.03E-14  1.15E-14
             6.01E-15  2.20E-15  9.38E-16  3.75E-16  1.04E-16  3.84E-17  1.39E-17  3.56E-18  1.26E-18
    26       2.04E-13  1.43E-13  8.85E-14  6.02E-14  3.96E-14  2.08E-14  1.16E-14  5.84E-15  2.01E-15  8.16E-16
             3.12E-16  8.33E-17  3.00E-17  1.07E-17  2.73E-18  9.66E-19  3.42E-19  8.65E-20  3.06E-20
    27       8.28E-13  5.84E-13  3.67E-13  2.58E-13  1.79E-13  1.08E-13  7.09E-14  4.41E-14  2.09E-14  1.06E-14
             4.91E-15  1.56E-15  6.06E-16  2.27E-16  5.96E-17  2.14E-17  7.61E-18  1.93E-18  6.85E-19
    28       5.17E-14  3.66E-14  2.31E-14  1.64E-14  1.16E-14  7.38E-15  5.24E-15  3.73E-15  2.37E-15  1.68E-15
             1.18E-15  7.12E-16  4.68E-16  2.92E-16  1.43E-16  7.66E-17  3.82E-17  1.37E-17  5.90E-18
    29       2.68E-13  1.89E-13  1.19E-13  8.43E-14  5.93E-14  3.70E-14  2.57E-14  1.75E-14  1.02E-14  6.43E-15
             3.85E-15  1.76E-15  8.96E-16  4.23E-16  1.42E-16  5.82E-17  2.28E-17  6.28E-18  2.30E-18
    30       6.83E-13  4.81E-13  3.01E-13  2.10E-13  1.44E-13  8.36E-14  5.23E-14  3.03E-14  1.27E-14  5.88E-15
             2.49E-15  7.20E-16  2.68E-16  9.76E-17  2.51E-17  8.94E-18  3.17E-18  8.04E-19  2.84E-19
    31       5.82E-13  4.09E-13  2.55E-13  1.76E-13  1.18E-13  6.56E-14  3.88E-14  2.09E-14  7.90E-15  3.38E-15
             1.35E-15  3.70E-16  1.35E-16  4.84E-17  1.24E-17  4.39E-18  1.55E-18  3.94E-19  1.39E-19
    32       4.50E-13  3.18E-13  2.00E-13  1.41E-13  9.88E-14  6.09E-14  4.13E-14  2.71E-14  1.43E-14  8.10E-15
             4.20E-15  1.53E-15  6.53E-16  2.61E-16  7.25E-17  2.66E-17  9.63E-18  2.47E-18  8.78E-19
    33       3.41E-13  2.39E-13  1.47E-13  1.00E-13  6.60E-14  3.47E-14  1.94E-14  9.73E-15  3.35E-15  1.36E-15
             5.20E-16  1.39E-16  5.00E-17  1.78E-17  4.54E-18  1.61E-18  5.69E-19  1.44E-19  5.09E-20
    34       1.03E-13  7.20E-14  4.40E-14  2.94E-14  1.88E-14  9.34E-15  4.91E-15  2.32E-15  7.43E-16  2.90E-16
             1.08E-16  2.83E-17  1.01E-17  3.61E-18  9.16E-19  3.24E-19  1.15E-19  2.90E-20  1.03E-20
    35       6.15E-13  4.34E-13  2.73E-13  1.91E-13  1.33E-13  8.00E-14  5.25E-14  3.26E-14  1.54E-14  7.82E-15
             3.61E-15  1.14E-15  4.44E-16  1.66E-16  4.37E-17  1.57E-17  5.57E-18  1.42E-18  5.01E-19


 -----------------------------------------
 PRTF= 1  TRMPRT= (1S)  SPNPRT= 1  NSYS= 1
                                                                                              -----------------
                                                                                              SYS= 1  SPNSYS= 2
   IREP
   ----
     2       1.29E-11  9.10E-12  5.75E-12  4.06E-12  2.87E-12  1.81E-12  1.27E-12  8.83E-13  5.36E-13  3.58E-13
             2.31E-13  1.21E-13  7.05E-14  3.91E-14  1.67E-14  8.25E-15  3.87E-15  1.32E-15  5.50E-16
     3       8.11E-12  5.73E-12  3.62E-12  2.55E-12  1.80E-12  1.12E-12  7.79E-13  5.31E-13  3.07E-13  1.93E-13
             1.16E-13  5.43E-14  2.90E-14  1.49E-14  5.82E-15  2.74E-15  1.24E-15  4.09E-16  1.68E-16
     4       6.06E-12  4.28E-12  2.70E-12  1.90E-12  1.33E-12  8.25E-13  5.63E-13  3.74E-13  2.05E-13  1.23E-13
             6.93E-14  3.00E-14  1.52E-14  7.40E-15  2.75E-15  1.26E-15  5.58E-16  1.80E-16  7.32E-17
     5       4.88E-12  3.44E-12  2.17E-12  1.52E-12  1.06E-12  6.49E-13  4.35E-13  2.82E-13  1.47E-13  8.41E-14
             4.54E-14  1.86E-14  9.03E-15  4.27E-15  1.53E-15  6.88E-16  3.00E-16  9.53E-17  3.85E-17
     6       4.09E-12  2.88E-12  1.81E-12  1.27E-12  8.82E-13  5.30E-13  3.49E-13  2.20E-13  1.10E-13  6.06E-14
             3.16E-14  1.24E-14  5.85E-15  2.70E-15  9.47E-16  4.19E-16  1.81E-16  5.68E-17  2.28E-17
     7       3.52E-12  2.48E-12  1.56E-12  1.09E-12  7.50E-13  4.44E-13  2.87E-13  1.77E-13  8.48E-14  4.54E-14
             2.29E-14  8.71E-15  4.03E-15  1.83E-15  6.29E-16  2.75E-16  1.18E-16  3.67E-17  1.47E-17
     8       3.09E-12  2.18E-12  1.36E-12  9.48E-13  6.50E-13  3.79E-13  2.40E-13  1.44E-13  6.70E-14  3.49E-14
             1.73E-14  6.38E-15  2.91E-15  1.30E-15  4.40E-16  1.91E-16  8.10E-17  2.51E-17  1.00E-17
     9       2.76E-12  1.94E-12  1.21E-12  8.38E-13  5.70E-13  3.27E-13  2.04E-13  1.20E-13  5.40E-14  2.76E-14
             1.34E-14  4.83E-15  2.17E-15  9.60E-16  3.21E-16  1.38E-16  5.84E-17  1.80E-17  7.16E-18
    10       2.49E-12  1.75E-12  1.09E-12  7.50E-13  5.06E-13  2.86E-13  1.75E-13  1.01E-13  4.42E-14  2.21E-14
             1.06E-14  3.75E-15  1.67E-15  7.30E-16  2.42E-16  1.03E-16  4.35E-17  1.34E-17  5.30E-18
    11       2.26E-12  1.59E-12  9.86E-13  6.77E-13  4.53E-13  2.51E-13  1.51E-13  8.58E-14  3.67E-14  1.81E-14
             8.51E-15  2.98E-15  1.31E-15  5.70E-16  1.87E-16  7.96E-17  3.33E-17  1.02E-17  4.03E-18
    12       2.08E-12  1.46E-12  9.01E-13  6.15E-13  4.08E-13  2.23E-13  1.32E-13  7.36E-14  3.09E-14  1.50E-14
             6.97E-15  2.41E-15  1.05E-15  4.53E-16  1.48E-16  6.24E-17  2.60E-17  7.88E-18  3.11E-18
    13       1.92E-12  1.34E-12  8.28E-13  5.62E-13  3.70E-13  1.99E-13  1.16E-13  6.38E-14  2.62E-14  1.26E-14
             5.79E-15  1.98E-15  8.57E-16  3.68E-16  1.19E-16  5.01E-17  2.08E-17  6.30E-18  2.48E-18
    14       1.78E-12  1.25E-12  7.65E-13  5.16E-13  3.37E-13  1.78E-13  1.03E-13  5.57E-14  2.25E-14  1.07E-14
             4.86E-15  1.64E-15  7.08E-16  3.02E-16  9.69E-17  4.07E-17  1.68E-17  5.08E-18  2.00E-18
    15       1.67E-12  1.17E-12  7.13E-13  4.78E-13  3.10E-13  1.61E-13  9.18E-14  4.90E-14  1.95E-14  9.15E-15
             4.13E-15  1.38E-15  5.93E-16  2.52E-16  8.02E-17  3.35E-17  1.38E-17  4.14E-18  1.62E-18
    16       1.57E-12  1.09E-12  6.65E-13  4.44E-13  2.85E-13  1.46E-13  8.21E-14  4.32E-14  1.70E-14  7.89E-15
             3.53E-15  1.17E-15  5.01E-16  2.12E-16  6.72E-17  2.80E-17  1.15E-17  3.44E-18  1.35E-18
    17       1.39E-12  9.65E-13  5.82E-13  3.84E-13  2.42E-13  1.21E-13  6.64E-14  3.42E-14  1.31E-14  5.99E-15
             2.65E-15  8.70E-16  3.68E-16  1.54E-16  4.87E-17  2.01E-17  8.24E-18  2.46E-18  9.58E-19
    18       1.25E-12  8.65E-13  5.16E-13  3.36E-13  2.09E-13  1.02E-13  5.47E-14  2.77E-14  1.04E-14  4.69E-15
             2.05E-15  6.65E-16  2.79E-16  1.17E-16  3.65E-17  1.50E-17  6.13E-18  1.82E-18  7.08E-19
    19       1.13E-12  7.81E-13  4.61E-13  2.97E-13  1.82E-13  8.64E-14  4.57E-14  2.27E-14  8.36E-15  3.74E-15
             1.62E-15  5.21E-16  2.17E-16  9.03E-17  2.81E-17  1.15E-17  4.69E-18  1.39E-18  5.43E-19
    20       9.89E-13  6.77E-13  3.94E-13  2.50E-13  1.49E-13  6.88E-14  3.55E-14  1.73E-14  6.23E-15  2.75E-15
             1.18E-15  3.74E-16  1.55E-16  6.40E-17  1.98E-17  8.08E-18  3.27E-18  9.67E-19  3.76E-19
    21       8.45E-13  5.73E-13  3.26E-13  2.02E-13  1.18E-13  5.23E-14  2.63E-14  1.25E-14  4.40E-15  1.91E-15
             8.12E-16  2.54E-16  1.04E-16  4.28E-17  1.31E-17  5.34E-18  2.15E-18  6.34E-19  2.46E-19
    22       6.88E-13  4.60E-13  2.54E-13  1.52E-13  8.56E-14  3.63E-14  1.77E-14  8.22E-15  2.81E-15  1.20E-15
             5.02E-16  1.55E-16  6.31E-17  2.56E-17  7.79E-18  3.15E-18  1.26E-18  3.71E-19  1.43E-19
    23       6.09E-13  4.03E-13  2.18E-13  1.28E-13  7.06E-14  2.92E-14  1.40E-14  6.41E-15  2.16E-15  9.14E-16
             3.80E-16  1.16E-16  4.72E-17  1.91E-17  5.77E-18  2.33E-18  9.31E-19  2.72E-19  1.05E-19
    24       5.16E-13  3.36E-13  1.76E-13  1.01E-13  5.42E-14  2.17E-14  1.02E-14  4.59E-15  1.52E-15  6.36E-16
             2.62E-16  7.95E-17  3.20E-17  1.29E-17  3.87E-18  1.56E-18  6.21E-19  1.81E-19  6.97E-20
    25       4.66E-13  3.00E-13  1.55E-13  8.73E-14  4.61E-14  1.81E-14  8.41E-15  3.75E-15  1.23E-15  5.11E-16
             2.10E-16  6.33E-17  2.54E-17  1.02E-17  3.05E-18  1.22E-18  4.87E-19  1.42E-19  5.46E-20
    26       4.05E-13  2.56E-13  1.29E-13  7.10E-14  3.68E-14  1.41E-14  6.45E-15  2.84E-15  9.17E-16  3.80E-16
             1.55E-16  4.64E-17  1.86E-17  7.42E-18  2.21E-18  8.84E-19  3.51E-19  1.02E-19  3.91E-20
    27       3.55E-13  2.22E-13  1.09E-13  5.87E-14  2.98E-14  1.12E-14  5.06E-15  2.21E-15  7.05E-16  2.90E-16
             1.18E-16  3.51E-17  1.40E-17  5.57E-18  1.65E-18  6.60E-19  2.62E-19  7.56E-20  2.90E-20
    28       2.96E-13  1.81E-13  8.58E-14  4.52E-14  2.24E-14  8.21E-15  3.65E-15  1.57E-15  4.96E-16  2.02E-16
             8.15E-17  2.42E-17  9.59E-18  3.81E-18  1.13E-18  4.47E-19  1.77E-19  5.09E-20  1.95E-20
    29       2.43E-13  1.44E-13  6.60E-14  3.39E-14  1.64E-14  5.86E-15  2.57E-15  1.09E-15  3.40E-16  1.38E-16
             5.52E-17  1.62E-17  6.42E-18  2.54E-18  7.47E-19  2.96E-19  1.17E-19  3.36E-20  1.29E-20
    30       1.79E-13  1.02E-13  4.43E-14  2.20E-14  1.03E-14  3.56E-15  1.53E-15  6.40E-16  1.96E-16  7.88E-17
             3.13E-17  9.13E-18  3.59E-18  1.41E-18  4.13E-19  1.63E-19  6.40E-20  1.83E-20  7.01E-21
    31       1.44E-13  8.02E-14  3.36E-14  1.63E-14  7.51E-15  2.54E-15  1.08E-15  4.47E-16  1.36E-16  5.42E-17
             2.14E-17  6.22E-18  2.44E-18  9.55E-19  2.78E-19  1.09E-19  4.29E-20  1.23E-20  4.68E-21
    32       1.04E-13  5.59E-14  2.24E-14  1.05E-14  4.75E-15  1.57E-15  6.55E-16  2.69E-16  8.06E-17  3.19E-17
             1.25E-17  3.62E-18  1.41E-18  5.50E-19  1.59E-19  6.25E-20  2.44E-20  6.96E-21  2.64E-21
    33       8.08E-14  4.23E-14  1.64E-14  7.57E-15  3.35E-15  1.09E-15  4.51E-16  1.83E-16  5.45E-17  2.15E-17
             8.41E-18  2.42E-18  9.38E-19  3.65E-19  1.05E-19  4.13E-20  1.61E-20  4.56E-21  1.73E-21
    34       5.49E-14  2.77E-14  1.03E-14  4.63E-15  2.01E-15  6.37E-16  2.61E-16  1.05E-16  3.09E-17  1.21E-17
             4.72E-18  1.35E-18  5.21E-19  2.02E-19  5.80E-20  2.26E-20  8.80E-21  2.49E-21  9.47E-22
    35       4.02E-14  1.97E-14  7.13E-15  3.15E-15  1.35E-15  4.21E-16  1.71E-16  6.84E-17  2.00E-17  7.80E-18
             3.02E-18  8.59E-19  3.31E-19  1.28E-19  3.67E-20  1.43E-20  5.54E-21  1.57E-21  5.94E-22
    36       2.45E-14  1.16E-14  4.02E-15  1.73E-15  7.27E-16  2.23E-16  8.96E-17  3.55E-17  1.03E-17  3.99E-18
             1.54E-18  4.34E-19  1.67E-19  6.42E-20  1.83E-20  7.10E-21  2.75E-21  7.73E-22  2.92E-22
    37       1.73E-14  8.01E-15  2.72E-15  1.16E-15  4.80E-16  1.46E-16  5.81E-17  2.29E-17  6.58E-18  2.54E-18
             9.78E-19  2.75E-19  1.05E-19  4.05E-20  1.15E-20  4.45E-21  1.72E-21  4.82E-22  1.81E-22
    38       1.01E-14  4.55E-15  1.50E-15  6.25E-16  2.56E-16  7.64E-17  3.02E-17  1.18E-17  3.37E-18  1.30E-18
             4.97E-19  1.39E-19  5.31E-20  2.03E-20  5.75E-21  2.22E-21  8.55E-22  2.40E-22  9.04E-23
    39       6.81E-15  3.00E-15  9.69E-16  4.00E-16  1.62E-16  4.81E-17  1.89E-17  7.36E-18  2.09E-18  8.01E-19
             3.06E-19  8.53E-20  3.25E-20  1.24E-20  3.51E-21  1.35E-21  5.19E-22  1.45E-22  5.46E-23
    40       3.59E-15  1.54E-15  4.86E-16  1.98E-16  7.93E-17  2.32E-17  9.06E-18  3.50E-18  9.89E-19  3.77E-19
             1.43E-19  3.99E-20  1.51E-20  5.77E-21  1.62E-21  6.22E-22  2.39E-22  6.64E-23  2.49E-23
    41       2.49E-15  1.06E-15  3.30E-16  1.34E-16  5.32E-17  1.55E-17  6.03E-18  2.33E-18  6.54E-19  2.49E-19
             9.45E-20  2.62E-20  9.94E-21  3.78E-21  1.06E-21  4.06E-22  1.56E-22  4.32E-23  1.62E-23
    42       1.46E-15  6.14E-16  1.89E-16  7.57E-17  3.00E-17  8.68E-18  3.36E-18  1.29E-18  3.62E-19  1.38E-19
             5.21E-20  1.44E-20  5.45E-21  2.07E-21  5.79E-22  2.22E-22  8.48E-23  2.36E-23  8.86E-24



    T(K)     ALFT( 1)  ALFT( 2)  ALFT( 3)  ALFT( 4)  ALFT( 5)  ALFT( 6)  ALFT( 7)  ALFT( 8)  ALFT( 9)  ALFT(10)
    ----     --------  --------  --------  --------  --------  --------  --------  --------  --------  --------
  1.60E+02   1.21E-10
  3.20E+02   8.01E-11
  8.00E+02   4.56E-11
  1.60E+03   2.98E-11
  3.20E+03   1.86E-11
  8.00E+03   9.98E-12
  1.60E+04   6.16E-12
  3.20E+04   3.75E-12
  8.00E+04   1.90E-12
  1.60E+05   1.10E-12
  3.20E+05   6.25E-13
  8.00E+05   2.82E-13
  1.60E+06   1.50E-13
  3.20E+06   7.70E-14
  8.00E+06   3.06E-14
  1.60E+07   1.46E-14
  3.20E+07   6.67E-15
  8.00E+07   2.21E-15
  1.60E+08   9.15E-16
C--------------------------------------------------------------------------------------------------------------
C
C See N. R. Badnell, ApJS, vol 167 (2006) p334
C DOI: 10.1086/508465
C
C NAME: N R Badnell
C DATE: Jan 2006
C
C--------------------------------------------------------------------------------------------------------------

C-----------------------------------------------------------------------
C                               OPEN-ADAS
C                               +++++++++
C
C This file has been downloaded from OPEN-ADAS (http://open.adas.ac.uk)
C on 10-Jul-2013.
C
C TERMS AND CONDITIONS
C --------------------
C
C The user of the OPEN-ADAS system and data (hereinafter "the User")
C accepts the following terms and conditions:
C
C   1. The University of Strathclyde uses all reasonable endeavours to
C      ensure the accuracy of the data provided and any information
C      given, but the University makes no warranty, expressed or implied
C      as to its accuracy, integrity, fitness for purpose and shall not
C      be responsible for the use to which the data is put by the User
C      and/or any consequences arising out of any inaccuracies or
C      omissions.
C
C   2. Any downloaded OPEN-ADAS file is made available for the
C      personal use of the User only.  It must not be used for any
C      commercial application, incorporated into any web site or in
C      any form re-distributed without express prior written permission
C      from the ADAS Project. In particular, but not by way of
C      limitation, it must not be:
C        *  inserted into a managed database structure,
C        *  redistributed along with a modelling or analysis code,
C        *  made available on a public website.
C
C Permission for OPEN-ADAS data incorporation in non-commercial
C code/system development for scientific advance will not be
C unreasonably withheld, but will be subject to written agreement
C on a case by case basis.
C
C The User will indemnify the University of Strathclyde and keep it
C fully and effectively indemnified against each and every claim made
C against the University as a result of the User's use of the data.
C
C-----------------------------------------------------------------------
