   50    /W :46 photon emissivity coefficients/
--------------------------------------------------------------------------------
    1    1    1    1    1    1    1    1    1    1    1    1    1    1
    1    1    1    1    1    1    1    1    1    1    1    1    1    1
    1    1    1    1    1    1    1    1    1    1    1    1    1    1
    1    1    1    1    1    1    1    1    1    1    1    1    1    1
    1    1    1    1    1    1    1    1    1    1    1    1    1    1
    1    1    1    1    1
--------------------------------------------------------------------------------
//#01/p00/ 00/p01/ 01/p02/ 02/p03/ 03/p04/ 04/p05/ 05/p06/ 06/p07/ 07/p08/ 08/  
      p09/ 09/p10/ 10/p11/ 11/p12/ 12/p13/ 13/p14/ 14/p15/ 15/p16/ 16/p17/ 17/  
      p18/ 18/p19/ 19/p20/ 20/p21/ 21/p22/ 22/p23/ 23/p24/ 24/p25/ 25/p26/ 26/  
      p27/ 27/p28/ 28/p29/ 29/p30/ 30/p31/ 31/p32/ 32/p33/ 33/p34/ 34/p35/ 35/  
      p36/ 36/p37/ 37/p38/ 38/p39/ 39/p40/ 40/p41/ 41/p42/ 42/p43/ 43/p44/ 44/  
      p45/ 45/p46/ 46/p47/ 47/p48/ 48/p49/ 49/p50/ 50/p51/ 51/p52/ 52/p53/ 53/  
      p54/ 54/p55/ 55/p56/ 56/p57/ 57/p58/ 58/p59/ 59/p60/ 60/p61/ 61/p62/ 62/  
      p63/ 63/p64/ 64/p65/ 65/p66/ 66/p67/ 67/p68/ 68/p69/ 69/p70/ 70/p71/ 71/  
      p72/ 72/p73/ 73/p74/ 74/                                                  
--------------------------------------------------------------------------------
  3.44241    7  14 /pl=01:ss=46:pb= 1:sz=46/type=excit/ispb = t/isel =    1
 1.00E+10 1.00E+11 1.00E+12 1.00E+13 1.00E+14 1.00E+15 1.00E+16
 3.81E+01 5.71E+01 9.52E+01 1.90E+02 3.81E+02 9.52E+02 1.90E+03 2.86E+03
 3.81E+03 5.71E+03 9.52E+03 1.90E+04 3.81E+04 5.71E+04
 1.00E-74 5.18E-39 3.63E-28 4.26E-20 3.90E-16 7.51E-14 3.77E-13 6.21E-13
 7.87E-13 9.91E-13 1.18E-12 1.33E-12 1.37E-12 1.34E-12
 1.00E-74 5.18E-39 3.63E-28 4.26E-20 3.90E-16 7.51E-14 3.77E-13 6.21E-13
 7.87E-13 9.91E-13 1.18E-12 1.33E-12 1.37E-12 1.34E-12
 1.00E-74 5.18E-39 3.63E-28 4.26E-20 3.90E-16 7.51E-14 3.77E-13 6.21E-13
 7.87E-13 9.91E-13 1.18E-12 1.33E-12 1.37E-12 1.34E-12
 1.00E-74 5.18E-39 3.63E-28 4.26E-20 3.90E-16 7.51E-14 3.77E-13 6.21E-13
 7.87E-13 9.91E-13 1.18E-12 1.33E-12 1.37E-12 1.34E-12
 1.00E-74 5.18E-39 3.63E-28 4.26E-20 3.90E-16 7.51E-14 3.77E-13 6.21E-13
 7.87E-13 9.91E-13 1.18E-12 1.33E-12 1.37E-12 1.34E-12
 1.00E-74 5.18E-39 3.63E-28 4.26E-20 3.90E-16 7.51E-14 3.77E-13 6.21E-13
 7.87E-13 9.90E-13 1.18E-12 1.33E-12 1.36E-12 1.34E-12
 1.00E-74 5.18E-39 3.63E-28 4.26E-20 3.90E-16 7.50E-14 3.77E-13 6.19E-13
 7.85E-13 9.87E-13 1.17E-12 1.32E-12 1.36E-12 1.34E-12
  3.55038    7  14 /pl=01:ss=46:pb= 1:sz=46/type=excit/ispb = t/isel =    2
 1.00E+10 1.00E+11 1.00E+12 1.00E+13 1.00E+14 1.00E+15 1.00E+16
 3.81E+01 5.71E+01 9.52E+01 1.90E+02 3.81E+02 9.52E+02 1.90E+03 2.86E+03
 3.81E+03 5.71E+03 9.52E+03 1.90E+04 3.81E+04 5.71E+04
 1.00E-74 1.02E-37 3.33E-27 2.19E-19 1.50E-15 2.38E-13 1.10E-12 1.72E-12
 2.10E-12 2.50E-12 2.75E-12 2.79E-12 2.61E-12 2.44E-12
 1.00E-74 1.02E-37 3.33E-27 2.19E-19 1.50E-15 2.38E-13 1.10E-12 1.72E-12
 2.10E-12 2.50E-12 2.75E-12 2.79E-12 2.61E-12 2.44E-12
 1.00E-74 1.02E-37 3.33E-27 2.19E-19 1.50E-15 2.38E-13 1.10E-12 1.72E-12
 2.10E-12 2.50E-12 2.75E-12 2.79E-12 2.61E-12 2.44E-12
 1.00E-74 1.02E-37 3.33E-27 2.19E-19 1.50E-15 2.38E-13 1.10E-12 1.72E-12
 2.10E-12 2.50E-12 2.75E-12 2.79E-12 2.61E-12 2.44E-12
 1.00E-74 1.02E-37 3.33E-27 2.19E-19 1.50E-15 2.38E-13 1.10E-12 1.72E-12
 2.10E-12 2.50E-12 2.75E-12 2.79E-12 2.61E-12 2.44E-12
 1.00E-74 1.02E-37 3.33E-27 2.19E-19 1.50E-15 2.38E-13 1.10E-12 1.72E-12
 2.10E-12 2.50E-12 2.75E-12 2.79E-12 2.60E-12 2.44E-12
 1.00E-74 1.02E-37 3.33E-27 2.19E-19 1.50E-15 2.38E-13 1.10E-12 1.72E-12
 2.10E-12 2.49E-12 2.74E-12 2.78E-12 2.60E-12 2.43E-12
  3.56188    7  14 /pl=01:ss=46:pb= 1:sz=46/type=excit/ispb = t/isel =    3
 1.00E+10 1.00E+11 1.00E+12 1.00E+13 1.00E+14 1.00E+15 1.00E+16
 3.81E+01 5.71E+01 9.52E+01 1.90E+02 3.81E+02 9.52E+02 1.90E+03 2.86E+03
 3.81E+03 5.71E+03 9.52E+03 1.90E+04 3.81E+04 5.71E+04
 1.00E-74 4.10E-38 1.24E-27 8.07E-20 5.84E-16 1.01E-13 4.96E-13 8.10E-13
 1.02E-12 1.28E-12 1.51E-12 1.69E-12 1.73E-12 1.69E-12
 1.00E-74 4.10E-38 1.24E-27 8.07E-20 5.84E-16 1.01E-13 4.96E-13 8.10E-13
 1.02E-12 1.28E-12 1.51E-12 1.69E-12 1.73E-12 1.69E-12
 1.00E-74 4.10E-38 1.24E-27 8.07E-20 5.84E-16 1.01E-13 4.96E-13 8.10E-13
 1.02E-12 1.28E-12 1.51E-12 1.69E-12 1.73E-12 1.69E-12
 1.00E-74 4.10E-38 1.24E-27 8.07E-20 5.84E-16 1.01E-13 4.96E-13 8.10E-13
 1.02E-12 1.28E-12 1.51E-12 1.69E-12 1.73E-12 1.69E-12
 1.00E-74 4.10E-38 1.24E-27 8.07E-20 5.84E-16 1.01E-13 4.96E-13 8.10E-13
 1.02E-12 1.28E-12 1.51E-12 1.69E-12 1.73E-12 1.69E-12
 1.00E-74 4.10E-38 1.24E-27 8.07E-20 5.84E-16 1.01E-13 4.96E-13 8.10E-13
 1.02E-12 1.28E-12 1.51E-12 1.68E-12 1.72E-12 1.69E-12
 1.00E-74 4.10E-38 1.24E-27 8.08E-20 5.84E-16 1.01E-13 4.95E-13 8.08E-13
 1.02E-12 1.27E-12 1.50E-12 1.68E-12 1.72E-12 1.68E-12
  3.61554    7  14 /pl=01:ss=46:pb= 1:sz=46/type=excit/ispb = t/isel =    4
 1.00E+10 1.00E+11 1.00E+12 1.00E+13 1.00E+14 1.00E+15 1.00E+16
 3.81E+01 5.71E+01 9.52E+01 1.90E+02 3.81E+02 9.52E+02 1.90E+03 2.86E+03
 3.81E+03 5.71E+03 9.52E+03 1.90E+04 3.81E+04 5.71E+04
 1.00E-74 4.05E-37 8.47E-27 4.00E-19 2.33E-15 3.34E-13 1.49E-12 2.31E-12
 2.80E-12 3.30E-12 3.61E-12 3.63E-12 3.38E-12 3.15E-12
 1.00E-74 4.05E-37 8.47E-27 4.00E-19 2.33E-15 3.34E-13 1.49E-12 2.31E-12
 2.80E-12 3.30E-12 3.61E-12 3.63E-12 3.38E-12 3.15E-12
 1.00E-74 4.05E-37 8.47E-27 4.00E-19 2.33E-15 3.34E-13 1.49E-12 2.31E-12
 2.80E-12 3.30E-12 3.61E-12 3.63E-12 3.38E-12 3.15E-12
 1.00E-74 4.05E-37 8.47E-27 4.00E-19 2.33E-15 3.34E-13 1.49E-12 2.31E-12
 2.80E-12 3.30E-12 3.61E-12 3.63E-12 3.38E-12 3.15E-12
 1.00E-74 4.05E-37 8.47E-27 4.00E-19 2.33E-15 3.34E-13 1.49E-12 2.31E-12
 2.80E-12 3.30E-12 3.61E-12 3.63E-12 3.38E-12 3.15E-12
 1.00E-74 4.05E-37 8.47E-27 4.00E-19 2.33E-15 3.34E-13 1.49E-12 2.31E-12
 2.80E-12 3.30E-12 3.61E-12 3.63E-12 3.37E-12 3.15E-12
 1.00E-74 4.05E-37 8.47E-27 4.00E-19 2.33E-15 3.34E-13 1.49E-12 2.30E-12
 2.79E-12 3.29E-12 3.60E-12 3.62E-12 3.36E-12 3.14E-12
  3.80109    7  14 /pl=01:ss=46:pb= 1:sz=46/type=excit/ispb = t/isel =    5
 1.00E+10 1.00E+11 1.00E+12 1.00E+13 1.00E+14 1.00E+15 1.00E+16
 3.81E+01 5.71E+01 9.52E+01 1.90E+02 3.81E+02 9.52E+02 1.90E+03 2.86E+03
 3.81E+03 5.71E+03 9.52E+03 1.90E+04 3.81E+04 5.71E+04
 1.00E-74 1.17E-35 7.57E-26 1.50E-18 5.65E-15 6.33E-13 2.61E-12 3.95E-12
 4.75E-12 5.56E-12 6.04E-12 6.09E-12 5.66E-12 5.31E-12
 1.00E-74 1.17E-35 7.57E-26 1.50E-18 5.65E-15 6.33E-13 2.61E-12 3.95E-12
 4.75E-12 5.56E-12 6.04E-12 6.09E-12 5.66E-12 5.31E-12
 1.00E-74 1.17E-35 7.57E-26 1.50E-18 5.65E-15 6.33E-13 2.61E-12 3.95E-12
 4.75E-12 5.56E-12 6.04E-12 6.09E-12 5.66E-12 5.31E-12
 1.00E-74 1.17E-35 7.57E-26 1.50E-18 5.65E-15 6.33E-13 2.61E-12 3.95E-12
 4.75E-12 5.56E-12 6.04E-12 6.09E-12 5.66E-12 5.31E-12
 1.00E-74 1.17E-35 7.57E-26 1.50E-18 5.65E-15 6.33E-13 2.61E-12 3.95E-12
 4.75E-12 5.56E-12 6.04E-12 6.09E-12 5.66E-12 5.31E-12
 1.00E-74 1.17E-35 7.57E-26 1.50E-18 5.65E-15 6.33E-13 2.61E-12 3.95E-12
 4.74E-12 5.56E-12 6.03E-12 6.09E-12 5.66E-12 5.31E-12
 8.30E-48 1.17E-35 7.57E-26 1.50E-18 5.65E-15 6.33E-13 2.61E-12 3.94E-12
 4.73E-12 5.55E-12 6.02E-12 6.07E-12 5.64E-12 5.29E-12
  3.87460    7  14 /pl=01:ss=46:pb= 1:sz=46/type=excit/ispb = t/isel =    6
 1.00E+10 1.00E+11 1.00E+12 1.00E+13 1.00E+14 1.00E+15 1.00E+16
 3.81E+01 5.71E+01 9.52E+01 1.90E+02 3.81E+02 9.52E+02 1.90E+03 2.86E+03
 3.81E+03 5.71E+03 9.52E+03 1.90E+04 3.81E+04 5.71E+04
 1.00E-74 4.13E-35 1.74E-25 2.49E-18 8.01E-15 8.14E-13 3.24E-12 4.89E-12
 5.79E-12 6.77E-12 7.35E-12 7.37E-12 6.82E-12 6.40E-12
 1.00E-74 4.13E-35 1.74E-25 2.49E-18 8.01E-15 8.14E-13 3.24E-12 4.89E-12
 5.79E-12 6.77E-12 7.35E-12 7.37E-12 6.82E-12 6.40E-12
 1.00E-74 4.13E-35 1.74E-25 2.49E-18 8.01E-15 8.14E-13 3.24E-12 4.89E-12
 5.79E-12 6.77E-12 7.35E-12 7.37E-12 6.82E-12 6.40E-12
 1.00E-74 4.13E-35 1.74E-25 2.49E-18 8.01E-15 8.14E-13 3.24E-12 4.89E-12
 5.79E-12 6.77E-12 7.35E-12 7.37E-12 6.82E-12 6.40E-12
 1.00E-74 4.13E-35 1.74E-25 2.49E-18 8.01E-15 8.14E-13 3.24E-12 4.89E-12
 5.79E-12 6.77E-12 7.35E-12 7.36E-12 6.82E-12 6.40E-12
 1.00E-74 4.13E-35 1.74E-25 2.49E-18 8.01E-15 8.14E-13 3.24E-12 4.89E-12
 5.79E-12 6.76E-12 7.34E-12 7.36E-12 6.81E-12 6.39E-12
 3.65E-47 4.13E-35 1.74E-25 2.49E-18 8.01E-15 8.14E-13 3.24E-12 4.88E-12
 5.78E-12 6.75E-12 7.32E-12 7.34E-12 6.79E-12 6.37E-12
  3.89431    7  14 /pl=01:ss=46:pb= 1:sz=46/type=excit/ispb = t/isel =    7
 1.00E+10 1.00E+11 1.00E+12 1.00E+13 1.00E+14 1.00E+15 1.00E+16
 3.81E+01 5.71E+01 9.52E+01 1.90E+02 3.81E+02 9.52E+02 1.90E+03 2.86E+03
 3.81E+03 5.71E+03 9.52E+03 1.90E+04 3.81E+04 5.71E+04
 1.00E-74 1.71E-35 6.48E-26 8.83E-19 2.94E-15 3.24E-13 1.37E-12 2.12E-12
 2.60E-12 3.15E-12 3.62E-12 3.93E-12 3.92E-12 3.80E-12
 1.00E-74 1.71E-35 6.48E-26 8.83E-19 2.94E-15 3.24E-13 1.37E-12 2.12E-12
 2.60E-12 3.15E-12 3.62E-12 3.93E-12 3.92E-12 3.80E-12
 1.00E-74 1.71E-35 6.48E-26 8.83E-19 2.94E-15 3.24E-13 1.37E-12 2.12E-12
 2.60E-12 3.15E-12 3.62E-12 3.93E-12 3.92E-12 3.80E-12
 1.00E-74 1.71E-35 6.48E-26 8.83E-19 2.94E-15 3.24E-13 1.37E-12 2.12E-12
 2.60E-12 3.15E-12 3.62E-12 3.93E-12 3.92E-12 3.80E-12
 1.00E-74 1.71E-35 6.48E-26 8.83E-19 2.94E-15 3.24E-13 1.37E-12 2.12E-12
 2.60E-12 3.15E-12 3.62E-12 3.93E-12 3.92E-12 3.80E-12
 1.00E-74 1.71E-35 6.48E-26 8.83E-19 2.94E-15 3.24E-13 1.37E-12 2.12E-12
 2.60E-12 3.15E-12 3.62E-12 3.93E-12 3.92E-12 3.80E-12
 1.46E-47 1.71E-35 6.48E-26 8.83E-19 2.94E-15 3.24E-13 1.36E-12 2.11E-12
 2.59E-12 3.14E-12 3.61E-12 3.91E-12 3.91E-12 3.78E-12
  4.30659    7  14 /pl=01:ss=46:pb= 1:sz=46/type=excit/ispb = t/isel =    8
 1.00E+10 1.00E+11 1.00E+12 1.00E+13 1.00E+14 1.00E+15 1.00E+16
 3.81E+01 5.71E+01 9.52E+01 1.90E+02 3.81E+02 9.52E+02 1.90E+03 2.86E+03
 3.81E+03 5.71E+03 9.52E+03 1.90E+04 3.81E+04 5.71E+04
 1.00E-74 2.78E-32 1.24E-23 3.27E-17 4.53E-14 2.80E-12 9.55E-12 1.37E-11
 1.60E-11 1.84E-11 1.98E-11 1.99E-11 1.86E-11 1.75E-11
 1.00E-74 2.78E-32 1.24E-23 3.27E-17 4.53E-14 2.80E-12 9.55E-12 1.37E-11
 1.60E-11 1.84E-11 1.98E-11 1.99E-11 1.86E-11 1.75E-11
 3.62E-43 2.78E-32 1.24E-23 3.27E-17 4.53E-14 2.80E-12 9.55E-12 1.37E-11
 1.60E-11 1.84E-11 1.98E-11 1.99E-11 1.86E-11 1.75E-11
 3.80E-43 2.78E-32 1.24E-23 3.27E-17 4.53E-14 2.80E-12 9.55E-12 1.37E-11
 1.60E-11 1.84E-11 1.98E-11 1.99E-11 1.86E-11 1.75E-11
 3.83E-43 2.78E-32 1.24E-23 3.27E-17 4.53E-14 2.80E-12 9.55E-12 1.37E-11
 1.60E-11 1.84E-11 1.98E-11 1.99E-11 1.86E-11 1.75E-11
 3.84E-43 2.78E-32 1.24E-23 3.27E-17 4.53E-14 2.80E-12 9.55E-12 1.37E-11
 1.60E-11 1.84E-11 1.98E-11 1.99E-11 1.86E-11 1.74E-11
 3.84E-43 2.78E-32 1.24E-23 3.27E-17 4.53E-14 2.80E-12 9.54E-12 1.36E-11
 1.60E-11 1.83E-11 1.97E-11 1.98E-11 1.85E-11 1.74E-11
  4.34835    7  14 /pl=01:ss=46:pb= 1:sz=46/type=excit/ispb = t/isel =    9
 1.00E+10 1.00E+11 1.00E+12 1.00E+13 1.00E+14 1.00E+15 1.00E+16
 3.81E+01 5.71E+01 9.52E+01 1.90E+02 3.81E+02 9.52E+02 1.90E+03 2.86E+03
 3.81E+03 5.71E+03 9.52E+03 1.90E+04 3.81E+04 5.71E+04
 2.01E-43 8.94E-33 3.27E-24 7.44E-18 9.47E-15 5.44E-13 1.76E-12 2.43E-12
 2.76E-12 2.99E-12 2.97E-12 2.61E-12 2.11E-12 1.81E-12
 1.61E-43 8.94E-33 3.27E-24 7.44E-18 9.47E-15 5.44E-13 1.76E-12 2.43E-12
 2.76E-12 2.99E-12 2.97E-12 2.61E-12 2.11E-12 1.81E-12
 1.57E-43 8.94E-33 3.27E-24 7.44E-18 9.47E-15 5.44E-13 1.76E-12 2.43E-12
 2.76E-12 2.99E-12 2.97E-12 2.61E-12 2.11E-12 1.81E-12
 1.57E-43 8.94E-33 3.27E-24 7.44E-18 9.47E-15 5.44E-13 1.76E-12 2.43E-12
 2.76E-12 2.99E-12 2.97E-12 2.61E-12 2.11E-12 1.81E-12
 1.57E-43 8.94E-33 3.27E-24 7.44E-18 9.47E-15 5.44E-13 1.76E-12 2.43E-12
 2.76E-12 2.99E-12 2.97E-12 2.61E-12 2.11E-12 1.81E-12
 1.57E-43 8.94E-33 3.27E-24 7.44E-18 9.47E-15 5.44E-13 1.76E-12 2.43E-12
 2.76E-12 2.99E-12 2.96E-12 2.61E-12 2.11E-12 1.81E-12
 1.57E-43 8.94E-33 3.27E-24 7.44E-18 9.47E-15 5.44E-13 1.76E-12 2.43E-12
 2.75E-12 2.98E-12 2.96E-12 2.60E-12 2.10E-12 1.80E-12
  4.39923    7  14 /pl=01:ss=46:pb= 1:sz=46/type=excit/ispb = t/isel =   10
 1.00E+10 1.00E+11 1.00E+12 1.00E+13 1.00E+14 1.00E+15 1.00E+16
 3.81E+01 5.71E+01 9.52E+01 1.90E+02 3.81E+02 9.52E+02 1.90E+03 2.86E+03
 3.81E+03 5.71E+03 9.52E+03 1.90E+04 3.81E+04 5.71E+04
 1.00E-74 6.93E-32 2.01E-23 3.87E-17 4.61E-14 2.61E-12 8.69E-12 1.23E-11
 1.44E-11 1.63E-11 1.75E-11 1.75E-11 1.63E-11 1.52E-11
 1.46E-42 6.93E-32 2.01E-23 3.87E-17 4.61E-14 2.61E-12 8.69E-12 1.23E-11
 1.44E-11 1.63E-11 1.75E-11 1.75E-11 1.63E-11 1.52E-11
 1.60E-42 6.93E-32 2.01E-23 3.87E-17 4.61E-14 2.61E-12 8.69E-12 1.23E-11
 1.44E-11 1.63E-11 1.75E-11 1.75E-11 1.63E-11 1.52E-11
 1.63E-42 6.93E-32 2.01E-23 3.87E-17 4.61E-14 2.61E-12 8.69E-12 1.23E-11
 1.44E-11 1.63E-11 1.75E-11 1.75E-11 1.63E-11 1.52E-11
 1.63E-42 6.93E-32 2.01E-23 3.87E-17 4.61E-14 2.61E-12 8.69E-12 1.23E-11
 1.44E-11 1.63E-11 1.75E-11 1.75E-11 1.63E-11 1.52E-11
 1.63E-42 6.93E-32 2.01E-23 3.87E-17 4.61E-14 2.61E-12 8.69E-12 1.23E-11
 1.44E-11 1.63E-11 1.75E-11 1.75E-11 1.63E-11 1.52E-11
 1.63E-42 6.93E-32 2.01E-23 3.87E-17 4.61E-14 2.61E-12 8.68E-12 1.23E-11
 1.43E-11 1.63E-11 1.75E-11 1.74E-11 1.62E-11 1.52E-11
  4.64287    7  14 /pl=01:ss=46:pb= 1:sz=46/type=excit/ispb = t/isel =   11
 1.00E+10 1.00E+11 1.00E+12 1.00E+13 1.00E+14 1.00E+15 1.00E+16
 3.81E+01 5.71E+01 9.52E+01 1.90E+02 3.81E+02 9.52E+02 1.90E+03 2.86E+03
 3.81E+03 5.71E+03 9.52E+03 1.90E+04 3.81E+04 5.71E+04
 1.89E-41 2.00E-31 2.14E-23 2.07E-17 1.95E-14 1.15E-12 4.17E-12 6.17E-12
 7.40E-12 8.77E-12 9.82E-12 1.04E-11 1.01E-11 9.75E-12
 1.70E-41 2.00E-31 2.14E-23 2.07E-17 1.95E-14 1.15E-12 4.17E-12 6.17E-12
 7.40E-12 8.77E-12 9.82E-12 1.04E-11 1.01E-11 9.75E-12
 1.69E-41 2.00E-31 2.14E-23 2.07E-17 1.95E-14 1.15E-12 4.17E-12 6.17E-12
 7.40E-12 8.77E-12 9.82E-12 1.04E-11 1.01E-11 9.75E-12
 1.69E-41 2.00E-31 2.14E-23 2.07E-17 1.95E-14 1.15E-12 4.17E-12 6.17E-12
 7.40E-12 8.77E-12 9.82E-12 1.04E-11 1.01E-11 9.75E-12
 1.69E-41 2.00E-31 2.14E-23 2.07E-17 1.95E-14 1.15E-12 4.17E-12 6.17E-12
 7.40E-12 8.77E-12 9.82E-12 1.04E-11 1.01E-11 9.75E-12
 1.70E-41 2.00E-31 2.14E-23 2.07E-17 1.95E-14 1.15E-12 4.16E-12 6.17E-12
 7.40E-12 8.76E-12 9.81E-12 1.03E-11 1.01E-11 9.74E-12
 1.70E-41 2.01E-31 2.15E-23 2.07E-17 1.95E-14 1.15E-12 4.16E-12 6.16E-12
 7.38E-12 8.74E-12 9.79E-12 1.03E-11 1.01E-11 9.71E-12
  4.85703    7  14 /pl=01:ss=46:pb= 1:sz=46/type=excit/ispb = t/isel =   12
 1.00E+10 1.00E+11 1.00E+12 1.00E+13 1.00E+14 1.00E+15 1.00E+16
 3.81E+01 5.71E+01 9.52E+01 1.90E+02 3.81E+02 9.52E+02 1.90E+03 2.86E+03
 3.81E+03 5.71E+03 9.52E+03 1.90E+04 3.81E+04 5.71E+04
 1.70E-39 7.05E-30 3.18E-22 1.51E-16 8.73E-14 3.13E-12 8.65E-12 1.13E-11
 1.24E-11 1.31E-11 1.26E-11 1.07E-11 8.50E-12 7.25E-12
 1.70E-39 7.05E-30 3.18E-22 1.51E-16 8.73E-14 3.13E-12 8.65E-12 1.13E-11
 1.24E-11 1.31E-11 1.26E-11 1.07E-11 8.50E-12 7.25E-12
 1.70E-39 7.05E-30 3.18E-22 1.51E-16 8.73E-14 3.13E-12 8.65E-12 1.13E-11
 1.24E-11 1.31E-11 1.26E-11 1.07E-11 8.50E-12 7.25E-12
 1.70E-39 7.05E-30 3.18E-22 1.51E-16 8.73E-14 3.13E-12 8.65E-12 1.13E-11
 1.24E-11 1.31E-11 1.26E-11 1.07E-11 8.50E-12 7.25E-12
 1.70E-39 7.05E-30 3.18E-22 1.51E-16 8.73E-14 3.13E-12 8.65E-12 1.13E-11
 1.24E-11 1.31E-11 1.26E-11 1.07E-11 8.50E-12 7.25E-12
 1.70E-39 7.05E-30 3.18E-22 1.51E-16 8.73E-14 3.13E-12 8.65E-12 1.13E-11
 1.24E-11 1.31E-11 1.26E-11 1.07E-11 8.50E-12 7.24E-12
 1.70E-39 7.05E-30 3.18E-22 1.51E-16 8.73E-14 3.13E-12 8.64E-12 1.13E-11
 1.24E-11 1.30E-11 1.25E-11 1.07E-11 8.47E-12 7.22E-12
  4.91642    7  14 /pl=01:ss=46:pb= 1:sz=46/type=excit/ispb = t/isel =   13
 1.00E+10 1.00E+11 1.00E+12 1.00E+13 1.00E+14 1.00E+15 1.00E+16
 3.81E+01 5.71E+01 9.52E+01 1.90E+02 3.81E+02 9.52E+02 1.90E+03 2.86E+03
 3.81E+03 5.71E+03 9.52E+03 1.90E+04 3.81E+04 5.71E+04
 3.42E-40 1.08E-30 3.94E-23 1.59E-17 8.66E-15 3.15E-13 9.08E-13 1.22E-12
 1.37E-12 1.48E-12 1.47E-12 1.30E-12 1.06E-12 9.21E-13
 3.42E-40 1.08E-30 3.94E-23 1.59E-17 8.66E-15 3.15E-13 9.08E-13 1.22E-12
 1.37E-12 1.48E-12 1.47E-12 1.30E-12 1.06E-12 9.21E-13
 3.42E-40 1.08E-30 3.94E-23 1.59E-17 8.66E-15 3.15E-13 9.08E-13 1.22E-12
 1.37E-12 1.48E-12 1.47E-12 1.30E-12 1.06E-12 9.21E-13
 3.42E-40 1.08E-30 3.94E-23 1.59E-17 8.66E-15 3.15E-13 9.08E-13 1.22E-12
 1.37E-12 1.48E-12 1.47E-12 1.30E-12 1.06E-12 9.21E-13
 3.42E-40 1.08E-30 3.94E-23 1.59E-17 8.66E-15 3.15E-13 9.08E-13 1.22E-12
 1.37E-12 1.48E-12 1.47E-12 1.30E-12 1.06E-12 9.20E-13
 3.42E-40 1.08E-30 3.94E-23 1.59E-17 8.66E-15 3.15E-13 9.08E-13 1.22E-12
 1.37E-12 1.48E-12 1.47E-12 1.30E-12 1.06E-12 9.20E-13
 3.42E-40 1.09E-30 3.95E-23 1.59E-17 8.67E-15 3.15E-13 9.07E-13 1.22E-12
 1.37E-12 1.48E-12 1.47E-12 1.30E-12 1.06E-12 9.17E-13
  5.19967    7  14 /pl=01:ss=46:pb= 1:sz=46/type=excit/ispb = t/isel =   14
 1.00E+10 1.00E+11 1.00E+12 1.00E+13 1.00E+14 1.00E+15 1.00E+16
 3.81E+01 5.71E+01 9.52E+01 1.90E+02 3.81E+02 9.52E+02 1.90E+03 2.86E+03
 3.81E+03 5.71E+03 9.52E+03 1.90E+04 3.81E+04 5.71E+04
 7.17E-38 7.05E-29 1.06E-21 2.44E-16 1.11E-13 4.06E-12 1.24E-11 1.72E-11
 1.99E-11 2.27E-11 2.45E-11 2.48E-11 2.34E-11 2.21E-11
 7.17E-38 7.05E-29 1.06E-21 2.44E-16 1.11E-13 4.06E-12 1.24E-11 1.72E-11
 1.99E-11 2.27E-11 2.45E-11 2.48E-11 2.34E-11 2.21E-11
 7.17E-38 7.05E-29 1.06E-21 2.44E-16 1.11E-13 4.06E-12 1.24E-11 1.72E-11
 1.99E-11 2.27E-11 2.45E-11 2.48E-11 2.34E-11 2.21E-11
 7.17E-38 7.05E-29 1.06E-21 2.44E-16 1.11E-13 4.06E-12 1.24E-11 1.72E-11
 1.99E-11 2.27E-11 2.45E-11 2.48E-11 2.34E-11 2.21E-11
 7.17E-38 7.05E-29 1.06E-21 2.44E-16 1.11E-13 4.06E-12 1.24E-11 1.72E-11
 1.99E-11 2.27E-11 2.45E-11 2.48E-11 2.34E-11 2.21E-11
 7.17E-38 7.05E-29 1.06E-21 2.44E-16 1.11E-13 4.06E-12 1.24E-11 1.72E-11
 1.99E-11 2.27E-11 2.45E-11 2.48E-11 2.34E-11 2.21E-11
 7.19E-38 7.07E-29 1.07E-21 2.45E-16 1.11E-13 4.06E-12 1.24E-11 1.71E-11
 1.99E-11 2.27E-11 2.44E-11 2.47E-11 2.33E-11 2.20E-11
  5.59135    7  14 /pl=01:ss=46:pb= 1:sz=46/type=excit/ispb = t/isel =   15
 1.00E+10 1.00E+11 1.00E+12 1.00E+13 1.00E+14 1.00E+15 1.00E+16
 3.81E+01 5.71E+01 9.52E+01 1.90E+02 3.81E+02 9.52E+02 1.90E+03 2.86E+03
 3.81E+03 5.71E+03 9.52E+03 1.90E+04 3.81E+04 5.71E+04
 8.63E-37 1.91E-28 8.32E-22 6.96E-17 1.80E-14 4.49E-13 1.17E-12 1.51E-12
 1.67E-12 1.76E-12 1.71E-12 1.49E-12 1.19E-12 1.03E-12
 8.63E-37 1.91E-28 8.32E-22 6.96E-17 1.80E-14 4.49E-13 1.17E-12 1.51E-12
 1.67E-12 1.76E-12 1.71E-12 1.49E-12 1.19E-12 1.03E-12
 8.63E-37 1.91E-28 8.32E-22 6.96E-17 1.80E-14 4.49E-13 1.17E-12 1.51E-12
 1.67E-12 1.76E-12 1.71E-12 1.49E-12 1.19E-12 1.03E-12
 8.63E-37 1.91E-28 8.32E-22 6.96E-17 1.80E-14 4.49E-13 1.17E-12 1.51E-12
 1.67E-12 1.76E-12 1.71E-12 1.49E-12 1.19E-12 1.03E-12
 8.63E-37 1.91E-28 8.32E-22 6.96E-17 1.80E-14 4.49E-13 1.17E-12 1.51E-12
 1.67E-12 1.76E-12 1.71E-12 1.49E-12 1.19E-12 1.03E-12
 8.63E-37 1.91E-28 8.33E-22 6.96E-17 1.80E-14 4.49E-13 1.17E-12 1.50E-12
 1.67E-12 1.76E-12 1.71E-12 1.49E-12 1.19E-12 1.03E-12
 8.63E-37 1.91E-28 8.33E-22 6.96E-17 1.80E-14 4.49E-13 1.17E-12 1.50E-12
 1.66E-12 1.76E-12 1.71E-12 1.48E-12 1.19E-12 1.02E-12
  5.68748    7  14 /pl=01:ss=46:pb= 1:sz=46/type=excit/ispb = t/isel =   16
 1.00E+10 1.00E+11 1.00E+12 1.00E+13 1.00E+14 1.00E+15 1.00E+16
 3.81E+01 5.71E+01 9.52E+01 1.90E+02 3.81E+02 9.52E+02 1.90E+03 2.86E+03
 3.81E+03 5.71E+03 9.52E+03 1.90E+04 3.81E+04 5.71E+04
 2.00E-34 3.19E-26 1.07E-19 7.16E-15 1.58E-12 3.32E-11 8.14E-11 1.06E-10
 1.19E-10 1.32E-10 1.40E-10 1.42E-10 1.35E-10 1.27E-10
 2.00E-34 3.19E-26 1.07E-19 7.16E-15 1.58E-12 3.32E-11 8.14E-11 1.06E-10
 1.19E-10 1.32E-10 1.40E-10 1.42E-10 1.35E-10 1.27E-10
 2.00E-34 3.19E-26 1.07E-19 7.16E-15 1.58E-12 3.32E-11 8.14E-11 1.06E-10
 1.19E-10 1.32E-10 1.40E-10 1.42E-10 1.35E-10 1.27E-10
 2.00E-34 3.19E-26 1.07E-19 7.16E-15 1.58E-12 3.32E-11 8.14E-11 1.06E-10
 1.19E-10 1.32E-10 1.40E-10 1.42E-10 1.35E-10 1.27E-10
 2.00E-34 3.19E-26 1.07E-19 7.16E-15 1.58E-12 3.32E-11 8.14E-11 1.06E-10
 1.19E-10 1.32E-10 1.40E-10 1.42E-10 1.35E-10 1.27E-10
 2.00E-34 3.19E-26 1.07E-19 7.16E-15 1.58E-12 3.32E-11 8.13E-11 1.06E-10
 1.19E-10 1.32E-10 1.40E-10 1.42E-10 1.34E-10 1.27E-10
 2.00E-34 3.19E-26 1.07E-19 7.16E-15 1.58E-12 3.32E-11 8.12E-11 1.06E-10
 1.19E-10 1.32E-10 1.40E-10 1.42E-10 1.34E-10 1.27E-10
  5.86308    7  14 /pl=01:ss=46:pb= 1:sz=46/type=excit/ispb = t/isel =   17
 1.00E+10 1.00E+11 1.00E+12 1.00E+13 1.00E+14 1.00E+15 1.00E+16
 3.81E+01 5.71E+01 9.52E+01 1.90E+02 3.81E+02 9.52E+02 1.90E+03 2.86E+03
 3.81E+03 5.71E+03 9.52E+03 1.90E+04 3.81E+04 5.71E+04
 4.13E-34 3.71E-26 7.83E-20 3.74E-15 7.12E-13 1.41E-11 3.44E-11 4.46E-11
 5.01E-11 5.52E-11 5.81E-11 5.79E-11 5.36E-11 5.04E-11
 4.13E-34 3.71E-26 7.83E-20 3.74E-15 7.12E-13 1.41E-11 3.44E-11 4.46E-11
 5.01E-11 5.52E-11 5.81E-11 5.79E-11 5.36E-11 5.04E-11
 4.13E-34 3.71E-26 7.83E-20 3.74E-15 7.12E-13 1.41E-11 3.44E-11 4.46E-11
 5.01E-11 5.52E-11 5.81E-11 5.79E-11 5.36E-11 5.04E-11
 4.13E-34 3.71E-26 7.83E-20 3.74E-15 7.12E-13 1.41E-11 3.44E-11 4.46E-11
 5.01E-11 5.52E-11 5.81E-11 5.79E-11 5.36E-11 5.04E-11
 4.13E-34 3.71E-26 7.83E-20 3.74E-15 7.12E-13 1.41E-11 3.44E-11 4.46E-11
 5.01E-11 5.52E-11 5.81E-11 5.79E-11 5.36E-11 5.04E-11
 4.13E-34 3.71E-26 7.83E-20 3.74E-15 7.12E-13 1.41E-11 3.44E-11 4.46E-11
 5.00E-11 5.52E-11 5.81E-11 5.79E-11 5.35E-11 5.04E-11
 4.13E-34 3.71E-26 7.83E-20 3.74E-15 7.12E-13 1.41E-11 3.44E-11 4.45E-11
 4.99E-11 5.50E-11 5.79E-11 5.77E-11 5.34E-11 5.02E-11
  5.86905    7  14 /pl=01:ss=46:pb= 1:sz=46/type=excit/ispb = t/isel =   18
 1.00E+10 1.00E+11 1.00E+12 1.00E+13 1.00E+14 1.00E+15 1.00E+16
 3.81E+01 5.71E+01 9.52E+01 1.90E+02 3.81E+02 9.52E+02 1.90E+03 2.86E+03
 3.81E+03 5.71E+03 9.52E+03 1.90E+04 3.81E+04 5.71E+04
 1.31E-35 1.15E-27 2.39E-21 1.14E-16 2.26E-14 4.80E-13 1.19E-12 1.52E-12
 1.67E-12 1.75E-12 1.69E-12 1.46E-12 1.17E-12 1.01E-12
 1.31E-35 1.15E-27 2.39E-21 1.14E-16 2.26E-14 4.80E-13 1.19E-12 1.52E-12
 1.67E-12 1.75E-12 1.69E-12 1.46E-12 1.17E-12 1.01E-12
 1.31E-35 1.15E-27 2.39E-21 1.14E-16 2.26E-14 4.80E-13 1.19E-12 1.52E-12
 1.67E-12 1.75E-12 1.69E-12 1.46E-12 1.17E-12 1.01E-12
 1.31E-35 1.15E-27 2.39E-21 1.14E-16 2.26E-14 4.80E-13 1.19E-12 1.52E-12
 1.67E-12 1.75E-12 1.69E-12 1.46E-12 1.17E-12 1.01E-12
 1.31E-35 1.15E-27 2.39E-21 1.14E-16 2.26E-14 4.80E-13 1.19E-12 1.52E-12
 1.67E-12 1.75E-12 1.69E-12 1.46E-12 1.17E-12 1.01E-12
 1.31E-35 1.15E-27 2.39E-21 1.14E-16 2.26E-14 4.80E-13 1.19E-12 1.52E-12
 1.67E-12 1.74E-12 1.69E-12 1.46E-12 1.17E-12 1.01E-12
 1.31E-35 1.15E-27 2.39E-21 1.14E-16 2.26E-14 4.80E-13 1.19E-12 1.52E-12
 1.66E-12 1.74E-12 1.69E-12 1.45E-12 1.17E-12 1.00E-12
  6.76893    7  14 /pl=01:ss=46:pb= 1:sz=46/type=excit/ispb = t/isel =   19
 1.00E+10 1.00E+11 1.00E+12 1.00E+13 1.00E+14 1.00E+15 1.00E+16
 3.81E+01 5.71E+01 9.52E+01 1.90E+02 3.81E+02 9.52E+02 1.90E+03 2.86E+03
 3.81E+03 5.71E+03 9.52E+03 1.90E+04 3.81E+04 5.71E+04
 6.75E-33 5.80E-26 2.37E-20 4.58E-16 6.54E-14 1.18E-12 2.77E-12 3.48E-12
 3.79E-12 3.98E-12 3.88E-12 3.45E-12 2.88E-12 2.55E-12
 6.75E-33 5.80E-26 2.37E-20 4.58E-16 6.54E-14 1.18E-12 2.77E-12 3.48E-12
 3.79E-12 3.98E-12 3.88E-12 3.45E-12 2.88E-12 2.55E-12
 6.75E-33 5.80E-26 2.37E-20 4.58E-16 6.54E-14 1.18E-12 2.77E-12 3.48E-12
 3.79E-12 3.98E-12 3.88E-12 3.45E-12 2.88E-12 2.55E-12
 6.75E-33 5.80E-26 2.37E-20 4.58E-16 6.54E-14 1.18E-12 2.77E-12 3.49E-12
 3.79E-12 3.98E-12 3.88E-12 3.45E-12 2.88E-12 2.55E-12
 6.75E-33 5.80E-26 2.38E-20 4.60E-16 6.58E-14 1.19E-12 2.79E-12 3.51E-12
 3.82E-12 4.00E-12 3.90E-12 3.46E-12 2.89E-12 2.56E-12
 6.76E-33 5.82E-26 2.41E-20 4.73E-16 6.82E-14 1.24E-12 2.93E-12 3.68E-12
 4.00E-12 4.18E-12 4.06E-12 3.59E-12 2.98E-12 2.63E-12
 6.80E-33 5.93E-26 2.51E-20 5.03E-16 7.32E-14 1.36E-12 3.23E-12 4.09E-12
 4.46E-12 4.68E-12 4.56E-12 4.02E-12 3.33E-12 2.93E-12
  7.00977    7  14 /pl=01:ss=46:pb= 1:sz=46/type=excit/ispb = t/isel =   20
 1.00E+10 1.00E+11 1.00E+12 1.00E+13 1.00E+14 1.00E+15 1.00E+16
 3.81E+01 5.71E+01 9.52E+01 1.90E+02 3.81E+02 9.52E+02 1.90E+03 2.86E+03
 3.81E+03 5.71E+03 9.52E+03 1.90E+04 3.81E+04 5.71E+04
 3.27E-31 1.50E-24 3.44E-19 4.27E-15 5.33E-13 9.58E-12 2.29E-11 2.89E-11
 3.16E-11 3.34E-11 3.28E-11 2.94E-11 2.48E-11 2.21E-11
 3.27E-31 1.50E-24 3.44E-19 4.27E-15 5.33E-13 9.58E-12 2.29E-11 2.89E-11
 3.16E-11 3.34E-11 3.28E-11 2.94E-11 2.48E-11 2.21E-11
 3.27E-31 1.50E-24 3.44E-19 4.27E-15 5.33E-13 9.58E-12 2.29E-11 2.89E-11
 3.16E-11 3.34E-11 3.28E-11 2.94E-11 2.48E-11 2.21E-11
 3.27E-31 1.50E-24 3.44E-19 4.27E-15 5.33E-13 9.58E-12 2.29E-11 2.89E-11
 3.16E-11 3.34E-11 3.28E-11 2.94E-11 2.48E-11 2.21E-11
 3.27E-31 1.50E-24 3.44E-19 4.27E-15 5.33E-13 9.58E-12 2.29E-11 2.89E-11
 3.16E-11 3.34E-11 3.28E-11 2.94E-11 2.48E-11 2.20E-11
 3.27E-31 1.50E-24 3.44E-19 4.27E-15 5.33E-13 9.58E-12 2.29E-11 2.89E-11
 3.16E-11 3.34E-11 3.28E-11 2.94E-11 2.48E-11 2.20E-11
 3.27E-31 1.50E-24 3.44E-19 4.27E-15 5.33E-13 9.58E-12 2.28E-11 2.89E-11
 3.16E-11 3.33E-11 3.27E-11 2.93E-11 2.47E-11 2.20E-11
  7.15892    7  14 /pl=01:ss=46:pb= 1:sz=46/type=excit/ispb = t/isel =   21
 1.00E+10 1.00E+11 1.00E+12 1.00E+13 1.00E+14 1.00E+15 1.00E+16
 3.81E+01 5.71E+01 9.52E+01 1.90E+02 3.81E+02 9.52E+02 1.90E+03 2.86E+03
 3.81E+03 5.71E+03 9.52E+03 1.90E+04 3.81E+04 5.71E+04
 4.16E-31 1.45E-24 3.44E-19 5.76E-15 7.89E-13 1.35E-11 3.06E-11 3.77E-11
 4.06E-11 4.19E-11 4.01E-11 3.46E-11 2.81E-11 2.45E-11
 4.16E-31 1.45E-24 3.44E-19 5.76E-15 7.89E-13 1.35E-11 3.06E-11 3.77E-11
 4.06E-11 4.19E-11 4.01E-11 3.46E-11 2.81E-11 2.45E-11
 4.16E-31 1.45E-24 3.44E-19 5.76E-15 7.89E-13 1.35E-11 3.06E-11 3.77E-11
 4.06E-11 4.19E-11 4.01E-11 3.46E-11 2.81E-11 2.45E-11
 4.16E-31 1.45E-24 3.44E-19 5.76E-15 7.89E-13 1.35E-11 3.06E-11 3.77E-11
 4.06E-11 4.19E-11 4.01E-11 3.46E-11 2.81E-11 2.45E-11
 4.16E-31 1.45E-24 3.44E-19 5.76E-15 7.89E-13 1.35E-11 3.06E-11 3.77E-11
 4.06E-11 4.19E-11 4.01E-11 3.46E-11 2.81E-11 2.45E-11
 4.16E-31 1.45E-24 3.44E-19 5.77E-15 7.90E-13 1.35E-11 3.06E-11 3.78E-11
 4.06E-11 4.19E-11 4.01E-11 3.46E-11 2.81E-11 2.45E-11
 4.17E-31 1.46E-24 3.45E-19 5.78E-15 7.92E-13 1.35E-11 3.07E-11 3.78E-11
 4.07E-11 4.20E-11 4.01E-11 3.46E-11 2.81E-11 2.45E-11
  7.59803    7  14 /pl=01:ss=46:pb= 1:sz=46/type=excit/ispb = t/isel =   22
 1.00E+10 1.00E+11 1.00E+12 1.00E+13 1.00E+14 1.00E+15 1.00E+16
 3.81E+01 5.71E+01 9.52E+01 1.90E+02 3.81E+02 9.52E+02 1.90E+03 2.86E+03
 3.81E+03 5.71E+03 9.52E+03 1.90E+04 3.81E+04 5.71E+04
 4.19E-30 5.50E-24 3.99E-19 1.65E-15 1.03E-13 1.23E-12 2.69E-12 3.32E-12
 3.60E-12 3.74E-12 3.62E-12 3.16E-12 2.59E-12 2.27E-12
 4.19E-30 5.50E-24 3.99E-19 1.65E-15 1.03E-13 1.23E-12 2.69E-12 3.32E-12
 3.60E-12 3.74E-12 3.62E-12 3.16E-12 2.59E-12 2.27E-12
 4.19E-30 5.50E-24 3.99E-19 1.65E-15 1.03E-13 1.23E-12 2.69E-12 3.32E-12
 3.60E-12 3.74E-12 3.62E-12 3.16E-12 2.59E-12 2.27E-12
 4.19E-30 5.50E-24 3.99E-19 1.65E-15 1.03E-13 1.23E-12 2.69E-12 3.32E-12
 3.60E-12 3.74E-12 3.62E-12 3.16E-12 2.60E-12 2.27E-12
 4.19E-30 5.50E-24 3.99E-19 1.65E-15 1.04E-13 1.24E-12 2.72E-12 3.36E-12
 3.64E-12 3.78E-12 3.65E-12 3.19E-12 2.61E-12 2.28E-12
 4.19E-30 5.51E-24 4.00E-19 1.68E-15 1.08E-13 1.33E-12 2.93E-12 3.62E-12
 3.91E-12 4.04E-12 3.89E-12 3.37E-12 2.74E-12 2.38E-12
 4.19E-30 5.51E-24 4.03E-19 1.74E-15 1.17E-13 1.51E-12 3.40E-12 4.24E-12
 4.60E-12 4.79E-12 4.62E-12 4.00E-12 3.25E-12 2.82E-12
  7.90963    7  14 /pl=01:ss=46:pb= 1:sz=46/type=excit/ispb = t/isel =   23
 1.00E+10 1.00E+11 1.00E+12 1.00E+13 1.00E+14 1.00E+15 1.00E+16
 3.81E+01 5.71E+01 9.52E+01 1.90E+02 3.81E+02 9.52E+02 1.90E+03 2.86E+03
 3.81E+03 5.71E+03 9.52E+03 1.90E+04 3.81E+04 5.71E+04
 3.22E-29 2.42E-23 1.15E-18 3.88E-15 2.64E-13 3.92E-12 9.47E-12 1.21E-11
 1.33E-11 1.41E-11 1.39E-11 1.23E-11 1.02E-11 8.96E-12
 3.22E-29 2.42E-23 1.15E-18 3.88E-15 2.64E-13 3.92E-12 9.47E-12 1.21E-11
 1.33E-11 1.41E-11 1.39E-11 1.23E-11 1.02E-11 8.96E-12
 3.22E-29 2.42E-23 1.15E-18 3.88E-15 2.64E-13 3.92E-12 9.47E-12 1.21E-11
 1.33E-11 1.41E-11 1.39E-11 1.23E-11 1.02E-11 8.96E-12
 3.22E-29 2.42E-23 1.15E-18 3.88E-15 2.64E-13 3.92E-12 9.46E-12 1.21E-11
 1.33E-11 1.41E-11 1.39E-11 1.23E-11 1.02E-11 8.95E-12
 3.22E-29 2.42E-23 1.14E-18 3.87E-15 2.63E-13 3.90E-12 9.41E-12 1.21E-11
 1.33E-11 1.41E-11 1.38E-11 1.22E-11 1.02E-11 8.93E-12
 3.22E-29 2.42E-23 1.14E-18 3.83E-15 2.55E-13 3.74E-12 9.01E-12 1.16E-11
 1.27E-11 1.35E-11 1.33E-11 1.19E-11 9.91E-12 8.73E-12
 3.22E-29 2.42E-23 1.14E-18 3.72E-15 2.39E-13 3.40E-12 8.11E-12 1.04E-11
 1.14E-11 1.21E-11 1.19E-11 1.06E-11 8.89E-12 7.87E-12
  11.6050    7  14 /pl=01:ss=46:pb= 1:sz=46/type=excit/ispb = t/isel =   24
 1.00E+10 1.00E+11 1.00E+12 1.00E+13 1.00E+14 1.00E+15 1.00E+16
 3.81E+01 5.71E+01 9.52E+01 1.90E+02 3.81E+02 9.52E+02 1.90E+03 2.86E+03
 3.81E+03 5.71E+03 9.52E+03 1.90E+04 3.81E+04 5.71E+04
 7.72E-43 2.22E-32 5.67E-24 9.87E-18 1.11E-14 5.91E-13 1.86E-12 2.52E-12
 2.83E-12 3.02E-12 2.93E-12 2.51E-12 1.99E-12 1.70E-12
 6.18E-43 2.22E-32 5.67E-24 9.87E-18 1.11E-14 5.91E-13 1.86E-12 2.52E-12
 2.83E-12 3.02E-12 2.93E-12 2.51E-12 1.99E-12 1.70E-12
 6.10E-43 2.22E-32 5.67E-24 9.87E-18 1.11E-14 5.91E-13 1.86E-12 2.52E-12
 2.83E-12 3.02E-12 2.93E-12 2.51E-12 1.99E-12 1.70E-12
 6.11E-43 2.22E-32 5.67E-24 9.87E-18 1.11E-14 5.91E-13 1.86E-12 2.52E-12
 2.83E-12 3.02E-12 2.93E-12 2.51E-12 1.99E-12 1.70E-12
 6.11E-43 2.22E-32 5.67E-24 9.87E-18 1.11E-14 5.91E-13 1.86E-12 2.52E-12
 2.83E-12 3.02E-12 2.93E-12 2.51E-12 1.99E-12 1.70E-12
 6.11E-43 2.22E-32 5.67E-24 9.87E-18 1.11E-14 5.91E-13 1.86E-12 2.52E-12
 2.83E-12 3.02E-12 2.93E-12 2.51E-12 1.99E-12 1.70E-12
 6.11E-43 2.22E-32 5.67E-24 9.87E-18 1.11E-14 5.91E-13 1.86E-12 2.52E-12
 2.82E-12 3.01E-12 2.92E-12 2.50E-12 1.98E-12 1.70E-12
  12.6799    7  14 /pl=01:ss=46:pb= 1:sz=46/type=excit/ispb = t/isel =   25
 1.00E+10 1.00E+11 1.00E+12 1.00E+13 1.00E+14 1.00E+15 1.00E+16
 3.81E+01 5.71E+01 9.52E+01 1.90E+02 3.81E+02 9.52E+02 1.90E+03 2.86E+03
 3.81E+03 5.71E+03 9.52E+03 1.90E+04 3.81E+04 5.71E+04
 2.07E-42 4.60E-32 8.07E-24 1.06E-17 1.04E-14 5.12E-13 1.57E-12 2.12E-12
 2.37E-12 2.52E-12 2.45E-12 2.09E-12 1.67E-12 1.43E-12
 2.00E-42 4.60E-32 8.07E-24 1.06E-17 1.04E-14 5.12E-13 1.57E-12 2.12E-12
 2.37E-12 2.52E-12 2.45E-12 2.09E-12 1.67E-12 1.43E-12
 2.03E-42 4.60E-32 8.07E-24 1.06E-17 1.04E-14 5.12E-13 1.57E-12 2.12E-12
 2.37E-12 2.52E-12 2.45E-12 2.09E-12 1.67E-12 1.43E-12
 2.02E-42 4.60E-32 8.07E-24 1.06E-17 1.04E-14 5.12E-13 1.57E-12 2.12E-12
 2.37E-12 2.52E-12 2.45E-12 2.09E-12 1.67E-12 1.43E-12
 2.02E-42 4.60E-32 8.07E-24 1.06E-17 1.04E-14 5.12E-13 1.57E-12 2.12E-12
 2.37E-12 2.52E-12 2.45E-12 2.09E-12 1.66E-12 1.43E-12
 2.02E-42 4.60E-32 8.07E-24 1.06E-17 1.04E-14 5.12E-13 1.57E-12 2.12E-12
 2.37E-12 2.52E-12 2.44E-12 2.09E-12 1.66E-12 1.43E-12
 2.02E-42 4.60E-32 8.07E-24 1.06E-17 1.04E-14 5.12E-13 1.57E-12 2.12E-12
 2.36E-12 2.51E-12 2.44E-12 2.09E-12 1.66E-12 1.42E-12
  13.9033    7  14 /pl=01:ss=46:pb= 1:sz=46/type=excit/ispb = t/isel =   26
 1.00E+10 1.00E+11 1.00E+12 1.00E+13 1.00E+14 1.00E+15 1.00E+16
 3.81E+01 5.71E+01 9.52E+01 1.90E+02 3.81E+02 9.52E+02 1.90E+03 2.86E+03
 3.81E+03 5.71E+03 9.52E+03 1.90E+04 3.81E+04 5.71E+04
 1.00E-74 2.09E-38 1.11E-27 1.06E-19 8.65E-16 1.51E-13 7.03E-13 1.08E-12
 1.29E-12 1.46E-12 1.49E-12 1.31E-12 1.05E-12 9.02E-13
 1.00E-74 2.09E-38 1.11E-27 1.06E-19 8.65E-16 1.51E-13 7.03E-13 1.08E-12
 1.29E-12 1.46E-12 1.49E-12 1.31E-12 1.05E-12 9.02E-13
 1.00E-74 2.09E-38 1.11E-27 1.06E-19 8.65E-16 1.51E-13 7.03E-13 1.08E-12
 1.29E-12 1.46E-12 1.49E-12 1.31E-12 1.05E-12 9.02E-13
 1.00E-74 2.09E-38 1.11E-27 1.06E-19 8.65E-16 1.51E-13 7.03E-13 1.08E-12
 1.29E-12 1.46E-12 1.49E-12 1.31E-12 1.05E-12 9.02E-13
 1.00E-74 2.09E-38 1.11E-27 1.06E-19 8.65E-16 1.51E-13 7.03E-13 1.08E-12
 1.29E-12 1.46E-12 1.49E-12 1.31E-12 1.05E-12 9.02E-13
 1.00E-74 2.09E-38 1.11E-27 1.06E-19 8.65E-16 1.51E-13 7.02E-13 1.08E-12
 1.29E-12 1.46E-12 1.49E-12 1.31E-12 1.05E-12 9.01E-13
 1.00E-74 2.09E-38 1.11E-27 1.06E-19 8.65E-16 1.51E-13 7.01E-13 1.08E-12
 1.28E-12 1.46E-12 1.48E-12 1.31E-12 1.05E-12 8.99E-13
  14.1807    7  14 /pl=01:ss=46:pb= 1:sz=46/type=excit/ispb = t/isel =   27
 1.00E+10 1.00E+11 1.00E+12 1.00E+13 1.00E+14 1.00E+15 1.00E+16
 3.81E+01 5.71E+01 9.52E+01 1.90E+02 3.81E+02 9.52E+02 1.90E+03 2.86E+03
 3.81E+03 5.71E+03 9.52E+03 1.90E+04 3.81E+04 5.71E+04
 1.00E-74 8.18E-36 5.20E-26 1.00E-18 3.71E-15 4.01E-13 1.59E-12 2.31E-12
 2.69E-12 2.97E-12 2.95E-12 2.55E-12 2.02E-12 1.72E-12
 1.00E-74 8.18E-36 5.20E-26 1.00E-18 3.71E-15 4.01E-13 1.59E-12 2.31E-12
 2.69E-12 2.97E-12 2.95E-12 2.55E-12 2.02E-12 1.72E-12
 1.00E-74 8.18E-36 5.20E-26 1.00E-18 3.71E-15 4.01E-13 1.59E-12 2.31E-12
 2.69E-12 2.97E-12 2.95E-12 2.55E-12 2.02E-12 1.72E-12
 1.00E-74 8.18E-36 5.20E-26 1.00E-18 3.71E-15 4.01E-13 1.59E-12 2.31E-12
 2.69E-12 2.97E-12 2.95E-12 2.55E-12 2.02E-12 1.72E-12
 1.00E-74 8.18E-36 5.20E-26 1.00E-18 3.71E-15 4.01E-13 1.59E-12 2.31E-12
 2.69E-12 2.97E-12 2.95E-12 2.55E-12 2.02E-12 1.72E-12
 1.00E-74 8.18E-36 5.20E-26 1.00E-18 3.71E-15 4.01E-13 1.59E-12 2.31E-12
 2.69E-12 2.96E-12 2.94E-12 2.55E-12 2.02E-12 1.72E-12
 4.16E-48 8.18E-36 5.20E-26 1.00E-18 3.71E-15 4.01E-13 1.58E-12 2.31E-12
 2.68E-12 2.96E-12 2.93E-12 2.54E-12 2.01E-12 1.71E-12
  16.4442    7  14 /pl=01:ss=46:pb= 1:sz=46/type=excit/ispb = t/isel =   28
 1.00E+10 1.00E+11 1.00E+12 1.00E+13 1.00E+14 1.00E+15 1.00E+16
 3.81E+01 5.71E+01 9.52E+01 1.90E+02 3.81E+02 9.52E+02 1.90E+03 2.86E+03
 3.81E+03 5.71E+03 9.52E+03 1.90E+04 3.81E+04 5.71E+04
 1.22E-43 5.41E-33 1.97E-24 4.49E-18 5.72E-15 3.29E-13 1.07E-12 1.47E-12
 1.67E-12 1.81E-12 1.79E-12 1.58E-12 1.27E-12 1.09E-12
 9.73E-44 5.41E-33 1.97E-24 4.49E-18 5.72E-15 3.29E-13 1.07E-12 1.47E-12
 1.67E-12 1.81E-12 1.79E-12 1.58E-12 1.27E-12 1.09E-12
 9.49E-44 5.41E-33 1.97E-24 4.49E-18 5.72E-15 3.29E-13 1.07E-12 1.47E-12
 1.67E-12 1.81E-12 1.79E-12 1.58E-12 1.27E-12 1.09E-12
 9.51E-44 5.41E-33 1.97E-24 4.49E-18 5.72E-15 3.29E-13 1.07E-12 1.47E-12
 1.67E-12 1.81E-12 1.79E-12 1.58E-12 1.27E-12 1.09E-12
 9.51E-44 5.41E-33 1.97E-24 4.49E-18 5.72E-15 3.29E-13 1.07E-12 1.47E-12
 1.67E-12 1.81E-12 1.79E-12 1.58E-12 1.27E-12 1.09E-12
 9.51E-44 5.41E-33 1.97E-24 4.49E-18 5.72E-15 3.29E-13 1.07E-12 1.47E-12
 1.67E-12 1.81E-12 1.79E-12 1.58E-12 1.27E-12 1.09E-12
 9.51E-44 5.41E-33 1.97E-24 4.50E-18 5.72E-15 3.29E-13 1.06E-12 1.47E-12
 1.66E-12 1.80E-12 1.79E-12 1.57E-12 1.27E-12 1.09E-12
  16.8312    7  14 /pl=01:ss=46:pb= 1:sz=46/type=excit/ispb = t/isel =   29
 1.00E+10 1.00E+11 1.00E+12 1.00E+13 1.00E+14 1.00E+15 1.00E+16
 3.81E+01 5.71E+01 9.52E+01 1.90E+02 3.81E+02 9.52E+02 1.90E+03 2.86E+03
 3.81E+03 5.71E+03 9.52E+03 1.90E+04 3.81E+04 5.71E+04
 2.89E-43 1.28E-32 4.69E-24 1.07E-17 1.36E-14 7.81E-13 2.53E-12 3.49E-12
 3.96E-12 4.29E-12 4.26E-12 3.75E-12 3.02E-12 2.60E-12
 2.31E-43 1.28E-32 4.69E-24 1.07E-17 1.36E-14 7.81E-13 2.53E-12 3.49E-12
 3.96E-12 4.29E-12 4.26E-12 3.75E-12 3.02E-12 2.60E-12
 2.25E-43 1.28E-32 4.69E-24 1.07E-17 1.36E-14 7.81E-13 2.53E-12 3.49E-12
 3.96E-12 4.29E-12 4.26E-12 3.75E-12 3.02E-12 2.60E-12
 2.26E-43 1.28E-32 4.69E-24 1.07E-17 1.36E-14 7.81E-13 2.53E-12 3.49E-12
 3.96E-12 4.29E-12 4.26E-12 3.75E-12 3.02E-12 2.60E-12
 2.26E-43 1.28E-32 4.69E-24 1.07E-17 1.36E-14 7.81E-13 2.53E-12 3.49E-12
 3.96E-12 4.29E-12 4.26E-12 3.75E-12 3.02E-12 2.60E-12
 2.26E-43 1.28E-32 4.69E-24 1.07E-17 1.36E-14 7.80E-13 2.53E-12 3.49E-12
 3.95E-12 4.29E-12 4.25E-12 3.74E-12 3.02E-12 2.60E-12
 2.26E-43 1.28E-32 4.69E-24 1.07E-17 1.36E-14 7.80E-13 2.53E-12 3.48E-12
 3.94E-12 4.28E-12 4.24E-12 3.73E-12 3.01E-12 2.59E-12
  17.1413    7  14 /pl=01:ss=46:pb= 1:sz=46/type=excit/ispb = t/isel =   30
 1.00E+10 1.00E+11 1.00E+12 1.00E+13 1.00E+14 1.00E+15 1.00E+16
 3.81E+01 5.71E+01 9.52E+01 1.90E+02 3.81E+02 9.52E+02 1.90E+03 2.86E+03
 3.81E+03 5.71E+03 9.52E+03 1.90E+04 3.81E+04 5.71E+04
 1.00E-74 7.80E-35 1.72E-25 1.50E-18 3.74E-15 3.21E-13 1.18E-12 1.69E-12
 1.95E-12 2.14E-12 2.13E-12 1.86E-12 1.49E-12 1.28E-12
 1.00E-74 7.80E-35 1.72E-25 1.50E-18 3.74E-15 3.21E-13 1.18E-12 1.69E-12
 1.95E-12 2.14E-12 2.13E-12 1.86E-12 1.49E-12 1.28E-12
 1.00E-74 7.80E-35 1.72E-25 1.50E-18 3.74E-15 3.21E-13 1.18E-12 1.69E-12
 1.95E-12 2.14E-12 2.13E-12 1.86E-12 1.49E-12 1.28E-12
 1.00E-74 7.80E-35 1.72E-25 1.50E-18 3.74E-15 3.21E-13 1.18E-12 1.69E-12
 1.95E-12 2.14E-12 2.13E-12 1.86E-12 1.49E-12 1.28E-12
 1.34E-46 7.80E-35 1.72E-25 1.50E-18 3.74E-15 3.21E-13 1.18E-12 1.69E-12
 1.95E-12 2.14E-12 2.13E-12 1.86E-12 1.49E-12 1.28E-12
 1.43E-46 7.80E-35 1.72E-25 1.50E-18 3.74E-15 3.21E-13 1.18E-12 1.69E-12
 1.95E-12 2.14E-12 2.12E-12 1.86E-12 1.49E-12 1.28E-12
 1.45E-46 7.80E-35 1.72E-25 1.50E-18 3.74E-15 3.21E-13 1.18E-12 1.68E-12
 1.94E-12 2.13E-12 2.12E-12 1.85E-12 1.48E-12 1.27E-12
  18.4681    7  14 /pl=01:ss=46:pb= 1:sz=46/type=excit/ispb = t/isel =   31
 1.00E+10 1.00E+11 1.00E+12 1.00E+13 1.00E+14 1.00E+15 1.00E+16
 3.81E+01 5.71E+01 9.52E+01 1.90E+02 3.81E+02 9.52E+02 1.90E+03 2.86E+03
 3.81E+03 5.71E+03 9.52E+03 1.90E+04 3.81E+04 5.71E+04
 1.01E-43 4.47E-33 1.63E-24 3.72E-18 4.73E-15 2.72E-13 8.82E-13 1.22E-12
 1.38E-12 1.50E-12 1.48E-12 1.31E-12 1.05E-12 9.05E-13
 8.05E-44 4.47E-33 1.63E-24 3.72E-18 4.73E-15 2.72E-13 8.82E-13 1.22E-12
 1.38E-12 1.50E-12 1.48E-12 1.31E-12 1.05E-12 9.05E-13
 7.85E-44 4.47E-33 1.63E-24 3.72E-18 4.73E-15 2.72E-13 8.82E-13 1.22E-12
 1.38E-12 1.50E-12 1.48E-12 1.31E-12 1.05E-12 9.05E-13
 7.87E-44 4.47E-33 1.63E-24 3.72E-18 4.73E-15 2.72E-13 8.82E-13 1.22E-12
 1.38E-12 1.50E-12 1.48E-12 1.31E-12 1.05E-12 9.05E-13
 7.87E-44 4.47E-33 1.63E-24 3.72E-18 4.73E-15 2.72E-13 8.82E-13 1.22E-12
 1.38E-12 1.50E-12 1.48E-12 1.31E-12 1.05E-12 9.05E-13
 7.87E-44 4.47E-33 1.63E-24 3.72E-18 4.73E-15 2.72E-13 8.81E-13 1.22E-12
 1.38E-12 1.49E-12 1.48E-12 1.30E-12 1.05E-12 9.05E-13
 7.87E-44 4.47E-33 1.63E-24 3.72E-18 4.73E-15 2.72E-13 8.80E-13 1.21E-12
 1.37E-12 1.49E-12 1.48E-12 1.30E-12 1.05E-12 9.02E-13
  18.7612    7  14 /pl=01:ss=46:pb= 1:sz=46/type=excit/ispb = t/isel =   32
 1.00E+10 1.00E+11 1.00E+12 1.00E+13 1.00E+14 1.00E+15 1.00E+16
 3.81E+01 5.71E+01 9.52E+01 1.90E+02 3.81E+02 9.52E+02 1.90E+03 2.86E+03
 3.81E+03 5.71E+03 9.52E+03 1.90E+04 3.81E+04 5.71E+04
 1.91E-38 2.70E-29 5.15E-22 1.28E-16 5.38E-14 1.61E-12 4.22E-12 5.43E-12
 5.96E-12 6.28E-12 6.03E-12 5.22E-12 4.20E-12 3.60E-12
 1.91E-38 2.70E-29 5.15E-22 1.28E-16 5.38E-14 1.61E-12 4.22E-12 5.43E-12
 5.96E-12 6.28E-12 6.03E-12 5.22E-12 4.20E-12 3.60E-12
 1.91E-38 2.70E-29 5.15E-22 1.28E-16 5.38E-14 1.61E-12 4.22E-12 5.43E-12
 5.96E-12 6.28E-12 6.03E-12 5.22E-12 4.20E-12 3.60E-12
 1.91E-38 2.70E-29 5.15E-22 1.28E-16 5.38E-14 1.61E-12 4.22E-12 5.43E-12
 5.96E-12 6.28E-12 6.03E-12 5.22E-12 4.20E-12 3.60E-12
 1.91E-38 2.70E-29 5.15E-22 1.28E-16 5.38E-14 1.61E-12 4.22E-12 5.43E-12
 5.96E-12 6.28E-12 6.03E-12 5.21E-12 4.20E-12 3.60E-12
 1.91E-38 2.70E-29 5.15E-22 1.28E-16 5.38E-14 1.61E-12 4.22E-12 5.42E-12
 5.95E-12 6.28E-12 6.02E-12 5.21E-12 4.19E-12 3.59E-12
 1.91E-38 2.70E-29 5.15E-22 1.28E-16 5.37E-14 1.61E-12 4.21E-12 5.41E-12
 5.94E-12 6.26E-12 6.00E-12 5.19E-12 4.18E-12 3.58E-12
  24.8306    7  14 /pl=01:ss=46:pb= 1:sz=46/type=excit/ispb = t/isel =   33
 1.00E+10 1.00E+11 1.00E+12 1.00E+13 1.00E+14 1.00E+15 1.00E+16
 3.81E+01 5.71E+01 9.52E+01 1.90E+02 3.81E+02 9.52E+02 1.90E+03 2.86E+03
 3.81E+03 5.71E+03 9.52E+03 1.90E+04 3.81E+04 5.71E+04
 4.55E-36 1.13E-27 5.38E-21 4.72E-16 1.18E-13 2.56E-12 6.03E-12 7.49E-12
 8.02E-12 8.27E-12 7.82E-12 6.60E-12 5.20E-12 4.44E-12
 4.55E-36 1.13E-27 5.38E-21 4.72E-16 1.18E-13 2.56E-12 6.03E-12 7.49E-12
 8.02E-12 8.27E-12 7.82E-12 6.60E-12 5.20E-12 4.44E-12
 4.55E-36 1.13E-27 5.38E-21 4.72E-16 1.18E-13 2.56E-12 6.03E-12 7.49E-12
 8.02E-12 8.27E-12 7.82E-12 6.60E-12 5.20E-12 4.44E-12
 4.55E-36 1.13E-27 5.38E-21 4.72E-16 1.18E-13 2.56E-12 6.03E-12 7.49E-12
 8.02E-12 8.27E-12 7.82E-12 6.60E-12 5.20E-12 4.44E-12
 4.55E-36 1.13E-27 5.38E-21 4.72E-16 1.18E-13 2.56E-12 6.03E-12 7.49E-12
 8.02E-12 8.27E-12 7.82E-12 6.60E-12 5.20E-12 4.44E-12
 4.55E-36 1.13E-27 5.38E-21 4.72E-16 1.18E-13 2.56E-12 6.03E-12 7.48E-12
 8.01E-12 8.26E-12 7.81E-12 6.59E-12 5.20E-12 4.43E-12
 4.55E-36 1.13E-27 5.38E-21 4.71E-16 1.18E-13 2.56E-12 6.02E-12 7.47E-12
 7.99E-12 8.24E-12 7.79E-12 6.57E-12 5.18E-12 4.42E-12
  26.8091    7  14 /pl=01:ss=46:pb= 1:sz=46/type=excit/ispb = t/isel =   34
 1.00E+10 1.00E+11 1.00E+12 1.00E+13 1.00E+14 1.00E+15 1.00E+16
 3.81E+01 5.71E+01 9.52E+01 1.90E+02 3.81E+02 9.52E+02 1.90E+03 2.86E+03
 3.81E+03 5.71E+03 9.52E+03 1.90E+04 3.81E+04 5.71E+04
 2.25E-36 5.62E-28 2.67E-21 2.34E-16 5.84E-14 1.27E-12 2.99E-12 3.71E-12
 3.98E-12 4.10E-12 3.88E-12 3.27E-12 2.58E-12 2.20E-12
 2.25E-36 5.62E-28 2.67E-21 2.34E-16 5.84E-14 1.27E-12 2.99E-12 3.71E-12
 3.98E-12 4.10E-12 3.88E-12 3.27E-12 2.58E-12 2.20E-12
 2.25E-36 5.62E-28 2.67E-21 2.34E-16 5.84E-14 1.27E-12 2.99E-12 3.71E-12
 3.98E-12 4.10E-12 3.88E-12 3.27E-12 2.58E-12 2.20E-12
 2.25E-36 5.62E-28 2.67E-21 2.34E-16 5.84E-14 1.27E-12 2.99E-12 3.71E-12
 3.98E-12 4.10E-12 3.88E-12 3.27E-12 2.58E-12 2.20E-12
 2.25E-36 5.62E-28 2.67E-21 2.34E-16 5.84E-14 1.27E-12 2.99E-12 3.71E-12
 3.98E-12 4.10E-12 3.88E-12 3.27E-12 2.58E-12 2.20E-12
 2.25E-36 5.62E-28 2.67E-21 2.34E-16 5.84E-14 1.27E-12 2.99E-12 3.71E-12
 3.97E-12 4.10E-12 3.87E-12 3.27E-12 2.58E-12 2.20E-12
 2.25E-36 5.62E-28 2.67E-21 2.34E-16 5.84E-14 1.27E-12 2.98E-12 3.70E-12
 3.96E-12 4.09E-12 3.86E-12 3.26E-12 2.57E-12 2.19E-12
  31.0319    7  14 /pl=01:ss=46:pb= 1:sz=46/type=excit/ispb = t/isel =   35
 1.00E+10 1.00E+11 1.00E+12 1.00E+13 1.00E+14 1.00E+15 1.00E+16
 3.81E+01 5.71E+01 9.52E+01 1.90E+02 3.81E+02 9.52E+02 1.90E+03 2.86E+03
 3.81E+03 5.71E+03 9.52E+03 1.90E+04 3.81E+04 5.71E+04
 7.54E-37 1.88E-28 8.92E-22 7.82E-17 1.95E-14 4.25E-13 1.00E-12 1.24E-12
 1.33E-12 1.37E-12 1.30E-12 1.09E-12 8.62E-13 7.35E-13
 7.54E-37 1.88E-28 8.92E-22 7.82E-17 1.95E-14 4.25E-13 1.00E-12 1.24E-12
 1.33E-12 1.37E-12 1.30E-12 1.09E-12 8.62E-13 7.35E-13
 7.54E-37 1.88E-28 8.92E-22 7.82E-17 1.95E-14 4.25E-13 1.00E-12 1.24E-12
 1.33E-12 1.37E-12 1.30E-12 1.09E-12 8.62E-13 7.35E-13
 7.54E-37 1.88E-28 8.92E-22 7.82E-17 1.95E-14 4.25E-13 1.00E-12 1.24E-12
 1.33E-12 1.37E-12 1.30E-12 1.09E-12 8.62E-13 7.35E-13
 7.54E-37 1.88E-28 8.92E-22 7.82E-17 1.95E-14 4.25E-13 1.00E-12 1.24E-12
 1.33E-12 1.37E-12 1.30E-12 1.09E-12 8.62E-13 7.35E-13
 7.54E-37 1.88E-28 8.92E-22 7.81E-17 1.95E-14 4.25E-13 9.99E-13 1.24E-12
 1.33E-12 1.37E-12 1.29E-12 1.09E-12 8.62E-13 7.35E-13
 7.54E-37 1.88E-28 8.91E-22 7.81E-17 1.95E-14 4.24E-13 9.98E-13 1.24E-12
 1.32E-12 1.37E-12 1.29E-12 1.09E-12 8.59E-13 7.32E-13
  43.8194    7  14 /pl=01:ss=46:pb= 1:sz=46/type=excit/ispb = t/isel =   36
 1.00E+10 1.00E+11 1.00E+12 1.00E+13 1.00E+14 1.00E+15 1.00E+16
 3.81E+01 5.71E+01 9.52E+01 1.90E+02 3.81E+02 9.52E+02 1.90E+03 2.86E+03
 3.81E+03 5.71E+03 9.52E+03 1.90E+04 3.81E+04 5.71E+04
 3.26E-33 1.22E-25 1.28E-19 3.58E-15 5.07E-13 7.91E-12 1.67E-11 1.99E-11
 2.10E-11 2.11E-11 1.96E-11 1.63E-11 1.27E-11 1.09E-11
 3.26E-33 1.22E-25 1.28E-19 3.58E-15 5.07E-13 7.91E-12 1.67E-11 1.99E-11
 2.10E-11 2.11E-11 1.96E-11 1.63E-11 1.27E-11 1.09E-11
 3.26E-33 1.22E-25 1.28E-19 3.58E-15 5.07E-13 7.91E-12 1.67E-11 1.99E-11
 2.10E-11 2.11E-11 1.96E-11 1.63E-11 1.27E-11 1.09E-11
 3.26E-33 1.22E-25 1.28E-19 3.58E-15 5.07E-13 7.91E-12 1.67E-11 1.99E-11
 2.10E-11 2.11E-11 1.96E-11 1.63E-11 1.27E-11 1.09E-11
 3.26E-33 1.22E-25 1.28E-19 3.58E-15 5.07E-13 7.91E-12 1.67E-11 1.99E-11
 2.10E-11 2.11E-11 1.96E-11 1.63E-11 1.27E-11 1.09E-11
 3.26E-33 1.22E-25 1.28E-19 3.58E-15 5.07E-13 7.91E-12 1.67E-11 1.99E-11
 2.10E-11 2.11E-11 1.96E-11 1.63E-11 1.27E-11 1.09E-11
 3.26E-33 1.22E-25 1.28E-19 3.58E-15 5.07E-13 7.90E-12 1.67E-11 1.99E-11
 2.09E-11 2.11E-11 1.95E-11 1.62E-11 1.27E-11 1.08E-11
  50.3808    7  14 /pl=01:ss=46:pb= 1:sz=46/type=excit/ispb = t/isel =   37
 1.00E+10 1.00E+11 1.00E+12 1.00E+13 1.00E+14 1.00E+15 1.00E+16
 3.81E+01 5.71E+01 9.52E+01 1.90E+02 3.81E+02 9.52E+02 1.90E+03 2.86E+03
 3.81E+03 5.71E+03 9.52E+03 1.90E+04 3.81E+04 5.71E+04
 1.00E-33 3.75E-26 3.92E-20 1.10E-15 1.56E-13 2.43E-12 5.13E-12 6.12E-12
 6.45E-12 6.48E-12 6.02E-12 5.00E-12 3.91E-12 3.33E-12
 1.00E-33 3.75E-26 3.92E-20 1.10E-15 1.56E-13 2.43E-12 5.13E-12 6.12E-12
 6.45E-12 6.48E-12 6.02E-12 5.00E-12 3.91E-12 3.33E-12
 1.00E-33 3.75E-26 3.92E-20 1.10E-15 1.56E-13 2.43E-12 5.13E-12 6.12E-12
 6.45E-12 6.48E-12 6.02E-12 5.00E-12 3.91E-12 3.33E-12
 1.00E-33 3.75E-26 3.92E-20 1.10E-15 1.56E-13 2.43E-12 5.13E-12 6.12E-12
 6.45E-12 6.48E-12 6.02E-12 5.00E-12 3.91E-12 3.33E-12
 1.00E-33 3.75E-26 3.92E-20 1.10E-15 1.56E-13 2.43E-12 5.13E-12 6.12E-12
 6.45E-12 6.48E-12 6.02E-12 5.00E-12 3.91E-12 3.33E-12
 1.00E-33 3.75E-26 3.92E-20 1.10E-15 1.56E-13 2.43E-12 5.12E-12 6.12E-12
 6.44E-12 6.48E-12 6.02E-12 5.00E-12 3.91E-12 3.33E-12
 1.00E-33 3.75E-26 3.92E-20 1.10E-15 1.56E-13 2.43E-12 5.12E-12 6.10E-12
 6.43E-12 6.46E-12 6.00E-12 4.98E-12 3.89E-12 3.32E-12
  50.4106    7  14 /pl=01:ss=46:pb= 1:sz=46/type=excit/ispb = t/isel =   38
 1.00E+10 1.00E+11 1.00E+12 1.00E+13 1.00E+14 1.00E+15 1.00E+16
 3.81E+01 5.71E+01 9.52E+01 1.90E+02 3.81E+02 9.52E+02 1.90E+03 2.86E+03
 3.81E+03 5.71E+03 9.52E+03 1.90E+04 3.81E+04 5.71E+04
 8.20E-38 1.21E-29 3.97E-23 4.61E-18 3.66E-15 2.38E-13 8.62E-13 1.25E-12
 1.48E-12 1.69E-12 1.80E-12 1.76E-12 1.60E-12 1.47E-12
 8.20E-38 1.21E-29 3.97E-23 4.61E-18 3.66E-15 2.38E-13 8.62E-13 1.25E-12
 1.48E-12 1.69E-12 1.80E-12 1.76E-12 1.60E-12 1.47E-12
 8.20E-38 1.21E-29 3.97E-23 4.61E-18 3.66E-15 2.38E-13 8.62E-13 1.25E-12
 1.48E-12 1.69E-12 1.80E-12 1.76E-12 1.60E-12 1.47E-12
 8.21E-38 1.21E-29 3.97E-23 4.61E-18 3.66E-15 2.38E-13 8.62E-13 1.25E-12
 1.48E-12 1.69E-12 1.80E-12 1.76E-12 1.60E-12 1.47E-12
 8.28E-38 1.21E-29 3.98E-23 4.61E-18 3.66E-15 2.38E-13 8.62E-13 1.25E-12
 1.48E-12 1.69E-12 1.80E-12 1.76E-12 1.60E-12 1.47E-12
 9.03E-38 1.23E-29 4.03E-23 4.65E-18 3.67E-15 2.38E-13 8.62E-13 1.25E-12
 1.48E-12 1.69E-12 1.80E-12 1.76E-12 1.59E-12 1.47E-12
 1.64E-37 1.44E-29 4.26E-23 4.75E-18 3.69E-15 2.39E-13 8.62E-13 1.25E-12
 1.48E-12 1.69E-12 1.80E-12 1.76E-12 1.59E-12 1.47E-12
  56.1771    7  14 /pl=01:ss=46:pb= 1:sz=46/type=excit/ispb = t/isel =   39
 1.00E+10 1.00E+11 1.00E+12 1.00E+13 1.00E+14 1.00E+15 1.00E+16
 3.81E+01 5.71E+01 9.52E+01 1.90E+02 3.81E+02 9.52E+02 1.90E+03 2.86E+03
 3.81E+03 5.71E+03 9.52E+03 1.90E+04 3.81E+04 5.71E+04
 1.32E-33 2.88E-26 1.94E-20 3.94E-16 4.85E-14 7.41E-13 1.62E-12 1.98E-12
 2.13E-12 2.19E-12 2.10E-12 1.83E-12 1.51E-12 1.32E-12
 1.32E-33 2.88E-26 1.94E-20 3.94E-16 4.85E-14 7.41E-13 1.62E-12 1.98E-12
 2.13E-12 2.19E-12 2.10E-12 1.83E-12 1.51E-12 1.32E-12
 1.32E-33 2.88E-26 1.94E-20 3.94E-16 4.85E-14 7.41E-13 1.62E-12 1.98E-12
 2.13E-12 2.19E-12 2.10E-12 1.83E-12 1.51E-12 1.32E-12
 1.32E-33 2.88E-26 1.94E-20 3.94E-16 4.85E-14 7.41E-13 1.62E-12 1.98E-12
 2.13E-12 2.19E-12 2.10E-12 1.83E-12 1.51E-12 1.32E-12
 1.32E-33 2.88E-26 1.94E-20 3.94E-16 4.85E-14 7.41E-13 1.62E-12 1.98E-12
 2.13E-12 2.19E-12 2.10E-12 1.83E-12 1.51E-12 1.32E-12
 1.32E-33 2.88E-26 1.94E-20 3.94E-16 4.85E-14 7.41E-13 1.62E-12 1.98E-12
 2.12E-12 2.19E-12 2.10E-12 1.82E-12 1.50E-12 1.32E-12
 1.32E-33 2.88E-26 1.94E-20 3.94E-16 4.85E-14 7.40E-13 1.62E-12 1.98E-12
 2.12E-12 2.18E-12 2.09E-12 1.82E-12 1.50E-12 1.32E-12
  60.7720    7  14 /pl=01:ss=46:pb= 1:sz=46/type=excit/ispb = t/isel =   40
 1.00E+10 1.00E+11 1.00E+12 1.00E+13 1.00E+14 1.00E+15 1.00E+16
 3.81E+01 5.71E+01 9.52E+01 1.90E+02 3.81E+02 9.52E+02 1.90E+03 2.86E+03
 3.81E+03 5.71E+03 9.52E+03 1.90E+04 3.81E+04 5.71E+04
 2.87E-34 5.28E-27 3.99E-21 9.63E-17 1.55E-14 3.75E-13 1.04E-12 1.40E-12
 1.56E-12 1.70E-12 1.69E-12 1.52E-12 1.27E-12 1.11E-12
 2.87E-34 5.28E-27 3.99E-21 9.63E-17 1.55E-14 3.75E-13 1.04E-12 1.40E-12
 1.56E-12 1.70E-12 1.69E-12 1.52E-12 1.27E-12 1.11E-12
 2.87E-34 5.28E-27 3.99E-21 9.63E-17 1.55E-14 3.75E-13 1.04E-12 1.40E-12
 1.56E-12 1.70E-12 1.69E-12 1.52E-12 1.27E-12 1.11E-12
 2.88E-34 5.28E-27 3.99E-21 9.63E-17 1.55E-14 3.75E-13 1.04E-12 1.40E-12
 1.56E-12 1.70E-12 1.69E-12 1.52E-12 1.27E-12 1.11E-12
 2.91E-34 5.29E-27 3.99E-21 9.63E-17 1.55E-14 3.75E-13 1.04E-12 1.40E-12
 1.56E-12 1.70E-12 1.69E-12 1.52E-12 1.27E-12 1.11E-12
 3.28E-34 5.43E-27 4.02E-21 9.65E-17 1.55E-14 3.76E-13 1.04E-12 1.40E-12
 1.56E-12 1.70E-12 1.69E-12 1.52E-12 1.27E-12 1.11E-12
 6.95E-34 6.77E-27 4.23E-21 9.81E-17 1.57E-14 3.78E-13 1.05E-12 1.40E-12
 1.57E-12 1.70E-12 1.69E-12 1.52E-12 1.26E-12 1.11E-12
  61.9794    7  14 /pl=01:ss=46:pb= 1:sz=46/type=excit/ispb = t/isel =   41
 1.00E+10 1.00E+11 1.00E+12 1.00E+13 1.00E+14 1.00E+15 1.00E+16
 3.81E+01 5.71E+01 9.52E+01 1.90E+02 3.81E+02 9.52E+02 1.90E+03 2.86E+03
 3.81E+03 5.71E+03 9.52E+03 1.90E+04 3.81E+04 5.71E+04
 1.31E-33 2.50E-26 1.56E-20 3.08E-16 4.28E-14 9.10E-13 2.42E-12 3.18E-12
 3.54E-12 3.80E-12 3.76E-12 3.35E-12 2.77E-12 2.43E-12
 1.31E-33 2.50E-26 1.56E-20 3.08E-16 4.28E-14 9.10E-13 2.42E-12 3.18E-12
 3.54E-12 3.80E-12 3.76E-12 3.35E-12 2.77E-12 2.43E-12
 1.31E-33 2.50E-26 1.56E-20 3.08E-16 4.28E-14 9.10E-13 2.42E-12 3.18E-12
 3.54E-12 3.80E-12 3.76E-12 3.35E-12 2.77E-12 2.43E-12
 1.31E-33 2.50E-26 1.56E-20 3.08E-16 4.28E-14 9.10E-13 2.42E-12 3.18E-12
 3.54E-12 3.80E-12 3.76E-12 3.35E-12 2.77E-12 2.43E-12
 1.31E-33 2.50E-26 1.56E-20 3.08E-16 4.28E-14 9.10E-13 2.42E-12 3.18E-12
 3.54E-12 3.80E-12 3.76E-12 3.35E-12 2.77E-12 2.43E-12
 1.35E-33 2.52E-26 1.56E-20 3.08E-16 4.28E-14 9.10E-13 2.42E-12 3.18E-12
 3.54E-12 3.80E-12 3.76E-12 3.35E-12 2.77E-12 2.43E-12
 1.74E-33 2.66E-26 1.58E-20 3.10E-16 4.29E-14 9.12E-13 2.42E-12 3.18E-12
 3.54E-12 3.79E-12 3.75E-12 3.34E-12 2.77E-12 2.43E-12
  62.0556    7  14 /pl=01:ss=46:pb= 1:sz=46/type=excit/ispb = t/isel =   42
 1.00E+10 1.00E+11 1.00E+12 1.00E+13 1.00E+14 1.00E+15 1.00E+16
 3.81E+01 5.71E+01 9.52E+01 1.90E+02 3.81E+02 9.52E+02 1.90E+03 2.86E+03
 3.81E+03 5.71E+03 9.52E+03 1.90E+04 3.81E+04 5.71E+04
 5.61E-34 9.56E-27 9.01E-21 2.49E-16 4.35E-14 1.12E-12 3.18E-12 4.31E-12
 4.85E-12 5.29E-12 5.32E-12 4.81E-12 4.03E-12 3.56E-12
 5.61E-34 9.56E-27 9.01E-21 2.49E-16 4.35E-14 1.12E-12 3.18E-12 4.31E-12
 4.85E-12 5.29E-12 5.32E-12 4.81E-12 4.03E-12 3.56E-12
 5.61E-34 9.56E-27 9.01E-21 2.49E-16 4.35E-14 1.12E-12 3.18E-12 4.31E-12
 4.85E-12 5.29E-12 5.32E-12 4.81E-12 4.03E-12 3.56E-12
 5.62E-34 9.56E-27 9.01E-21 2.49E-16 4.35E-14 1.12E-12 3.18E-12 4.31E-12
 4.85E-12 5.29E-12 5.31E-12 4.81E-12 4.03E-12 3.56E-12
 5.71E-34 9.60E-27 9.01E-21 2.49E-16 4.35E-14 1.12E-12 3.18E-12 4.31E-12
 4.85E-12 5.29E-12 5.31E-12 4.81E-12 4.03E-12 3.56E-12
 6.68E-34 9.94E-27 9.07E-21 2.50E-16 4.36E-14 1.12E-12 3.18E-12 4.31E-12
 4.85E-12 5.29E-12 5.31E-12 4.80E-12 4.03E-12 3.56E-12
 1.63E-33 1.33E-26 9.60E-21 2.54E-16 4.40E-14 1.12E-12 3.19E-12 4.32E-12
 4.86E-12 5.29E-12 5.31E-12 4.80E-12 4.03E-12 3.56E-12
  67.4367    7  14 /pl=01:ss=46:pb= 1:sz=46/type=excit/ispb = t/isel =   43
 1.00E+10 1.00E+11 1.00E+12 1.00E+13 1.00E+14 1.00E+15 1.00E+16
 3.81E+01 5.71E+01 9.52E+01 1.90E+02 3.81E+02 9.52E+02 1.90E+03 2.86E+03
 3.81E+03 5.71E+03 9.52E+03 1.90E+04 3.81E+04 5.71E+04
 2.23E-33 4.86E-26 3.28E-20 6.65E-16 8.18E-14 1.25E-12 2.74E-12 3.35E-12
 3.59E-12 3.70E-12 3.54E-12 3.08E-12 2.54E-12 2.23E-12
 2.23E-33 4.86E-26 3.28E-20 6.65E-16 8.18E-14 1.25E-12 2.74E-12 3.35E-12
 3.59E-12 3.70E-12 3.54E-12 3.08E-12 2.54E-12 2.23E-12
 2.23E-33 4.86E-26 3.28E-20 6.65E-16 8.18E-14 1.25E-12 2.74E-12 3.35E-12
 3.59E-12 3.70E-12 3.54E-12 3.08E-12 2.54E-12 2.23E-12
 2.23E-33 4.86E-26 3.28E-20 6.65E-16 8.18E-14 1.25E-12 2.74E-12 3.35E-12
 3.59E-12 3.70E-12 3.54E-12 3.08E-12 2.54E-12 2.23E-12
 2.23E-33 4.86E-26 3.28E-20 6.65E-16 8.18E-14 1.25E-12 2.74E-12 3.35E-12
 3.59E-12 3.69E-12 3.54E-12 3.08E-12 2.54E-12 2.23E-12
 2.23E-33 4.86E-26 3.28E-20 6.65E-16 8.18E-14 1.25E-12 2.74E-12 3.34E-12
 3.59E-12 3.69E-12 3.54E-12 3.08E-12 2.54E-12 2.23E-12
 2.23E-33 4.86E-26 3.28E-20 6.65E-16 8.18E-14 1.25E-12 2.74E-12 3.34E-12
 3.58E-12 3.68E-12 3.53E-12 3.07E-12 2.53E-12 2.22E-12
  72.6145    7  14 /pl=01:ss=46:pb= 1:sz=46/type=excit/ispb = t/isel =   44
 1.00E+10 1.00E+11 1.00E+12 1.00E+13 1.00E+14 1.00E+15 1.00E+16
 3.81E+01 5.71E+01 9.52E+01 1.90E+02 3.81E+02 9.52E+02 1.90E+03 2.86E+03
 3.81E+03 5.71E+03 9.52E+03 1.90E+04 3.81E+04 5.71E+04
 1.58E-33 3.03E-26 1.85E-20 3.49E-16 4.25E-14 6.89E-13 1.59E-12 1.98E-12
 2.15E-12 2.23E-12 2.15E-12 1.85E-12 1.49E-12 1.28E-12
 1.58E-33 3.03E-26 1.85E-20 3.49E-16 4.25E-14 6.89E-13 1.59E-12 1.98E-12
 2.15E-12 2.23E-12 2.15E-12 1.85E-12 1.49E-12 1.28E-12
 1.58E-33 3.03E-26 1.85E-20 3.49E-16 4.25E-14 6.89E-13 1.59E-12 1.98E-12
 2.15E-12 2.23E-12 2.15E-12 1.85E-12 1.49E-12 1.28E-12
 1.58E-33 3.03E-26 1.85E-20 3.49E-16 4.25E-14 6.89E-13 1.59E-12 1.98E-12
 2.15E-12 2.23E-12 2.15E-12 1.85E-12 1.49E-12 1.28E-12
 1.58E-33 3.03E-26 1.85E-20 3.49E-16 4.25E-14 6.89E-13 1.59E-12 1.98E-12
 2.15E-12 2.23E-12 2.15E-12 1.85E-12 1.49E-12 1.28E-12
 1.58E-33 3.03E-26 1.85E-20 3.49E-16 4.25E-14 6.88E-13 1.59E-12 1.98E-12
 2.14E-12 2.23E-12 2.14E-12 1.85E-12 1.49E-12 1.28E-12
 1.58E-33 3.03E-26 1.85E-20 3.49E-16 4.25E-14 6.88E-13 1.59E-12 1.98E-12
 2.14E-12 2.23E-12 2.14E-12 1.84E-12 1.48E-12 1.28E-12
  73.7063    7  14 /pl=01:ss=46:pb= 1:sz=46/type=excit/ispb = t/isel =   45
 1.00E+10 1.00E+11 1.00E+12 1.00E+13 1.00E+14 1.00E+15 1.00E+16
 3.81E+01 5.71E+01 9.52E+01 1.90E+02 3.81E+02 9.52E+02 1.90E+03 2.86E+03
 3.81E+03 5.71E+03 9.52E+03 1.90E+04 3.81E+04 5.71E+04
 6.26E-40 2.60E-30 1.17E-22 5.56E-17 3.22E-14 1.15E-12 3.19E-12 4.17E-12
 4.59E-12 4.83E-12 4.65E-12 3.96E-12 3.14E-12 2.68E-12
 6.26E-40 2.60E-30 1.17E-22 5.56E-17 3.22E-14 1.15E-12 3.19E-12 4.17E-12
 4.59E-12 4.83E-12 4.65E-12 3.96E-12 3.14E-12 2.68E-12
 6.26E-40 2.60E-30 1.17E-22 5.56E-17 3.22E-14 1.15E-12 3.19E-12 4.17E-12
 4.59E-12 4.83E-12 4.65E-12 3.96E-12 3.14E-12 2.68E-12
 6.26E-40 2.60E-30 1.17E-22 5.56E-17 3.22E-14 1.15E-12 3.19E-12 4.17E-12
 4.59E-12 4.83E-12 4.65E-12 3.96E-12 3.14E-12 2.68E-12
 6.26E-40 2.60E-30 1.17E-22 5.56E-17 3.22E-14 1.15E-12 3.19E-12 4.17E-12
 4.59E-12 4.83E-12 4.64E-12 3.96E-12 3.14E-12 2.68E-12
 6.26E-40 2.60E-30 1.17E-22 5.56E-17 3.22E-14 1.15E-12 3.19E-12 4.17E-12
 4.59E-12 4.82E-12 4.64E-12 3.96E-12 3.13E-12 2.67E-12
 6.26E-40 2.60E-30 1.17E-22 5.56E-17 3.22E-14 1.15E-12 3.19E-12 4.16E-12
 4.58E-12 4.81E-12 4.63E-12 3.95E-12 3.13E-12 2.67E-12
  75.4598    7  14 /pl=01:ss=46:pb= 1:sz=46/type=excit/ispb = t/isel =   46
 1.00E+10 1.00E+11 1.00E+12 1.00E+13 1.00E+14 1.00E+15 1.00E+16
 3.81E+01 5.71E+01 9.52E+01 1.90E+02 3.81E+02 9.52E+02 1.90E+03 2.86E+03
 3.81E+03 5.71E+03 9.52E+03 1.90E+04 3.81E+04 5.71E+04
 2.82E-42 9.88E-33 1.52E-24 2.98E-18 3.86E-15 2.34E-13 7.82E-13 1.09E-12
 1.25E-12 1.37E-12 1.37E-12 1.22E-12 9.93E-13 8.58E-13
 2.83E-42 9.88E-33 1.52E-24 2.98E-18 3.86E-15 2.34E-13 7.82E-13 1.09E-12
 1.25E-12 1.37E-12 1.37E-12 1.22E-12 9.93E-13 8.58E-13
 2.88E-42 9.88E-33 1.52E-24 2.98E-18 3.86E-15 2.34E-13 7.82E-13 1.09E-12
 1.25E-12 1.37E-12 1.37E-12 1.22E-12 9.93E-13 8.58E-13
 3.34E-42 9.91E-33 1.52E-24 2.98E-18 3.86E-15 2.34E-13 7.82E-13 1.09E-12
 1.25E-12 1.37E-12 1.37E-12 1.22E-12 9.93E-13 8.58E-13
 7.95E-42 1.02E-32 1.52E-24 2.98E-18 3.86E-15 2.34E-13 7.82E-13 1.09E-12
 1.25E-12 1.37E-12 1.37E-12 1.22E-12 9.93E-13 8.58E-13
 5.40E-41 1.32E-32 1.52E-24 2.98E-18 3.86E-15 2.34E-13 7.82E-13 1.09E-12
 1.25E-12 1.37E-12 1.37E-12 1.22E-12 9.92E-13 8.57E-13
 5.15E-40 4.27E-32 1.57E-24 2.99E-18 3.86E-15 2.34E-13 7.81E-13 1.09E-12
 1.24E-12 1.36E-12 1.36E-12 1.21E-12 9.89E-13 8.55E-13
  75.4685    7  14 /pl=01:ss=46:pb= 1:sz=46/type=excit/ispb = t/isel =   47
 1.00E+10 1.00E+11 1.00E+12 1.00E+13 1.00E+14 1.00E+15 1.00E+16
 3.81E+01 5.71E+01 9.52E+01 1.90E+02 3.81E+02 9.52E+02 1.90E+03 2.86E+03
 3.81E+03 5.71E+03 9.52E+03 1.90E+04 3.81E+04 5.71E+04
 2.95E-37 2.73E-29 6.27E-23 7.11E-18 5.92E-15 3.54E-13 1.22E-12 1.74E-12
 2.02E-12 2.26E-12 2.35E-12 2.23E-12 1.95E-12 1.77E-12
 2.95E-37 2.73E-29 6.27E-23 7.11E-18 5.92E-15 3.54E-13 1.22E-12 1.74E-12
 2.02E-12 2.26E-12 2.35E-12 2.23E-12 1.95E-12 1.77E-12
 2.95E-37 2.73E-29 6.27E-23 7.11E-18 5.92E-15 3.54E-13 1.22E-12 1.74E-12
 2.02E-12 2.26E-12 2.35E-12 2.23E-12 1.95E-12 1.77E-12
 2.95E-37 2.73E-29 6.27E-23 7.11E-18 5.92E-15 3.54E-13 1.22E-12 1.74E-12
 2.02E-12 2.26E-12 2.35E-12 2.23E-12 1.95E-12 1.77E-12
 2.98E-37 2.74E-29 6.27E-23 7.11E-18 5.92E-15 3.54E-13 1.22E-12 1.74E-12
 2.02E-12 2.26E-12 2.35E-12 2.23E-12 1.95E-12 1.77E-12
 3.23E-37 2.78E-29 6.29E-23 7.11E-18 5.92E-15 3.54E-13 1.22E-12 1.74E-12
 2.02E-12 2.26E-12 2.35E-12 2.23E-12 1.95E-12 1.77E-12
 5.73E-37 3.16E-29 6.48E-23 7.15E-18 5.92E-15 3.54E-13 1.22E-12 1.73E-12
 2.01E-12 2.26E-12 2.35E-12 2.22E-12 1.95E-12 1.76E-12
  125.929    7  14 /pl=01:ss=46:pb= 1:sz=46/type=excit/ispb = t/isel =   48
 1.00E+10 1.00E+11 1.00E+12 1.00E+13 1.00E+14 1.00E+15 1.00E+16
 3.81E+01 5.71E+01 9.52E+01 1.90E+02 3.81E+02 9.52E+02 1.90E+03 2.86E+03
 3.81E+03 5.71E+03 9.52E+03 1.90E+04 3.81E+04 5.71E+04
 4.51E-33 3.72E-26 1.80E-20 3.12E-16 4.46E-14 1.04E-12 2.83E-12 3.74E-12
 4.16E-12 4.47E-12 4.42E-12 3.93E-12 3.25E-12 2.85E-12
 4.51E-33 3.72E-26 1.80E-20 3.12E-16 4.46E-14 1.04E-12 2.83E-12 3.74E-12
 4.16E-12 4.47E-12 4.42E-12 3.93E-12 3.25E-12 2.85E-12
 4.51E-33 3.72E-26 1.80E-20 3.12E-16 4.46E-14 1.04E-12 2.83E-12 3.74E-12
 4.16E-12 4.47E-12 4.42E-12 3.93E-12 3.25E-12 2.85E-12
 4.52E-33 3.72E-26 1.80E-20 3.12E-16 4.46E-14 1.04E-12 2.83E-12 3.74E-12
 4.16E-12 4.47E-12 4.42E-12 3.93E-12 3.25E-12 2.85E-12
 4.61E-33 3.73E-26 1.80E-20 3.12E-16 4.46E-14 1.04E-12 2.83E-12 3.74E-12
 4.16E-12 4.47E-12 4.42E-12 3.93E-12 3.25E-12 2.85E-12
 5.43E-33 3.85E-26 1.81E-20 3.13E-16 4.46E-14 1.04E-12 2.83E-12 3.74E-12
 4.16E-12 4.47E-12 4.41E-12 3.93E-12 3.25E-12 2.85E-12
 1.37E-32 5.06E-26 1.90E-20 3.17E-16 4.49E-14 1.04E-12 2.83E-12 3.74E-12
 4.16E-12 4.47E-12 4.41E-12 3.92E-12 3.24E-12 2.85E-12
  126.799    7  14 /pl=01:ss=46:pb= 1:sz=46/type=excit/ispb = t/isel =   49
 1.00E+10 1.00E+11 1.00E+12 1.00E+13 1.00E+14 1.00E+15 1.00E+16
 3.81E+01 5.71E+01 9.52E+01 1.90E+02 3.81E+02 9.52E+02 1.90E+03 2.86E+03
 3.81E+03 5.71E+03 9.52E+03 1.90E+04 3.81E+04 5.71E+04
 2.06E-33 1.57E-26 7.50E-21 1.27E-16 1.76E-14 3.92E-13 1.04E-12 1.36E-12
 1.52E-12 1.61E-12 1.58E-12 1.39E-12 1.13E-12 9.91E-13
 2.06E-33 1.57E-26 7.50E-21 1.27E-16 1.76E-14 3.92E-13 1.04E-12 1.36E-12
 1.52E-12 1.61E-12 1.58E-12 1.39E-12 1.13E-12 9.91E-13
 2.06E-33 1.57E-26 7.50E-21 1.27E-16 1.76E-14 3.92E-13 1.04E-12 1.36E-12
 1.52E-12 1.61E-12 1.58E-12 1.39E-12 1.13E-12 9.91E-13
 2.07E-33 1.58E-26 7.50E-21 1.27E-16 1.76E-14 3.92E-13 1.04E-12 1.36E-12
 1.52E-12 1.61E-12 1.58E-12 1.39E-12 1.13E-12 9.91E-13
 2.15E-33 1.59E-26 7.51E-21 1.27E-16 1.76E-14 3.92E-13 1.04E-12 1.36E-12
 1.52E-12 1.61E-12 1.58E-12 1.39E-12 1.13E-12 9.91E-13
 2.90E-33 1.70E-26 7.60E-21 1.28E-16 1.77E-14 3.92E-13 1.04E-12 1.37E-12
 1.52E-12 1.61E-12 1.58E-12 1.39E-12 1.13E-12 9.90E-13
 1.05E-32 2.81E-26 8.44E-21 1.32E-16 1.79E-14 3.95E-13 1.05E-12 1.37E-12
 1.52E-12 1.61E-12 1.58E-12 1.39E-12 1.13E-12 9.90E-13
  196.096    7  14 /pl=01:ss=46:pb= 1:sz=46/type=excit/ispb = t/isel =   50
 1.00E+10 1.00E+11 1.00E+12 1.00E+13 1.00E+14 1.00E+15 1.00E+16
 3.81E+01 5.71E+01 9.52E+01 1.90E+02 3.81E+02 9.52E+02 1.90E+03 2.86E+03
 3.81E+03 5.71E+03 9.52E+03 1.90E+04 3.81E+04 5.71E+04
 2.29E-33 1.97E-26 9.85E-21 2.11E-16 3.13E-14 6.59E-13 1.74E-12 2.30E-12
 2.58E-12 2.78E-12 2.79E-12 2.53E-12 2.14E-12 1.91E-12
 2.29E-33 1.97E-26 9.85E-21 2.11E-16 3.13E-14 6.58E-13 1.74E-12 2.30E-12
 2.58E-12 2.78E-12 2.79E-12 2.53E-12 2.14E-12 1.91E-12
 2.29E-33 1.97E-26 9.85E-21 2.11E-16 3.13E-14 6.58E-13 1.74E-12 2.30E-12
 2.58E-12 2.78E-12 2.78E-12 2.53E-12 2.14E-12 1.91E-12
 2.29E-33 1.97E-26 9.83E-21 2.11E-16 3.12E-14 6.56E-13 1.74E-12 2.30E-12
 2.57E-12 2.77E-12 2.78E-12 2.52E-12 2.14E-12 1.91E-12
 2.28E-33 1.95E-26 9.65E-21 2.04E-16 3.01E-14 6.33E-13 1.68E-12 2.23E-12
 2.50E-12 2.71E-12 2.72E-12 2.48E-12 2.11E-12 1.89E-12
 2.22E-33 1.78E-26 8.10E-21 1.57E-16 2.22E-14 4.71E-13 1.29E-12 1.74E-12
 1.98E-12 2.19E-12 2.26E-12 2.13E-12 1.87E-12 1.69E-12
 1.81E-33 9.81E-27 3.15E-21 4.73E-17 6.14E-15 1.32E-13 3.84E-13 5.43E-13
 6.42E-13 7.52E-13 8.39E-13 8.81E-13 8.66E-13 8.37E-13
c-------------------------------------------------------------------------------
 
C  root partition information
C  ==========================
C
C  nuclear charge : 74
C  ion charge+1   : 47
C
C  population calculation information
C  ----------------------------------
C
C  population processing code: adas810
C
C  adf04 source file    : adf04_copmm#74_ic_40#w46.dat
C  adf18/a17_p208 file  : NULL
C
C  meta. ion. coeff. selector  : 
 
C  options  : lnorm =T  lpsel =F  lzsel =T  liosel=F
C           : lhsel =F  lrsel =F  lisel =F  lnsel =F
 
C  energy levels
C  -------------
C
C   lv      configuration    (2S+1)L(w-1/2)      energy (cm^-1)
C  ---   ------------------- --------------      --------------
c    1   606                    (1)0(  0.0)             0.0
c    2   96517                  (3)2(  3.0)      12630608.6
c    3   96517                  (1)2(  2.0)      12642815.1
c    4   96517                  (3)2(  1.0)      13152768.2
c    5   96517                  (3)2(  2.0)      13161301.7
c    6   96518                  (3)1(  2.0)      13424705.9
c    7   96518                  (1)3(  3.0)      13431467.5
c    8   96518                  (3)3(  2.0)      13946919.0
c    9   96518                  (3)2(  1.0)      13968590.3
c   10   96518                  (3)3(  4.0)      14242067.3
c   11   96518                  (1)2(  2.0)      14256254.4
c   12   96518                  (1)1(  1.0)      14265802.7
c   13   96518                  (3)2(  3.0)      14276104.0
c   14   96518                  (3)1(  0.0)      14742307.6
c   15   96518                  (3)1(  1.0)      14773393.9
c   16   96518                  (3)3(  3.0)      14774625.5
c   17   96518                  (3)2(  2.0)      14792712.4
c   18   96519                  (3)0(  1.0)      15405362.4
c   19   96519                  (3)4(  4.0)      15434843.5
c   20   96519                  (3)2(  2.0)      15444444.4
c   21   96519                  (1)3(  3.0)      15458500.8
c   22   96519                  (1)1(  1.0)      15590859.1
c   23   96519                  (3)4(  5.0)      15600559.6
c   24   96519                  (3)2(  3.0)      15626319.7
c   25   96519                  (1)2(  2.0)      15633390.7
c   26   96519                  (3)3(  4.0)      15638629.5
c   27   96519                  (3)1(  0.0)      15748675.8
c   28   96519                  (3)2(  1.0)      15952298.2
c   29   96519                  (3)4(  3.0)      15953449.5
c   30   96519                  (3)3(  2.0)      15991321.5
c   31   96519                  (3)1(  1.0)      16111348.6
c   32   96519                  (1)4(  4.0)      16134199.6
c   33   96519                  (3)1(  2.0)      16145345.0
c   34   96519                  (3)3(  3.0)      16158214.6
c   35   96519                  (1)0(  0.0)      16250684.1
c   36   9651A                  (3)1(  0.0)      16817427.8
c   37   9651A                  (3)1(  1.0)      16839555.7
c   38   9651A                  (3)5(  5.0)      16868856.2
c   39   9651A                  (3)2(  2.0)      16872973.9
c   40   9651A                  (3)3(  3.0)      16895112.1
c   41   9651A                  (3)4(  4.0)      16901865.5
c   42   9651A                  (3)5(  6.0)      16908131.2
c   43   9651A                  (1)2(  2.0)      16916067.7
c   44   9651A                  (3)3(  4.0)      16946030.9
c   45   9651A                  (3)4(  5.0)      16956212.7
c   46   9651A                  (1)3(  3.0)      16959288.1
c   47   24555606518            (3)0(  1.0)      17029698.5
c   48   24555606518            (3)2(  2.0)      17038525.7
c   49   9651A                  (3)2(  1.0)      17055892.6
c   50   9651A                  (3)5(  4.0)      17387627.0
c   51   9651A                  (3)3(  2.0)      17399114.7
c   52   9651A                  (3)1(  2.0)      17427917.3
c   53   9651A                  (3)4(  3.0)      17437102.6
c   54   9651A                  (1)5(  5.0)      17446754.4
c   55   9651A                  (3)2(  3.0)      17468116.0
c   56   9651A                  (1)4(  4.0)      17477773.9
c   57   9651A                  (1)1(  1.0)      17582494.6
c   58   24555606518            (3)2(  3.0)      17849750.9
c   59   24555606518            (1)1(  1.0)      17850825.6
c   60   24555606518            (3)1(  2.0)      17884777.6
c   61   24555606518            (1)0(  0.0)      17995883.0
c   62   24555606519            (3)1(  0.0)      19013865.8
c   63   24555606519            (3)1(  1.0)      19040829.3
c   64   24555606519            (3)3(  3.0)      19046556.6
c   65   24555606519            (3)2(  2.0)      19066528.8
c   66   24555606519            (3)3(  4.0)      19213582.1
c   67   24555606519            (1)2(  2.0)      19227142.4
c   68   24555606519            (1)1(  1.0)      19231992.9
c   69   24555606519            (3)2(  3.0)      19248443.2
c   70   24555606518            (3)2(  1.0)      19505982.0
c   71   24555606518            (3)1(  0.0)      19595962.4
c   72   24555606518            (3)1(  1.0)      20332988.3
c   73   24555606518            (1)2(  2.0)      20340016.0
c   74   2455560651A            (3)2(  1.0)      20439434.0
c   75   2455560651A            (3)2(  2.0)      20474559.8
c   76   2455560651A            (3)4(  4.0)      20479455.1
c   77   2455560651A            (3)3(  3.0)      20505433.6
c   78   2455560651A            (3)4(  5.0)      20513139.0
c   79   2455560651A            (1)3(  3.0)      20539847.6
c   80   2455560651A            (3)3(  4.0)      20566055.6
c   81   2455560651A            (1)2(  2.0)      20588728.8
c   82   9651B                  (3)2(  3.0)      20646498.2
c   83   9651B                  (1)2(  2.0)      20651055.0
c   84   9651C                  (3)1(  2.0)      21030399.1
c   85   9651C                  (1)3(  3.0)      21033144.6
c   86   9651B                  (3)2(  1.0)      21169891.5
c   87   9651B                  (3)2(  2.0)      21173006.0
c   88   9651C                  (3)3(  4.0)      21418952.7
c   89   9651C                  (1)2(  2.0)      21424440.3
c   90   9651C                  (1)1(  1.0)      21426106.7
c   91   9651C                  (3)2(  3.0)      21433430.6
c   92   24555606519            (3)3(  2.0)      21514504.9
c   93   24555606519            (3)2(  1.0)      21538386.1
c   94   9651C                  (3)3(  2.0)      21560014.9
c   95   9651C                  (3)2(  1.0)      21562219.1
c   96   24555606519            (3)1(  2.0)      21696551.7
c   97   24555606519            (1)3(  3.0)      21700868.3
c   98   9651C                  (3)1(  0.0)      21932536.5
c   99   9651C                  (3)1(  1.0)      21945553.9
c  100   9651C                  (3)3(  3.0)      21947157.5
c  101   9651C                  (3)2(  2.0)      21954753.4
c  102   9651D                  (3)0(  1.0)      21976736.2
c  103   9651D                  (3)4(  4.0)      21988375.1
c  104   9651D                  (3)2(  2.0)      21992785.8
c  105   9651D                  (1)3(  3.0)      21998898.1
c  106   9651D                  (1)1(  1.0)      22065943.7
c  107   9651D                  (3)4(  5.0)      22069881.8
c  108   9651D                  (3)2(  3.0)      22081309.0
c  109   9651D                  (1)2(  2.0)      22083440.6
c  110   9651D                  (3)3(  4.0)      22086319.6
c  111   9651D                  (3)1(  0.0)      22152296.5
c  112   9651D                  (3)4(  3.0)      22509712.6
c  113   9651D                  (3)2(  1.0)      22509793.3
c  114   9651D                  (3)3(  2.0)      22526128.5
c  115   9651D                  (1)0(  0.0)      22585568.2
c  116   9651D                  (3)1(  1.0)      22588039.3
c  117   9651D                  (1)4(  4.0)      22597486.6
c  118   9651D                  (3)1(  2.0)      22602685.4
c  119   9651D                  (3)3(  3.0)      22608413.9
c  120   9651E                  (3)1(  0.0)      22613519.7
c  121   9651E                  (3)1(  1.0)      22623384.7
c  122   9651E                  (3)5(  5.0)      22635016.7
c  123   9651E                  (3)2(  2.0)      22637250.9
c  124   9651E                  (3)3(  3.0)      22646391.7
c  125   9651E                  (3)4(  4.0)      22649021.5
c  126   9651E                  (3)5(  6.0)      22656972.9
c  127   9651E                  (1)2(  2.0)      22660243.1
c  128   9651E                  (3)3(  4.0)      22673211.6
c  129   9651E                  (3)4(  5.0)      22677386.3
c  130   9651E                  (1)3(  3.0)      22678544.3
c  131   9651E                  (3)2(  1.0)      22731256.1
c  132   9651F                  (3)2(  1.0)      22947912.2
c  133   2455560651A            (3)4(  3.0)      22951020.6
c  134   9651F                  (3)2(  2.0)      22954336.1
c  135   9651F                  (3)6(  6.0)      22955341.6
c  136   9651F                  (3)3(  3.0)      22962537.6
c  137   9651F                  (3)6(  7.0)      22965587.4
c  138   9651F                  (3)4(  4.0)      22966561.4
c  139   9651F                  (3)5(  5.0)      22967055.5
c  140   9651F                  (1)2(  2.0)      22968547.1
c  141   9651F                  (1)3(  3.0)      22970331.8
c  142   9651F                  (1)4(  4.0)      22976975.1
c  143   9651F                  (3)4(  5.0)      22978202.8
c  144   9651F                  (3)5(  6.0)      22978415.1
c  145   2455560651A            (3)3(  2.0)      22997230.1
c  146   2455560651A            (3)2(  3.0)      23001652.3
c  147   2455560651A            (1)4(  4.0)      23015097.5
c  148   9651E                  (3)5(  4.0)      23156622.7
c  149   9651E                  (3)3(  2.0)      23162245.1
c  150   9651E                  (3)4(  3.0)      23177712.2
c  151   9651E                  (3)1(  2.0)      23178324.9
c  152   9651E                  (1)5(  5.0)      23187161.3
c  153   9651E                  (3)2(  3.0)      23196126.1
c  154   9651E                  (1)4(  4.0)      23200342.9
c  155   9651E                  (1)1(  1.0)      23220219.3
c  156   9651F                  (3)6(  5.0)      23480549.7
c  157   9651F                  (3)3(  2.0)      23484349.7
c  158   9651F                  (3)4(  3.0)      23487629.9
c  159   9651F                  (1)6(  6.0)      23492488.6
c  160   9651F                  (3)2(  3.0)      23492537.0
c  161   9651F                  (3)5(  4.0)      23492863.5
c  162   9651F                  (3)3(  4.0)      23501335.3
c  163   9651F                  (1)5(  5.0)      23503565.1
c  164   2455560651C            (3)0(  1.0)      24627370.8
c  165   2455560651C            (1)2(  2.0)      24628984.5
c  166   9651G                  (3)2(  3.0)      24658069.0
c  167   9651G                  (1)2(  2.0)      24662738.0
c  168   9651H                  (3)1(  2.0)      24871565.3
c  169   9651H                  (1)3(  3.0)      24872826.4
c  170   2455560651C            (1)1(  1.0)      25017406.6
c  171   2455560651C            (3)2(  3.0)      25017624.6
c  172   2455560651C            (3)1(  2.0)      25032142.4
c  173   2455560651C            (1)0(  0.0)      25065861.1
c  174   9651H                  (3)3(  4.0)      25086339.7
c  175   9651H                  (1)2(  2.0)      25089564.7
c  176   9651H                  (1)1(  1.0)      25090062.6
c  177   9651H                  (3)2(  3.0)      25094075.9
c  178   9651G                  (3)2(  1.0)      25182171.3
c  179   9651G                  (3)2(  2.0)      25183691.1
c  180   9651H                  (3)3(  2.0)      25395391.0
c  181   9651I                  (3)0(  1.0)      25396793.2
c  182   9651H                  (3)2(  1.0)      25399345.6
c  183   9651I                  (3)4(  4.0)      25402359.8
c  184   9651I                  (3)2(  2.0)      25404931.8
c  185   9651I                  (1)3(  3.0)      25408066.6
c  186   9651I                  (1)1(  1.0)      25446852.1
c  187   9651I                  (3)4(  5.0)      25448381.7
c  188   9651I                  (3)2(  3.0)      25454674.8
c  189   9651I                  (1)2(  2.0)      25455696.1
c  190   9651I                  (3)3(  4.0)      25457141.4
c  191   9651I                  (1)0(  0.0)      25492116.5
c  192   2455560651D            (3)1(  0.0)      25573418.0
c  193   2455560651D            (3)1(  1.0)      25586605.3
c  194   2455560651D            (3)3(  3.0)      25588975.0
c  195   2455560651D            (3)2(  2.0)      25597980.0
c  196   9651H                  (3)1(  0.0)      25606395.9
c  197   9651H                  (3)1(  1.0)      25611885.3
c  198   9651H                  (3)3(  3.0)      25612457.1
c  199   9651H                  (3)2(  2.0)      25616690.3
c  200   2455560651D            (3)3(  4.0)      25671272.8
c  201   2455560651D            (1)2(  2.0)      25677104.2
c  202   2455560651D            (1)1(  1.0)      25678486.5
c  203   2455560651D            (3)2(  3.0)      25686504.8
c  204   9651J                  (3)1(  0.0)      25744516.0
c  205   9651J                  (3)1(  1.0)      25749810.9
c  206   9651J                  (3)5(  5.0)      25755633.9
c  207   9651J                  (3)2(  2.0)      25756980.1
c  208   9651J                  (3)3(  3.0)      25761701.5
c  209   9651J                  (3)4(  4.0)      25763012.9
c  210   9651J                  (3)5(  6.0)      25768780.4
c  211   9651J                  (1)2(  2.0)      25770596.8
c  212   9651J                  (3)3(  4.0)      25777366.8
c  213   9651J                  (3)4(  5.0)      25779517.0
c  214   9651J                  (1)3(  3.0)      25780089.2
c  215   9651J                  (1)1(  1.0)      25809125.5
c  216   9651I                  (3)2(  1.0)      25924972.8
c  217   9651I                  (3)4(  3.0)      25925295.2
c  218   9651K                  (3)2(  1.0)      25930788.0
c  219   9651I                  (3)3(  2.0)      25933687.8
c  220   9651K                  (3)2(  2.0)      25935071.5
c  221   9651K                  (3)6(  6.0)      25936088.5
c  222   9651K                  (3)3(  3.0)      25939563.1
c  223   9651K                  (3)6(  7.0)      25941997.1
c  224   9651K                  (3)4(  4.0)      25942077.8
c  225   9651K                  (3)5(  5.0)      25942477.1
c  226   9651K                  (1)3(  3.0)      25944235.8
c  227   9651K                  (1)2(  2.0)      25946669.7
c  228   9651K                  (1)4(  4.0)      25948503.7
c  229   9651K                  (3)4(  5.0)      25948813.8
c  230   9651K                  (3)5(  6.0)      25949283.2
c  231   9651I                  (3)1(  0.0)      25958199.1
c  232   9651I                  (3)1(  1.0)      25969393.8
c  233   9651I                  (1)4(  4.0)      25974634.0
c  234   9651I                  (3)1(  2.0)      25977184.9
c  235   9651I                  (3)3(  3.0)      25980345.9
c  236   2455560651E            (3)2(  1.0)      26220765.4
c  237   2455560651E            (3)2(  2.0)      26235886.4
c  238   2455560651E            (3)4(  4.0)      26236234.3
c  239   2455560651E            (3)3(  3.0)      26247490.0
c  240   2455560651E            (3)4(  5.0)      26256356.2
c  241   2455560651E            (1)3(  3.0)      26267605.7
c  242   2455560651E            (3)3(  4.0)      26278002.5
c  243   9651J                  (3)5(  4.0)      26278440.6
c  244   9651J                  (3)3(  2.0)      26281547.4
c  245   2455560651E            (1)2(  2.0)      26283817.1
c  246   9651J                  (3)4(  3.0)      26289523.4
c  247   9651J                  (3)1(  2.0)      26291324.4
c  248   9651J                  (1)5(  5.0)      26296109.2
c  249   9651J                  (3)2(  3.0)      26300805.6
c  250   9651J                  (1)4(  4.0)      26303050.2
c  251   9651J                  (3)2(  1.0)      26308267.4
c  252   9651K                  (3)6(  5.0)      26460645.8
c  253   9651K                  (3)3(  2.0)      26463318.5
c  254   9651K                  (3)2(  3.0)      26463653.4
c  255   9651K                  (3)4(  3.0)      26466557.1
c  256   9651K                  (3)5(  4.0)      26467712.2
c  257   9651K                  (1)6(  6.0)      26467866.3
c  258   9651K                  (3)3(  4.0)      26472214.8
c  259   9651K                  (1)5(  5.0)      26473965.1
c  260   9651M                  (3)2(  3.0)      26955145.6
c  261   9651M                  (1)2(  2.0)      26956421.6
c  262   9651N                  (3)1(  2.0)      27085929.1
c  263   9651N                  (1)3(  3.0)      27086739.1
c  264   2455560651C            (3)2(  1.0)      27107370.6
c  265   2455560651C            (3)1(  0.0)      27137607.9
c  266   9651N                  (3)3(  4.0)      27217310.8
c  267   9651N                  (1)2(  2.0)      27219067.7
c  268   9651N                  (1)1(  1.0)      27219267.0
c  269   9651N                  (3)2(  3.0)      27221732.5
c  270   9651O                  (3)0(  1.0)      27407069.1
c  271   9651O                  (3)4(  4.0)      27410639.0
c  272   9651O                  (3)1(  2.0)      27411992.3
c  273   9651O                  (1)3(  3.0)      27413953.7
c  274   9651O                  (1)1(  1.0)      27437938.1
c  275   9651O                  (3)4(  5.0)      27439177.0
c  276   9651O                  (3)2(  3.0)      27442772.5
c  277   9651O                  (1)2(  2.0)      27443325.6
c  278   9651O                  (3)3(  4.0)      27444314.3
c  279   9651O                  (1)0(  0.0)      27465294.2
c  280   9651M                  (3)2(  2.0)      27478755.4
c  281   9651M                  (3)2(  1.0)      27479017.7
c  282   2455560651C            (3)1(  1.0)      27500098.7
c  283   2455560651C            (3)2(  2.0)      27504232.0
c  284   9651N                  (3)3(  2.0)      27609853.1
c  285   9651N                  (3)2(  1.0)      27612150.1
c  286   9651P                  (3)1(  0.0)      27618969.8
c  287   9651P                  (3)1(  1.0)      27622170.4
c  288   9651P                  (3)5(  5.0)      27625619.8
c  289   9651P                  (3)2(  2.0)      27626432.0
c  290   9651P                  (3)3(  3.0)      27629226.6
c  291   9651P                  (3)4(  4.0)      27630007.1
c  292   9651P                  (3)5(  6.0)      27634042.2
c  293   9651P                  (1)2(  2.0)      27635078.3
c  294   9651P                  (3)3(  4.0)      27639129.0
c  295   9651P                  (3)4(  5.0)      27640430.1
c  296   9651P                  (1)3(  3.0)      27640726.2
c  297   9651P                  (1)1(  1.0)      27658361.7
c  298   9651Q                  (3)2(  1.0)      27734200.9
c  299   9651Q                  (3)2(  2.0)      27736798.4
c  300   9651Q                  (3)6(  6.0)      27737114.6
c  301   9651N                  (3)1(  0.0)      27738249.9
c  302   9651Q                  (3)3(  3.0)      27739394.1
c  303   9651Q                  (3)6(  7.0)      27740844.0
c  304   9651Q                  (3)4(  4.0)      27740846.8
c  305   9651Q                  (3)5(  5.0)      27741005.8
c  306   9651N                  (3)1(  1.0)      27742130.9
c  307   9651N                  (3)3(  3.0)      27742363.5
c  308   9651Q                  (1)3(  3.0)      27742448.0
c  309   9651Q                  (1)2(  2.0)      27744352.5
c  310   9651N                  (3)2(  2.0)      27744943.6
c  311   9651Q                  (1)4(  4.0)      27745037.9
c  312   9651Q                  (3)4(  5.0)      27745102.9
c  313   9651Q                  (3)5(  6.0)      27745359.2
c  314   9651O                  (3)4(  3.0)      27934032.3
c  315   9651O                  (3)2(  1.0)      27934043.8
c  316   9651O                  (3)3(  2.0)      27939042.3
c  317   9651O                  (3)1(  0.0)      27951787.6
c  318   9651O                  (3)1(  1.0)      27961563.6
c  319   9651O                  (1)4(  4.0)      27964504.9
c  320   9651O                  (3)2(  2.0)      27966093.2
c  321   9651O                  (3)3(  3.0)      27967891.8
c  322   2455560651D            (3)3(  2.0)      28067618.8
c  323   2455560651D            (3)2(  1.0)      28075071.7
c  324   9651P                  (3)5(  4.0)      28148998.5
c  325   9651P                  (3)3(  2.0)      28150894.3
c  326   2455560651D            (3)1(  2.0)      28153442.4
c  327   9651P                  (3)4(  3.0)      28155468.3
c  328   2455560651D            (1)3(  3.0)      28155867.4
c  329   9651P                  (3)1(  2.0)      28157237.1
c  330   9651P                  (1)5(  5.0)      28160111.5
c  331   9651P                  (3)2(  3.0)      28162906.8
c  332   9651P                  (1)4(  4.0)      28164239.1
c  333   9651P                  (3)2(  1.0)      28165979.2
c  334   9651Q                  (3)6(  5.0)      28261483.7
c  335   9651Q                  (3)2(  3.0)      28263134.7
c  336   9651Q                  (3)3(  2.0)      28263335.9
c  337   9651Q                  (3)4(  3.0)      28264997.3
c  338   9651Q                  (3)5(  4.0)      28265857.7
c  339   9651Q                  (1)6(  6.0)      28266134.4
c  340   9651Q                  (3)3(  4.0)      28268667.3
c  341   9651Q                  (1)5(  5.0)      28269792.0
c  342   2455560651H            (3)0(  1.0)      28466530.7
c  343   2455560651H            (3)2(  2.0)      28468280.1
c  344   2455560651H            (3)2(  3.0)      28682170.8
c  345   2455560651H            (1)1(  1.0)      28682472.0
c  346   2455560651H            (3)1(  2.0)      28689864.1
c  347   2455560651H            (1)0(  0.0)      28705910.0
c  348   2455560651E            (3)4(  3.0)      28714522.1
c  349   2455560651E            (3)3(  2.0)      28730899.6
c  350   2455560651E            (3)2(  3.0)      28741788.9
c  351   2455560651E            (1)4(  4.0)      28746236.5
c  352   2455560651I            (3)1(  0.0)      28991643.0
c  353   2455560651I            (3)1(  1.0)      28998040.2
c  354   2455560651I            (3)3(  3.0)      28999248.9
c  355   2455560651I            (3)2(  2.0)      29003943.0
c  356   2455560651I            (3)3(  4.0)      29045582.7
c  357   2455560651I            (1)2(  2.0)      29048743.7
c  358   2455560651I            (1)1(  1.0)      29049431.4
c  359   2455560651I            (3)2(  3.0)      29053601.9
c  360   2455560651J            (3)2(  1.0)      29344599.9
c  361   2455560651J            (3)4(  4.0)      29352759.4
c  362   2455560651J            (3)2(  2.0)      29352818.1
c  363   2455560651J            (3)3(  3.0)      29358675.5
c  364   2455560651J            (3)4(  5.0)      29365099.6
c  365   2455560651J            (1)3(  3.0)      29370909.8
c  366   2455560651J            (3)3(  4.0)      29376231.0
c  367   2455560651J            (1)2(  2.0)      29378286.9
c  368   2455560651H            (3)2(  1.0)      30947181.6
c  369   2455560651H            (3)1(  0.0)      30961980.7
c  370   2455560651H            (3)1(  1.0)      31164274.4
c  371   2455560651H            (1)2(  2.0)      31165839.0
c  372   2455560651I            (3)3(  2.0)      31479266.6
c  373   2455560651I            (3)2(  1.0)      31483304.1
c  374   2455560651I            (3)1(  2.0)      31527654.7
c  375   2455560651I            (1)3(  3.0)      31528830.1
c  376   2455560651J            (3)4(  3.0)      31832760.2
c  377   2455560651J            (3)3(  2.0)      31840801.7
c  378   2455560651J            (3)2(  3.0)      31848611.3
c  379   2455560651J            (1)4(  4.0)      31850954.2
 
 
 
c-------------------------------------------------------------------------------
 
C  superstage partition information
C  ================================
C
C  element symbol   : W
C  parent template  : 
C  partition level  :  1
C  superstage label : 46
C
C  tabulation       : photon emissivity coefft (te,ne)
C  units            : ph. emis coef(cm^3 s^-1); te (ev); ne (cm^-3)
C
C  photon emissivity atomic transitions
C  ------------------------------------
C  
C   isel  wvlen(A)            transition                type  ispb nspb
C                                                             ispp nspp sz    tg pr wr
C  ----- ---------- ----------------------------------- ----- ---- ---- --    -- -- --
C      1   3.44241  358(1)1(  1.0)-  1(1)0(  0.0)       excit   1    1  46    92 49  1
C      2   3.55038  333(3)2(  1.0)-  1(1)0(  0.0)       excit   1    1  46    85 31  2
C      3   3.56188  323(3)2(  1.0)-  1(1)0(  0.0)       excit   1    1  46    84 42  3
C      4   3.61554  297(1)1(  1.0)-  1(1)0(  0.0)       excit   1    1  46    77 27  4
C      5   3.80109  251(3)2(  1.0)-  1(1)0(  0.0)       excit   1    1  46    65 16  5
C      6   3.87460  215(1)1(  1.0)-  1(1)0(  0.0)       excit   1    1  46    57 13  6
C      7   3.89431  202(1)1(  1.0)-  1(1)0(  0.0)       excit   1    1  46    55 23  7
C      8   4.30659  155(1)1(  1.0)-  1(1)0(  0.0)       excit   1    1  46    41  7  8
C      9   4.34835  145(3)3(  2.0)-  1(1)0(  0.0)       excit   1    1  46    40 29  9
C     10   4.39923  131(3)2(  1.0)-  1(1)0(  0.0)       excit   1    1  46    37  8 10
C     11   4.64287   93(3)2(  1.0)-  1(1)0(  0.0)       excit   1    1  46    27 11 11
C     12   4.85703   81(1)2(  2.0)-  1(1)0(  0.0)       excit   1    1  46    23 10 12
C     13   4.91642   73(1)2(  2.0)-  1(1)0(  0.0)       excit   1    1  46    21 47 13
C     14   5.19967   68(1)1(  1.0)-  1(1)0(  0.0)       excit   1    1  46    19  5 14
C     15   5.59135   60(3)1(  2.0)-  1(1)0(  0.0)       excit   1    1  46    16 40 15
C     16   5.68748   57(1)1(  1.0)-  1(1)0(  0.0)       excit   1    1  46    15  1 16
C     17   5.86308   49(3)2(  1.0)-  1(1)0(  0.0)       excit   1    1  46    14  2 17
C     18   5.86905   48(3)2(  2.0)-  1(1)0(  0.0)       excit   1    1  46    13 41 18
C     19   6.76893   15(3)1(  1.0)-  1(1)0(  0.0)       excit   1    1  46     5 22 19
C     20   7.00977   12(1)1(  1.0)-  1(1)0(  0.0)       excit   1    1  46     4  4 20
C     21   7.15892    9(3)2(  1.0)-  1(1)0(  0.0)       excit   1    1  46     3  3 21
C     22   7.59803    5(3)2(  2.0)-  1(1)0(  0.0)       excit   1    1  46     2 25 22
C     23   7.90963    3(1)2(  2.0)-  1(1)0(  0.0)       excit   1    1  46     1  9 23
C     24   11.6050  115(1)0(  0.0)-  9(3)2(  1.0)       excit   1    1  46  2099 28 24
C     25   12.6799  111(3)1(  0.0)- 12(1)1(  1.0)       excit   1    1  46  2792 33 25
C     26   13.9033  349(3)3(  2.0)- 93(3)2(  1.0)       excit   1    1  46 19255 46 26
C     27   14.1807  245(1)2(  2.0)- 68(1)1(  1.0)       excit   1    1  46 14269 30 27
C     28   16.4442  145(3)3(  2.0)- 43(1)2(  2.0)       excit   1    1  46  9261 38 28
C     29   16.8312  145(3)3(  2.0)- 49(3)2(  1.0)       excit   1    1  46 10508 20 29
C     30   17.1413  173(1)0(  0.0)- 68(1)1(  1.0)       excit   1    1  46 14230 37 30
C     31   18.4681  145(3)3(  2.0)- 57(1)1(  1.0)       excit   1    1  46 12149 45 31
C     32   18.7612   71(3)1(  0.0)- 12(1)1(  1.0)       excit   1    1  46  2765 15 32
C     33   24.8306   61(1)0(  0.0)-  9(3)2(  1.0)       excit   1    1  46  2061 12 33
C     34   26.8091   61(1)0(  0.0)- 12(1)1(  1.0)       excit   1    1  46  2757 21 34
C     35   31.0319   61(1)0(  0.0)- 15(3)1(  1.0)       excit   1    1  46  3320 50 35
C     36   43.8194   35(1)0(  0.0)-  9(3)2(  1.0)       excit   1    1  46  2045  6 36
C     37   50.3808   35(1)0(  0.0)- 12(1)1(  1.0)       excit   1    1  46  2741 14 37
C     38   50.4106   28(3)2(  1.0)-  9(3)2(  1.0)       excit   1    1  46  2041 39 38
C     39   56.1771   27(3)1(  0.0)-  9(3)2(  1.0)       excit   1    1  46  2040 36 39
C     40   60.7720   13(3)2(  3.0)-  2(3)2(  3.0)       excit   1    1  46   107 43 40
C     41   61.9794   11(1)2(  2.0)-  3(1)2(  2.0)       excit   1    1  46   396 24 41
C     42   62.0556   10(3)3(  4.0)-  2(3)2(  3.0)       excit   1    1  46   105 17 42
C     43   67.4367   27(3)1(  0.0)- 12(1)1(  1.0)       excit   1    1  46  2736 26 43
C     44   72.6145   25(1)2(  2.0)- 11(1)2(  2.0)       excit   1    1  46  2465 35 44
C     45   73.7063   81(1)2(  2.0)- 68(1)1(  1.0)       excit   1    1  46 14179 18 45
C     46   75.4598   43(1)2(  2.0)- 22(1)1(  1.0)       excit   1    1  46  5035 48 46
C     47   75.4685   22(1)1(  1.0)- 12(1)1(  1.0)       excit   1    1  46  2734 34 47
C     48   125.929    6(3)1(  2.0)-  2(3)2(  3.0)       excit   1    1  46   102 19 48
C     49   126.799    7(1)3(  3.0)-  3(1)2(  2.0)       excit   1    1  46   393 44 49
C     50   196.096    4(3)2(  1.0)-  3(1)2(  2.0)       excit   1    1  46   390 32 50
c-------------------------------------------------------------------------------
                                                                                
C  code     : adas810
C  producer : Adam Foster
C  date     : 15/05/09
                                                                                
c-------------------------------------------------------------------------------

C-----------------------------------------------------------------------
C                               OPEN-ADAS
C                               +++++++++
C
C This file has been downloaded from OPEN-ADAS (http://open.adas.ac.uk)
C on 24-Jul-2014.
C
C TERMS AND CONDITIONS
C --------------------
C
C The user of the OPEN-ADAS system and data (hereinafter "the User")
C accepts the following terms and conditions:
C
C   1. The University of Strathclyde uses all reasonable endeavours to
C      ensure the accuracy of the data provided and any information
C      given, but the University makes no warranty, expressed or implied
C      as to its accuracy, integrity, fitness for purpose and shall not
C      be responsible for the use to which the data is put by the User
C      and/or any consequences arising out of any inaccuracies or
C      omissions.
C
C   2. Any downloaded OPEN-ADAS file is made available for the
C      personal use of the User only.  It must not be used for any
C      commercial application, incorporated into any web site or in
C      any form re-distributed without express prior written permission
C      from the ADAS Project. In particular, but not by way of
C      limitation, it must not be:
C        *  inserted into a managed database structure,
C        *  redistributed along with a modelling or analysis code,
C        *  made available on a public website.
C
C Permission for OPEN-ADAS data incorporation in non-commercial
C code/system development for scientific advance will not be
C unreasonably withheld, but will be subject to written agreement
C on a case by case basis.
C
C The User will indemnify the University of Strathclyde and keep it
C fully and effectively indemnified against each and every claim made
C against the University as a result of the User's use of the data.
C
C-----------------------------------------------------------------------
