   50    /W :45 photon emissivity coefficients/
--------------------------------------------------------------------------------
    1    1    1    1    1    1    1    1    1    1    1    1    1    1
    1    1    1    1    1    1    1    1    1    1    1    1    1    1
    1    1    1    1    1    1    1    1    1    1    1    1    1    1
    1    1    1    1    1    1    1    1    1    1    1    1    1    1
    1    1    1    1    1    1    1    1    1    1    1    1    1    1
    1    1    1    1    1
--------------------------------------------------------------------------------
//#01/p00/ 00/p01/ 01/p02/ 02/p03/ 03/p04/ 04/p05/ 05/p06/ 06/p07/ 07/p08/ 08/  
      p09/ 09/p10/ 10/p11/ 11/p12/ 12/p13/ 13/p14/ 14/p15/ 15/p16/ 16/p17/ 17/  
      p18/ 18/p19/ 19/p20/ 20/p21/ 21/p22/ 22/p23/ 23/p24/ 24/p25/ 25/p26/ 26/  
      p27/ 27/p28/ 28/p29/ 29/p30/ 30/p31/ 31/p32/ 32/p33/ 33/p34/ 34/p35/ 35/  
      p36/ 36/p37/ 37/p38/ 38/p39/ 39/p40/ 40/p41/ 41/p42/ 42/p43/ 43/p44/ 44/  
      p45/ 45/p46/ 46/p47/ 47/p48/ 48/p49/ 49/p50/ 50/p51/ 51/p52/ 52/p53/ 53/  
      p54/ 54/p55/ 55/p56/ 56/p57/ 57/p58/ 58/p59/ 59/p60/ 60/p61/ 61/p62/ 62/  
      p63/ 63/p64/ 64/p65/ 65/p66/ 66/p67/ 67/p68/ 68/p69/ 69/p70/ 70/p71/ 71/  
      p72/ 72/p73/ 73/p74/ 74/                                                  
--------------------------------------------------------------------------------
  4.35413    7  14 /pl=01:ss=45:pb= 1:sz=45/type=excit/ispb = t/isel =    1
 1.00E+10 1.00E+11 1.00E+12 1.00E+13 1.00E+14 1.00E+15 1.00E+16
 3.65E+01 5.47E+01 9.12E+01 1.82E+02 3.65E+02 9.12E+02 1.82E+03 2.73E+03
 3.65E+03 5.47E+03 9.12E+03 1.82E+04 3.65E+04 5.47E+04
 1.00E-74 1.92E-33 1.64E-24 7.08E-18 1.24E-14 8.81E-13 3.16E-12 4.59E-12
 5.44E-12 6.30E-12 6.85E-12 6.94E-12 6.54E-12 6.16E-12
 1.00E-74 1.92E-33 1.64E-24 7.08E-18 1.24E-14 8.81E-13 3.16E-12 4.59E-12
 5.44E-12 6.30E-12 6.85E-12 6.94E-12 6.54E-12 6.16E-12
 1.00E-74 1.92E-33 1.64E-24 7.08E-18 1.24E-14 8.81E-13 3.16E-12 4.59E-12
 5.44E-12 6.30E-12 6.85E-12 6.94E-12 6.54E-12 6.16E-12
 1.84E-44 1.92E-33 1.64E-24 7.08E-18 1.24E-14 8.81E-13 3.16E-12 4.59E-12
 5.44E-12 6.30E-12 6.85E-12 6.94E-12 6.54E-12 6.16E-12
 1.10E-44 1.92E-33 1.64E-24 7.08E-18 1.24E-14 8.81E-13 3.16E-12 4.59E-12
 5.44E-12 6.30E-12 6.85E-12 6.94E-12 6.54E-12 6.16E-12
 1.17E-44 1.92E-33 1.64E-24 7.08E-18 1.24E-14 8.81E-13 3.16E-12 4.59E-12
 5.44E-12 6.29E-12 6.84E-12 6.94E-12 6.53E-12 6.16E-12
 1.17E-44 1.92E-33 1.64E-24 7.08E-18 1.24E-14 8.80E-13 3.15E-12 4.57E-12
 5.41E-12 6.26E-12 6.81E-12 6.90E-12 6.51E-12 6.13E-12
  4.35448    7  14 /pl=01:ss=45:pb= 1:sz=45/type=excit/ispb = t/isel =    2
 1.00E+10 1.00E+11 1.00E+12 1.00E+13 1.00E+14 1.00E+15 1.00E+16
 3.65E+01 5.47E+01 9.12E+01 1.82E+02 3.65E+02 9.12E+02 1.82E+03 2.73E+03
 3.65E+03 5.47E+03 9.12E+03 1.82E+04 3.65E+04 5.47E+04
 1.00E-74 3.79E-33 3.24E-24 1.39E-17 2.44E-14 1.74E-12 6.21E-12 9.04E-12
 1.07E-11 1.24E-11 1.34E-11 1.36E-11 1.29E-11 1.21E-11
 1.00E-74 3.79E-33 3.24E-24 1.39E-17 2.44E-14 1.74E-12 6.21E-12 9.04E-12
 1.07E-11 1.24E-11 1.34E-11 1.36E-11 1.29E-11 1.21E-11
 1.00E-74 3.79E-33 3.24E-24 1.39E-17 2.44E-14 1.74E-12 6.21E-12 9.04E-12
 1.07E-11 1.24E-11 1.34E-11 1.36E-11 1.29E-11 1.21E-11
 1.81E-44 3.79E-33 3.24E-24 1.39E-17 2.44E-14 1.74E-12 6.21E-12 9.04E-12
 1.07E-11 1.24E-11 1.34E-11 1.36E-11 1.29E-11 1.21E-11
 2.35E-44 3.79E-33 3.24E-24 1.39E-17 2.44E-14 1.74E-12 6.21E-12 9.04E-12
 1.07E-11 1.24E-11 1.34E-11 1.36E-11 1.29E-11 1.21E-11
 2.31E-44 3.79E-33 3.24E-24 1.39E-17 2.44E-14 1.74E-12 6.21E-12 9.04E-12
 1.07E-11 1.24E-11 1.34E-11 1.36E-11 1.28E-11 1.21E-11
 2.31E-44 3.79E-33 3.24E-24 1.39E-17 2.44E-14 1.74E-12 6.19E-12 9.00E-12
 1.06E-11 1.23E-11 1.34E-11 1.36E-11 1.28E-11 1.21E-11
  4.44849    7  14 /pl=01:ss=45:pb= 1:sz=45/type=excit/ispb = t/isel =    3
 1.00E+10 1.00E+11 1.00E+12 1.00E+13 1.00E+14 1.00E+15 1.00E+16
 3.65E+01 5.47E+01 9.12E+01 1.82E+02 3.65E+02 9.12E+02 1.82E+03 2.73E+03
 3.65E+03 5.47E+03 9.12E+03 1.82E+04 3.65E+04 5.47E+04
 1.00E-74 9.93E-33 5.46E-24 1.69E-17 2.52E-14 1.62E-12 5.61E-12 8.06E-12
 9.48E-12 1.09E-11 1.18E-11 1.19E-11 1.12E-11 1.05E-11
 1.00E-74 9.93E-33 5.46E-24 1.69E-17 2.52E-14 1.62E-12 5.61E-12 8.06E-12
 9.48E-12 1.09E-11 1.18E-11 1.19E-11 1.12E-11 1.05E-11
 1.49E-43 9.93E-33 5.46E-24 1.69E-17 2.52E-14 1.62E-12 5.61E-12 8.06E-12
 9.48E-12 1.09E-11 1.18E-11 1.19E-11 1.12E-11 1.05E-11
 1.04E-43 9.93E-33 5.46E-24 1.69E-17 2.52E-14 1.62E-12 5.61E-12 8.06E-12
 9.48E-12 1.09E-11 1.18E-11 1.19E-11 1.12E-11 1.05E-11
 1.05E-43 9.93E-33 5.46E-24 1.69E-17 2.52E-14 1.62E-12 5.61E-12 8.06E-12
 9.48E-12 1.09E-11 1.18E-11 1.19E-11 1.12E-11 1.05E-11
 1.05E-43 9.93E-33 5.46E-24 1.69E-17 2.52E-14 1.62E-12 5.61E-12 8.05E-12
 9.47E-12 1.09E-11 1.18E-11 1.19E-11 1.12E-11 1.05E-11
 1.05E-43 9.93E-33 5.46E-24 1.69E-17 2.52E-14 1.61E-12 5.59E-12 8.02E-12
 9.43E-12 1.08E-11 1.17E-11 1.19E-11 1.11E-11 1.05E-11
  4.44972    7  14 /pl=01:ss=45:pb= 1:sz=45/type=excit/ispb = t/isel =    4
 1.00E+10 1.00E+11 1.00E+12 1.00E+13 1.00E+14 1.00E+15 1.00E+16
 3.65E+01 5.47E+01 9.12E+01 1.82E+02 3.65E+02 9.12E+02 1.82E+03 2.73E+03
 3.65E+03 5.47E+03 9.12E+03 1.82E+04 3.65E+04 5.47E+04
 1.00E-74 5.02E-33 2.74E-24 8.46E-18 1.26E-14 8.10E-13 2.79E-12 4.02E-12
 4.75E-12 5.44E-12 5.89E-12 5.96E-12 5.58E-12 5.25E-12
 1.00E-74 5.02E-33 2.74E-24 8.46E-18 1.26E-14 8.10E-13 2.79E-12 4.02E-12
 4.75E-12 5.44E-12 5.89E-12 5.96E-12 5.58E-12 5.25E-12
 1.00E-74 5.02E-33 2.74E-24 8.46E-18 1.26E-14 8.10E-13 2.79E-12 4.02E-12
 4.75E-12 5.44E-12 5.89E-12 5.96E-12 5.58E-12 5.25E-12
 5.89E-44 5.02E-33 2.74E-24 8.46E-18 1.26E-14 8.10E-13 2.79E-12 4.02E-12
 4.75E-12 5.44E-12 5.89E-12 5.96E-12 5.58E-12 5.25E-12
 5.30E-44 5.02E-33 2.74E-24 8.46E-18 1.26E-14 8.10E-13 2.79E-12 4.02E-12
 4.75E-12 5.44E-12 5.89E-12 5.96E-12 5.58E-12 5.25E-12
 5.34E-44 5.02E-33 2.74E-24 8.46E-18 1.26E-14 8.10E-13 2.79E-12 4.02E-12
 4.74E-12 5.44E-12 5.89E-12 5.95E-12 5.58E-12 5.25E-12
 5.34E-44 5.02E-33 2.74E-24 8.46E-18 1.26E-14 8.09E-13 2.78E-12 4.01E-12
 4.72E-12 5.41E-12 5.86E-12 5.93E-12 5.56E-12 5.23E-12
  4.67009    7  14 /pl=01:ss=45:pb= 1:sz=45/type=excit/ispb = t/isel =    5
 1.00E+10 1.00E+11 1.00E+12 1.00E+13 1.00E+14 1.00E+15 1.00E+16
 3.65E+01 5.47E+01 9.12E+01 1.82E+02 3.65E+02 9.12E+02 1.82E+03 2.73E+03
 3.65E+03 5.47E+03 9.12E+03 1.82E+04 3.65E+04 5.47E+04
 1.00E-74 2.23E-32 4.70E-24 7.17E-18 7.92E-15 4.79E-13 1.75E-12 2.64E-12
 3.23E-12 3.95E-12 4.65E-12 5.26E-12 5.42E-12 5.35E-12
 9.02E-43 2.23E-32 4.70E-24 7.17E-18 7.92E-15 4.79E-13 1.75E-12 2.64E-12
 3.23E-12 3.95E-12 4.65E-12 5.26E-12 5.42E-12 5.35E-12
 8.12E-43 2.23E-32 4.70E-24 7.17E-18 7.92E-15 4.79E-13 1.75E-12 2.64E-12
 3.23E-12 3.95E-12 4.65E-12 5.26E-12 5.42E-12 5.35E-12
 7.85E-43 2.23E-32 4.70E-24 7.17E-18 7.92E-15 4.79E-13 1.75E-12 2.64E-12
 3.23E-12 3.95E-12 4.65E-12 5.26E-12 5.42E-12 5.35E-12
 7.87E-43 2.23E-32 4.70E-24 7.17E-18 7.92E-15 4.79E-13 1.75E-12 2.64E-12
 3.23E-12 3.95E-12 4.65E-12 5.26E-12 5.42E-12 5.35E-12
 7.87E-43 2.23E-32 4.70E-24 7.17E-18 7.92E-15 4.79E-13 1.75E-12 2.64E-12
 3.23E-12 3.95E-12 4.65E-12 5.25E-12 5.42E-12 5.35E-12
 7.87E-43 2.23E-32 4.70E-24 7.16E-18 7.92E-15 4.78E-13 1.74E-12 2.63E-12
 3.22E-12 3.93E-12 4.63E-12 5.23E-12 5.40E-12 5.33E-12
  4.67422    7  14 /pl=01:ss=45:pb= 1:sz=45/type=excit/ispb = t/isel =    6
 1.00E+10 1.00E+11 1.00E+12 1.00E+13 1.00E+14 1.00E+15 1.00E+16
 3.65E+01 5.47E+01 9.12E+01 1.82E+02 3.65E+02 9.12E+02 1.82E+03 2.73E+03
 3.65E+03 5.47E+03 9.12E+03 1.82E+04 3.65E+04 5.47E+04
 1.00E-74 1.23E-32 2.55E-24 3.86E-18 4.26E-15 2.60E-13 9.55E-13 1.44E-12
 1.76E-12 2.15E-12 2.52E-12 2.82E-12 2.90E-12 2.87E-12
 1.00E-74 1.23E-32 2.55E-24 3.86E-18 4.26E-15 2.60E-13 9.55E-13 1.44E-12
 1.76E-12 2.15E-12 2.52E-12 2.82E-12 2.90E-12 2.87E-12
 4.76E-43 1.23E-32 2.55E-24 3.86E-18 4.26E-15 2.60E-13 9.55E-13 1.44E-12
 1.76E-12 2.15E-12 2.52E-12 2.82E-12 2.90E-12 2.87E-12
 4.47E-43 1.23E-32 2.55E-24 3.86E-18 4.26E-15 2.60E-13 9.55E-13 1.44E-12
 1.76E-12 2.15E-12 2.52E-12 2.82E-12 2.90E-12 2.87E-12
 4.44E-43 1.23E-32 2.55E-24 3.86E-18 4.26E-15 2.60E-13 9.55E-13 1.44E-12
 1.76E-12 2.15E-12 2.52E-12 2.82E-12 2.90E-12 2.87E-12
 4.44E-43 1.23E-32 2.55E-24 3.86E-18 4.26E-15 2.60E-13 9.54E-13 1.44E-12
 1.76E-12 2.14E-12 2.52E-12 2.82E-12 2.90E-12 2.87E-12
 4.44E-43 1.23E-32 2.55E-24 3.86E-18 4.26E-15 2.59E-13 9.51E-13 1.43E-12
 1.75E-12 2.13E-12 2.51E-12 2.81E-12 2.89E-12 2.86E-12
  5.22470    7  14 /pl=01:ss=45:pb= 1:sz=45/type=excit/ispb = t/isel =    7
 1.00E+10 1.00E+11 1.00E+12 1.00E+13 1.00E+14 1.00E+15 1.00E+16
 3.65E+01 5.47E+01 9.12E+01 1.82E+02 3.65E+02 9.12E+02 1.82E+03 2.73E+03
 3.65E+03 5.47E+03 9.12E+03 1.82E+04 3.65E+04 5.47E+04
 5.04E-40 1.10E-30 3.03E-23 1.05E-17 5.76E-15 2.37E-13 7.63E-13 1.09E-12
 1.28E-12 1.49E-12 1.66E-12 1.73E-12 1.69E-12 1.62E-12
 5.04E-40 1.10E-30 3.03E-23 1.05E-17 5.76E-15 2.37E-13 7.63E-13 1.09E-12
 1.28E-12 1.49E-12 1.66E-12 1.73E-12 1.69E-12 1.62E-12
 5.04E-40 1.10E-30 3.03E-23 1.05E-17 5.76E-15 2.37E-13 7.63E-13 1.09E-12
 1.28E-12 1.49E-12 1.66E-12 1.73E-12 1.69E-12 1.62E-12
 5.04E-40 1.10E-30 3.03E-23 1.05E-17 5.76E-15 2.37E-13 7.63E-13 1.09E-12
 1.28E-12 1.49E-12 1.66E-12 1.73E-12 1.69E-12 1.62E-12
 5.04E-40 1.10E-30 3.03E-23 1.05E-17 5.76E-15 2.37E-13 7.63E-13 1.09E-12
 1.28E-12 1.49E-12 1.66E-12 1.73E-12 1.69E-12 1.62E-12
 5.04E-40 1.10E-30 3.03E-23 1.05E-17 5.76E-15 2.37E-13 7.63E-13 1.09E-12
 1.28E-12 1.49E-12 1.65E-12 1.73E-12 1.68E-12 1.62E-12
 5.04E-40 1.10E-30 3.03E-23 1.05E-17 5.76E-15 2.37E-13 7.60E-13 1.08E-12
 1.28E-12 1.49E-12 1.65E-12 1.73E-12 1.68E-12 1.61E-12
  5.22658    7  14 /pl=01:ss=45:pb= 1:sz=45/type=excit/ispb = t/isel =    8
 1.00E+10 1.00E+11 1.00E+12 1.00E+13 1.00E+14 1.00E+15 1.00E+16
 3.65E+01 5.47E+01 9.12E+01 1.82E+02 3.65E+02 9.12E+02 1.82E+03 2.73E+03
 3.65E+03 5.47E+03 9.12E+03 1.82E+04 3.65E+04 5.47E+04
 1.89E-39 4.05E-30 1.10E-22 3.74E-17 1.99E-14 7.84E-13 2.47E-12 3.52E-12
 4.16E-12 4.87E-12 5.47E-12 5.80E-12 5.73E-12 5.53E-12
 1.88E-39 4.05E-30 1.10E-22 3.74E-17 1.99E-14 7.84E-13 2.47E-12 3.52E-12
 4.16E-12 4.87E-12 5.47E-12 5.80E-12 5.73E-12 5.53E-12
 1.88E-39 4.05E-30 1.10E-22 3.74E-17 1.99E-14 7.84E-13 2.47E-12 3.52E-12
 4.16E-12 4.87E-12 5.47E-12 5.80E-12 5.73E-12 5.53E-12
 1.88E-39 4.05E-30 1.10E-22 3.74E-17 1.99E-14 7.84E-13 2.47E-12 3.52E-12
 4.16E-12 4.87E-12 5.47E-12 5.80E-12 5.73E-12 5.53E-12
 1.88E-39 4.05E-30 1.10E-22 3.74E-17 1.99E-14 7.84E-13 2.47E-12 3.52E-12
 4.16E-12 4.87E-12 5.47E-12 5.80E-12 5.73E-12 5.53E-12
 1.88E-39 4.05E-30 1.10E-22 3.74E-17 1.99E-14 7.84E-13 2.47E-12 3.51E-12
 4.16E-12 4.86E-12 5.47E-12 5.80E-12 5.72E-12 5.53E-12
 1.88E-39 4.05E-30 1.10E-22 3.74E-17 1.99E-14 7.83E-13 2.46E-12 3.50E-12
 4.14E-12 4.84E-12 5.44E-12 5.77E-12 5.70E-12 5.51E-12
  5.23545    7  14 /pl=01:ss=45:pb= 1:sz=45/type=excit/ispb = t/isel =    9
 1.00E+10 1.00E+11 1.00E+12 1.00E+13 1.00E+14 1.00E+15 1.00E+16
 3.65E+01 5.47E+01 9.12E+01 1.82E+02 3.65E+02 9.12E+02 1.82E+03 2.73E+03
 3.65E+03 5.47E+03 9.12E+03 1.82E+04 3.65E+04 5.47E+04
 4.32E-39 8.97E-30 2.32E-22 7.40E-17 3.80E-14 1.51E-12 4.80E-12 6.91E-12
 8.20E-12 9.66E-12 1.09E-11 1.17E-11 1.16E-11 1.12E-11
 4.31E-39 8.97E-30 2.32E-22 7.40E-17 3.80E-14 1.51E-12 4.80E-12 6.91E-12
 8.20E-12 9.66E-12 1.09E-11 1.17E-11 1.16E-11 1.12E-11
 4.31E-39 8.97E-30 2.32E-22 7.40E-17 3.80E-14 1.51E-12 4.80E-12 6.91E-12
 8.20E-12 9.66E-12 1.09E-11 1.17E-11 1.16E-11 1.12E-11
 4.31E-39 8.97E-30 2.32E-22 7.40E-17 3.80E-14 1.51E-12 4.80E-12 6.91E-12
 8.20E-12 9.66E-12 1.09E-11 1.17E-11 1.16E-11 1.12E-11
 4.31E-39 8.97E-30 2.32E-22 7.40E-17 3.80E-14 1.51E-12 4.80E-12 6.91E-12
 8.20E-12 9.66E-12 1.09E-11 1.17E-11 1.16E-11 1.12E-11
 4.31E-39 8.97E-30 2.32E-22 7.40E-17 3.80E-14 1.51E-12 4.80E-12 6.91E-12
 8.20E-12 9.65E-12 1.09E-11 1.17E-11 1.16E-11 1.12E-11
 4.31E-39 8.97E-30 2.32E-22 7.40E-17 3.80E-14 1.51E-12 4.78E-12 6.88E-12
 8.16E-12 9.61E-12 1.08E-11 1.16E-11 1.16E-11 1.12E-11
  5.37580    7  14 /pl=01:ss=45:pb= 1:sz=45/type=excit/ispb = t/isel =   10
 1.00E+10 1.00E+11 1.00E+12 1.00E+13 1.00E+14 1.00E+15 1.00E+16
 3.65E+01 5.47E+01 9.12E+01 1.82E+02 3.65E+02 9.12E+02 1.82E+03 2.73E+03
 3.65E+03 5.47E+03 9.12E+03 1.82E+04 3.65E+04 5.47E+04
 1.00E-74 1.20E-33 9.58E-25 3.90E-18 6.67E-15 4.58E-13 1.57E-12 2.21E-12
 2.54E-12 2.77E-12 2.78E-12 2.45E-12 1.98E-12 1.71E-12
 1.00E-74 1.20E-33 9.58E-25 3.90E-18 6.67E-15 4.58E-13 1.57E-12 2.21E-12
 2.54E-12 2.77E-12 2.78E-12 2.45E-12 1.98E-12 1.71E-12
 1.00E-74 1.20E-33 9.58E-25 3.90E-18 6.67E-15 4.58E-13 1.57E-12 2.21E-12
 2.54E-12 2.77E-12 2.78E-12 2.45E-12 1.98E-12 1.71E-12
 7.99E-45 1.20E-33 9.58E-25 3.90E-18 6.67E-15 4.58E-13 1.57E-12 2.21E-12
 2.54E-12 2.77E-12 2.78E-12 2.45E-12 1.98E-12 1.71E-12
 7.99E-45 1.20E-33 9.58E-25 3.90E-18 6.67E-15 4.58E-13 1.57E-12 2.21E-12
 2.54E-12 2.77E-12 2.78E-12 2.45E-12 1.98E-12 1.71E-12
 7.96E-45 1.20E-33 9.58E-25 3.90E-18 6.67E-15 4.58E-13 1.57E-12 2.21E-12
 2.54E-12 2.77E-12 2.78E-12 2.44E-12 1.98E-12 1.70E-12
 7.96E-45 1.20E-33 9.58E-25 3.90E-18 6.67E-15 4.57E-13 1.57E-12 2.20E-12
 2.53E-12 2.76E-12 2.77E-12 2.43E-12 1.97E-12 1.70E-12
  5.72088    7  14 /pl=01:ss=45:pb= 1:sz=45/type=excit/ispb = t/isel =   11
 1.00E+10 1.00E+11 1.00E+12 1.00E+13 1.00E+14 1.00E+15 1.00E+16
 3.65E+01 5.47E+01 9.12E+01 1.82E+02 3.65E+02 9.12E+02 1.82E+03 2.73E+03
 3.65E+03 5.47E+03 9.12E+03 1.82E+04 3.65E+04 5.47E+04
 1.54E-35 5.05E-27 3.00E-20 3.10E-15 8.49E-13 2.01E-11 5.10E-11 6.73E-11
 7.62E-11 8.54E-11 9.17E-11 9.34E-11 8.89E-11 8.44E-11
 1.54E-35 5.05E-27 3.00E-20 3.10E-15 8.49E-13 2.01E-11 5.10E-11 6.73E-11
 7.62E-11 8.54E-11 9.17E-11 9.34E-11 8.89E-11 8.44E-11
 1.54E-35 5.05E-27 3.00E-20 3.10E-15 8.49E-13 2.01E-11 5.10E-11 6.73E-11
 7.62E-11 8.54E-11 9.17E-11 9.34E-11 8.89E-11 8.44E-11
 1.54E-35 5.05E-27 3.00E-20 3.10E-15 8.49E-13 2.01E-11 5.10E-11 6.73E-11
 7.62E-11 8.54E-11 9.17E-11 9.34E-11 8.89E-11 8.44E-11
 1.54E-35 5.05E-27 3.00E-20 3.10E-15 8.49E-13 2.01E-11 5.10E-11 6.73E-11
 7.62E-11 8.54E-11 9.17E-11 9.34E-11 8.89E-11 8.44E-11
 1.54E-35 5.05E-27 3.00E-20 3.10E-15 8.49E-13 2.01E-11 5.10E-11 6.72E-11
 7.61E-11 8.53E-11 9.17E-11 9.33E-11 8.89E-11 8.44E-11
 1.54E-35 5.05E-27 3.00E-20 3.10E-15 8.49E-13 2.01E-11 5.09E-11 6.70E-11
 7.58E-11 8.49E-11 9.12E-11 9.29E-11 8.85E-11 8.41E-11
  5.72416    7  14 /pl=01:ss=45:pb= 1:sz=45/type=excit/ispb = t/isel =   12
 1.00E+10 1.00E+11 1.00E+12 1.00E+13 1.00E+14 1.00E+15 1.00E+16
 3.65E+01 5.47E+01 9.12E+01 1.82E+02 3.65E+02 9.12E+02 1.82E+03 2.73E+03
 3.65E+03 5.47E+03 9.12E+03 1.82E+04 3.65E+04 5.47E+04
 8.25E-36 2.68E-27 1.57E-20 1.61E-15 4.42E-13 1.05E-11 2.67E-11 3.51E-11
 3.99E-11 4.45E-11 4.78E-11 4.86E-11 4.64E-11 4.39E-11
 8.25E-36 2.68E-27 1.57E-20 1.61E-15 4.42E-13 1.05E-11 2.67E-11 3.51E-11
 3.99E-11 4.45E-11 4.78E-11 4.86E-11 4.64E-11 4.39E-11
 8.25E-36 2.68E-27 1.57E-20 1.61E-15 4.42E-13 1.05E-11 2.67E-11 3.51E-11
 3.99E-11 4.45E-11 4.78E-11 4.86E-11 4.64E-11 4.39E-11
 8.25E-36 2.68E-27 1.57E-20 1.61E-15 4.42E-13 1.05E-11 2.66E-11 3.51E-11
 3.99E-11 4.45E-11 4.78E-11 4.86E-11 4.64E-11 4.39E-11
 8.25E-36 2.68E-27 1.57E-20 1.61E-15 4.42E-13 1.05E-11 2.66E-11 3.51E-11
 3.99E-11 4.45E-11 4.77E-11 4.86E-11 4.64E-11 4.39E-11
 8.25E-36 2.68E-27 1.57E-20 1.61E-15 4.42E-13 1.05E-11 2.66E-11 3.51E-11
 3.99E-11 4.45E-11 4.77E-11 4.86E-11 4.64E-11 4.39E-11
 8.25E-36 2.67E-27 1.57E-20 1.61E-15 4.42E-13 1.05E-11 2.66E-11 3.50E-11
 3.97E-11 4.43E-11 4.75E-11 4.84E-11 4.62E-11 4.38E-11
  5.76950    7  14 /pl=01:ss=45:pb= 1:sz=45/type=excit/ispb = t/isel =   13
 1.00E+10 1.00E+11 1.00E+12 1.00E+13 1.00E+14 1.00E+15 1.00E+16
 3.65E+01 5.47E+01 9.12E+01 1.82E+02 3.65E+02 9.12E+02 1.82E+03 2.73E+03
 3.65E+03 5.47E+03 9.12E+03 1.82E+04 3.65E+04 5.47E+04
 4.11E-37 1.14E-28 5.92E-22 5.70E-17 1.65E-14 4.55E-13 1.24E-12 1.67E-12
 1.90E-12 2.10E-12 2.20E-12 2.15E-12 1.96E-12 1.81E-12
 4.11E-37 1.14E-28 5.92E-22 5.70E-17 1.65E-14 4.55E-13 1.24E-12 1.67E-12
 1.90E-12 2.10E-12 2.20E-12 2.15E-12 1.96E-12 1.81E-12
 4.11E-37 1.14E-28 5.92E-22 5.70E-17 1.65E-14 4.55E-13 1.24E-12 1.67E-12
 1.90E-12 2.10E-12 2.20E-12 2.15E-12 1.96E-12 1.81E-12
 4.11E-37 1.14E-28 5.92E-22 5.70E-17 1.65E-14 4.55E-13 1.24E-12 1.67E-12
 1.90E-12 2.10E-12 2.20E-12 2.15E-12 1.96E-12 1.81E-12
 4.11E-37 1.14E-28 5.92E-22 5.70E-17 1.65E-14 4.55E-13 1.24E-12 1.67E-12
 1.90E-12 2.10E-12 2.20E-12 2.15E-12 1.96E-12 1.81E-12
 4.11E-37 1.14E-28 5.92E-22 5.70E-17 1.65E-14 4.55E-13 1.24E-12 1.67E-12
 1.90E-12 2.10E-12 2.20E-12 2.14E-12 1.95E-12 1.81E-12
 4.11E-37 1.14E-28 5.92E-22 5.69E-17 1.65E-14 4.54E-13 1.24E-12 1.66E-12
 1.89E-12 2.09E-12 2.19E-12 2.13E-12 1.95E-12 1.80E-12
  5.89862    7  14 /pl=01:ss=45:pb= 1:sz=45/type=excit/ispb = t/isel =   14
 1.00E+10 1.00E+11 1.00E+12 1.00E+13 1.00E+14 1.00E+15 1.00E+16
 3.65E+01 5.47E+01 9.12E+01 1.82E+02 3.65E+02 9.12E+02 1.82E+03 2.73E+03
 3.65E+03 5.47E+03 9.12E+03 1.82E+04 3.65E+04 5.47E+04
 3.54E-35 6.39E-27 2.35E-20 1.70E-15 3.94E-13 8.52E-12 2.11E-11 2.76E-11
 3.11E-11 3.45E-11 3.69E-11 3.70E-11 3.50E-11 3.29E-11
 3.54E-35 6.39E-27 2.35E-20 1.70E-15 3.94E-13 8.52E-12 2.11E-11 2.76E-11
 3.11E-11 3.45E-11 3.69E-11 3.70E-11 3.50E-11 3.29E-11
 3.54E-35 6.39E-27 2.35E-20 1.70E-15 3.94E-13 8.52E-12 2.11E-11 2.76E-11
 3.11E-11 3.45E-11 3.69E-11 3.70E-11 3.50E-11 3.29E-11
 3.54E-35 6.39E-27 2.35E-20 1.70E-15 3.94E-13 8.52E-12 2.11E-11 2.76E-11
 3.11E-11 3.45E-11 3.69E-11 3.70E-11 3.50E-11 3.29E-11
 3.54E-35 6.39E-27 2.35E-20 1.70E-15 3.94E-13 8.52E-12 2.11E-11 2.76E-11
 3.11E-11 3.45E-11 3.69E-11 3.70E-11 3.50E-11 3.29E-11
 3.54E-35 6.39E-27 2.35E-20 1.70E-15 3.94E-13 8.52E-12 2.11E-11 2.75E-11
 3.10E-11 3.45E-11 3.68E-11 3.70E-11 3.49E-11 3.29E-11
 3.54E-35 6.39E-27 2.35E-20 1.70E-15 3.94E-13 8.51E-12 2.10E-11 2.74E-11
 3.09E-11 3.43E-11 3.67E-11 3.68E-11 3.48E-11 3.28E-11
  5.89931    7  14 /pl=01:ss=45:pb= 1:sz=45/type=excit/ispb = t/isel =   15
 1.00E+10 1.00E+11 1.00E+12 1.00E+13 1.00E+14 1.00E+15 1.00E+16
 3.65E+01 5.47E+01 9.12E+01 1.82E+02 3.65E+02 9.12E+02 1.82E+03 2.73E+03
 3.65E+03 5.47E+03 9.12E+03 1.82E+04 3.65E+04 5.47E+04
 1.73E-35 3.11E-27 1.14E-20 8.31E-16 1.95E-13 4.28E-12 1.07E-11 1.40E-11
 1.57E-11 1.75E-11 1.85E-11 1.86E-11 1.75E-11 1.64E-11
 1.73E-35 3.11E-27 1.14E-20 8.31E-16 1.95E-13 4.28E-12 1.07E-11 1.40E-11
 1.57E-11 1.75E-11 1.85E-11 1.86E-11 1.75E-11 1.64E-11
 1.73E-35 3.11E-27 1.14E-20 8.31E-16 1.95E-13 4.28E-12 1.07E-11 1.40E-11
 1.57E-11 1.75E-11 1.85E-11 1.86E-11 1.75E-11 1.64E-11
 1.73E-35 3.11E-27 1.14E-20 8.31E-16 1.95E-13 4.28E-12 1.07E-11 1.40E-11
 1.57E-11 1.75E-11 1.85E-11 1.86E-11 1.75E-11 1.64E-11
 1.73E-35 3.11E-27 1.14E-20 8.31E-16 1.95E-13 4.28E-12 1.07E-11 1.40E-11
 1.57E-11 1.75E-11 1.85E-11 1.86E-11 1.75E-11 1.64E-11
 1.73E-35 3.11E-27 1.14E-20 8.31E-16 1.95E-13 4.28E-12 1.07E-11 1.40E-11
 1.57E-11 1.75E-11 1.85E-11 1.85E-11 1.74E-11 1.64E-11
 1.73E-35 3.11E-27 1.14E-20 8.31E-16 1.95E-13 4.27E-12 1.07E-11 1.39E-11
 1.57E-11 1.74E-11 1.84E-11 1.85E-11 1.74E-11 1.64E-11
  6.16782    7  14 /pl=01:ss=45:pb= 1:sz=45/type=excit/ispb = t/isel =   16
 1.00E+10 1.00E+11 1.00E+12 1.00E+13 1.00E+14 1.00E+15 1.00E+16
 3.65E+01 5.47E+01 9.12E+01 1.82E+02 3.65E+02 9.12E+02 1.82E+03 2.73E+03
 3.65E+03 5.47E+03 9.12E+03 1.82E+04 3.65E+04 5.47E+04
 2.32E-41 2.34E-31 2.15E-23 1.73E-17 1.31E-14 5.50E-13 1.61E-12 2.14E-12
 2.39E-12 2.53E-12 2.46E-12 2.11E-12 1.68E-12 1.43E-12
 2.33E-41 2.34E-31 2.15E-23 1.73E-17 1.31E-14 5.50E-13 1.61E-12 2.14E-12
 2.39E-12 2.53E-12 2.46E-12 2.11E-12 1.68E-12 1.43E-12
 2.33E-41 2.34E-31 2.15E-23 1.73E-17 1.31E-14 5.50E-13 1.61E-12 2.14E-12
 2.39E-12 2.53E-12 2.46E-12 2.11E-12 1.68E-12 1.43E-12
 2.33E-41 2.34E-31 2.15E-23 1.73E-17 1.31E-14 5.50E-13 1.61E-12 2.14E-12
 2.39E-12 2.53E-12 2.46E-12 2.11E-12 1.68E-12 1.43E-12
 2.33E-41 2.34E-31 2.15E-23 1.73E-17 1.31E-14 5.50E-13 1.61E-12 2.14E-12
 2.39E-12 2.53E-12 2.46E-12 2.11E-12 1.68E-12 1.43E-12
 2.33E-41 2.34E-31 2.15E-23 1.73E-17 1.31E-14 5.50E-13 1.61E-12 2.14E-12
 2.38E-12 2.53E-12 2.46E-12 2.11E-12 1.68E-12 1.43E-12
 2.33E-41 2.34E-31 2.15E-23 1.73E-17 1.31E-14 5.49E-13 1.60E-12 2.13E-12
 2.37E-12 2.52E-12 2.45E-12 2.10E-12 1.67E-12 1.43E-12
  6.18609    7  14 /pl=01:ss=45:pb= 1:sz=45/type=excit/ispb = t/isel =   17
 1.00E+10 1.00E+11 1.00E+12 1.00E+13 1.00E+14 1.00E+15 1.00E+16
 3.65E+01 5.47E+01 9.12E+01 1.82E+02 3.65E+02 9.12E+02 1.82E+03 2.73E+03
 3.65E+03 5.47E+03 9.12E+03 1.82E+04 3.65E+04 5.47E+04
 5.61E-41 5.66E-31 5.20E-23 4.17E-17 3.16E-14 1.33E-12 3.88E-12 5.18E-12
 5.76E-12 6.12E-12 5.95E-12 5.10E-12 4.06E-12 3.46E-12
 5.62E-41 5.66E-31 5.20E-23 4.17E-17 3.16E-14 1.33E-12 3.88E-12 5.18E-12
 5.76E-12 6.12E-12 5.95E-12 5.10E-12 4.06E-12 3.46E-12
 5.62E-41 5.66E-31 5.20E-23 4.17E-17 3.16E-14 1.33E-12 3.88E-12 5.18E-12
 5.76E-12 6.12E-12 5.95E-12 5.10E-12 4.06E-12 3.46E-12
 5.62E-41 5.66E-31 5.20E-23 4.17E-17 3.16E-14 1.33E-12 3.88E-12 5.18E-12
 5.76E-12 6.12E-12 5.95E-12 5.10E-12 4.06E-12 3.46E-12
 5.62E-41 5.66E-31 5.20E-23 4.17E-17 3.16E-14 1.33E-12 3.88E-12 5.18E-12
 5.76E-12 6.12E-12 5.95E-12 5.10E-12 4.06E-12 3.46E-12
 5.62E-41 5.66E-31 5.20E-23 4.17E-17 3.16E-14 1.33E-12 3.88E-12 5.18E-12
 5.76E-12 6.11E-12 5.94E-12 5.10E-12 4.06E-12 3.46E-12
 5.62E-41 5.66E-31 5.20E-23 4.17E-17 3.16E-14 1.33E-12 3.87E-12 5.16E-12
 5.73E-12 6.09E-12 5.91E-12 5.07E-12 4.04E-12 3.45E-12
  6.19101    7  14 /pl=01:ss=45:pb= 1:sz=45/type=excit/ispb = t/isel =   18
 1.00E+10 1.00E+11 1.00E+12 1.00E+13 1.00E+14 1.00E+15 1.00E+16
 3.65E+01 5.47E+01 9.12E+01 1.82E+02 3.65E+02 9.12E+02 1.82E+03 2.73E+03
 3.65E+03 5.47E+03 9.12E+03 1.82E+04 3.65E+04 5.47E+04
 2.84E-35 2.17E-27 4.61E-21 2.82E-16 6.72E-14 1.56E-12 3.95E-12 5.12E-12
 5.72E-12 6.21E-12 6.37E-12 6.06E-12 5.43E-12 4.98E-12
 2.84E-35 2.17E-27 4.61E-21 2.82E-16 6.72E-14 1.56E-12 3.95E-12 5.12E-12
 5.72E-12 6.21E-12 6.37E-12 6.06E-12 5.43E-12 4.98E-12
 2.84E-35 2.17E-27 4.61E-21 2.82E-16 6.72E-14 1.56E-12 3.95E-12 5.12E-12
 5.72E-12 6.21E-12 6.37E-12 6.06E-12 5.43E-12 4.98E-12
 2.84E-35 2.17E-27 4.61E-21 2.82E-16 6.72E-14 1.56E-12 3.95E-12 5.12E-12
 5.72E-12 6.21E-12 6.37E-12 6.06E-12 5.43E-12 4.98E-12
 2.84E-35 2.17E-27 4.61E-21 2.82E-16 6.72E-14 1.56E-12 3.95E-12 5.12E-12
 5.72E-12 6.21E-12 6.37E-12 6.06E-12 5.43E-12 4.98E-12
 2.84E-35 2.17E-27 4.61E-21 2.82E-16 6.72E-14 1.56E-12 3.95E-12 5.12E-12
 5.72E-12 6.21E-12 6.37E-12 6.05E-12 5.43E-12 4.98E-12
 2.84E-35 2.17E-27 4.61E-21 2.82E-16 6.72E-14 1.56E-12 3.94E-12 5.10E-12
 5.70E-12 6.18E-12 6.34E-12 6.03E-12 5.41E-12 4.96E-12
  6.81488    7  14 /pl=01:ss=45:pb= 1:sz=45/type=excit/ispb = t/isel =   19
 1.00E+10 1.00E+11 1.00E+12 1.00E+13 1.00E+14 1.00E+15 1.00E+16
 3.65E+01 5.47E+01 9.12E+01 1.82E+02 3.65E+02 9.12E+02 1.82E+03 2.73E+03
 3.65E+03 5.47E+03 9.12E+03 1.82E+04 3.65E+04 5.47E+04
 5.64E-34 1.10E-26 1.00E-20 3.29E-16 5.56E-14 1.04E-12 2.44E-12 3.03E-12
 3.27E-12 3.39E-12 3.26E-12 2.82E-12 2.30E-12 2.00E-12
 5.64E-34 1.10E-26 1.00E-20 3.29E-16 5.56E-14 1.04E-12 2.44E-12 3.03E-12
 3.27E-12 3.39E-12 3.26E-12 2.82E-12 2.30E-12 2.00E-12
 5.64E-34 1.10E-26 1.00E-20 3.29E-16 5.56E-14 1.04E-12 2.44E-12 3.03E-12
 3.27E-12 3.39E-12 3.26E-12 2.82E-12 2.30E-12 2.00E-12
 5.64E-34 1.10E-26 1.00E-20 3.29E-16 5.56E-14 1.04E-12 2.44E-12 3.03E-12
 3.27E-12 3.39E-12 3.26E-12 2.82E-12 2.30E-12 2.00E-12
 5.64E-34 1.10E-26 1.00E-20 3.29E-16 5.56E-14 1.04E-12 2.44E-12 3.03E-12
 3.27E-12 3.39E-12 3.26E-12 2.82E-12 2.30E-12 2.00E-12
 5.64E-34 1.10E-26 1.00E-20 3.29E-16 5.56E-14 1.04E-12 2.44E-12 3.02E-12
 3.27E-12 3.39E-12 3.26E-12 2.82E-12 2.30E-12 2.00E-12
 5.64E-34 1.10E-26 1.00E-20 3.29E-16 5.56E-14 1.04E-12 2.43E-12 3.02E-12
 3.26E-12 3.38E-12 3.24E-12 2.81E-12 2.29E-12 1.99E-12
  6.87185    7  14 /pl=01:ss=45:pb= 1:sz=45/type=excit/ispb = t/isel =   20
 1.00E+10 1.00E+11 1.00E+12 1.00E+13 1.00E+14 1.00E+15 1.00E+16
 3.65E+01 5.47E+01 9.12E+01 1.82E+02 3.65E+02 9.12E+02 1.82E+03 2.73E+03
 3.65E+03 5.47E+03 9.12E+03 1.82E+04 3.65E+04 5.47E+04
 1.16E-33 1.54E-26 8.70E-21 2.09E-16 3.32E-14 6.66E-13 1.65E-12 2.10E-12
 2.32E-12 2.45E-12 2.42E-12 2.17E-12 1.82E-12 1.61E-12
 1.16E-33 1.54E-26 8.70E-21 2.09E-16 3.32E-14 6.66E-13 1.65E-12 2.10E-12
 2.32E-12 2.45E-12 2.42E-12 2.17E-12 1.82E-12 1.61E-12
 1.16E-33 1.54E-26 8.70E-21 2.09E-16 3.32E-14 6.66E-13 1.65E-12 2.10E-12
 2.32E-12 2.45E-12 2.42E-12 2.17E-12 1.82E-12 1.61E-12
 1.16E-33 1.54E-26 8.70E-21 2.09E-16 3.32E-14 6.66E-13 1.65E-12 2.10E-12
 2.32E-12 2.45E-12 2.42E-12 2.17E-12 1.82E-12 1.61E-12
 1.16E-33 1.54E-26 8.70E-21 2.09E-16 3.33E-14 6.66E-13 1.65E-12 2.10E-12
 2.32E-12 2.45E-12 2.42E-12 2.17E-12 1.82E-12 1.61E-12
 1.16E-33 1.54E-26 8.70E-21 2.09E-16 3.33E-14 6.68E-13 1.65E-12 2.11E-12
 2.32E-12 2.46E-12 2.42E-12 2.17E-12 1.82E-12 1.62E-12
 1.16E-33 1.54E-26 8.72E-21 2.10E-16 3.37E-14 6.80E-13 1.68E-12 2.15E-12
 2.36E-12 2.50E-12 2.46E-12 2.19E-12 1.84E-12 1.63E-12
  7.05857    7  14 /pl=01:ss=45:pb= 1:sz=45/type=excit/ispb = t/isel =   21
 1.00E+10 1.00E+11 1.00E+12 1.00E+13 1.00E+14 1.00E+15 1.00E+16
 3.65E+01 5.47E+01 9.12E+01 1.82E+02 3.65E+02 9.12E+02 1.82E+03 2.73E+03
 3.65E+03 5.47E+03 9.12E+03 1.82E+04 3.65E+04 5.47E+04
 2.23E-32 1.82E-25 6.77E-20 1.31E-15 2.09E-13 4.11E-12 9.78E-12 1.23E-11
 1.34E-11 1.40E-11 1.36E-11 1.20E-11 9.97E-12 8.77E-12
 2.23E-32 1.82E-25 6.77E-20 1.31E-15 2.09E-13 4.11E-12 9.78E-12 1.23E-11
 1.34E-11 1.40E-11 1.36E-11 1.20E-11 9.97E-12 8.77E-12
 2.23E-32 1.82E-25 6.77E-20 1.31E-15 2.09E-13 4.11E-12 9.78E-12 1.23E-11
 1.34E-11 1.40E-11 1.36E-11 1.20E-11 9.97E-12 8.77E-12
 2.23E-32 1.82E-25 6.77E-20 1.31E-15 2.09E-13 4.11E-12 9.78E-12 1.23E-11
 1.34E-11 1.40E-11 1.36E-11 1.20E-11 9.97E-12 8.77E-12
 2.23E-32 1.82E-25 6.77E-20 1.31E-15 2.09E-13 4.11E-12 9.78E-12 1.23E-11
 1.34E-11 1.40E-11 1.36E-11 1.20E-11 9.97E-12 8.77E-12
 2.23E-32 1.82E-25 6.77E-20 1.31E-15 2.09E-13 4.11E-12 9.78E-12 1.23E-11
 1.34E-11 1.40E-11 1.36E-11 1.20E-11 9.97E-12 8.77E-12
 2.23E-32 1.82E-25 6.78E-20 1.31E-15 2.10E-13 4.11E-12 9.77E-12 1.23E-11
 1.33E-11 1.40E-11 1.36E-11 1.20E-11 9.94E-12 8.75E-12
  7.11612    7  14 /pl=01:ss=45:pb= 1:sz=45/type=excit/ispb = t/isel =   22
 1.00E+10 1.00E+11 1.00E+12 1.00E+13 1.00E+14 1.00E+15 1.00E+16
 3.65E+01 5.47E+01 9.12E+01 1.82E+02 3.65E+02 9.12E+02 1.82E+03 2.73E+03
 3.65E+03 5.47E+03 9.12E+03 1.82E+04 3.65E+04 5.47E+04
 2.97E-32 2.06E-25 6.31E-20 9.39E-16 1.24E-13 2.19E-12 5.14E-12 6.49E-12
 7.11E-12 7.54E-12 7.51E-12 6.87E-12 5.96E-12 5.37E-12
 2.97E-32 2.06E-25 6.31E-20 9.39E-16 1.24E-13 2.19E-12 5.14E-12 6.49E-12
 7.11E-12 7.54E-12 7.51E-12 6.87E-12 5.96E-12 5.37E-12
 2.97E-32 2.06E-25 6.31E-20 9.39E-16 1.24E-13 2.19E-12 5.14E-12 6.49E-12
 7.11E-12 7.54E-12 7.51E-12 6.87E-12 5.96E-12 5.37E-12
 2.97E-32 2.06E-25 6.31E-20 9.39E-16 1.24E-13 2.19E-12 5.14E-12 6.49E-12
 7.11E-12 7.54E-12 7.51E-12 6.87E-12 5.96E-12 5.37E-12
 2.97E-32 2.06E-25 6.31E-20 9.39E-16 1.24E-13 2.19E-12 5.14E-12 6.49E-12
 7.11E-12 7.54E-12 7.51E-12 6.87E-12 5.96E-12 5.37E-12
 2.97E-32 2.06E-25 6.31E-20 9.39E-16 1.24E-13 2.19E-12 5.14E-12 6.49E-12
 7.11E-12 7.54E-12 7.51E-12 6.87E-12 5.95E-12 5.37E-12
 2.97E-32 2.06E-25 6.32E-20 9.41E-16 1.24E-13 2.19E-12 5.15E-12 6.49E-12
 7.10E-12 7.52E-12 7.49E-12 6.85E-12 5.94E-12 5.36E-12
  7.12023    7  14 /pl=01:ss=45:pb= 1:sz=45/type=excit/ispb = t/isel =   23
 1.00E+10 1.00E+11 1.00E+12 1.00E+13 1.00E+14 1.00E+15 1.00E+16
 3.65E+01 5.47E+01 9.12E+01 1.82E+02 3.65E+02 9.12E+02 1.82E+03 2.73E+03
 3.65E+03 5.47E+03 9.12E+03 1.82E+04 3.65E+04 5.47E+04
 2.65E-32 1.88E-25 6.07E-20 9.93E-16 1.37E-13 2.48E-12 5.84E-12 7.36E-12
 8.03E-12 8.46E-12 8.33E-12 7.49E-12 6.35E-12 5.67E-12
 2.65E-32 1.88E-25 6.07E-20 9.93E-16 1.37E-13 2.48E-12 5.84E-12 7.36E-12
 8.03E-12 8.46E-12 8.33E-12 7.49E-12 6.35E-12 5.67E-12
 2.65E-32 1.88E-25 6.07E-20 9.93E-16 1.37E-13 2.48E-12 5.84E-12 7.36E-12
 8.03E-12 8.46E-12 8.33E-12 7.49E-12 6.35E-12 5.67E-12
 2.65E-32 1.88E-25 6.07E-20 9.93E-16 1.37E-13 2.48E-12 5.84E-12 7.36E-12
 8.03E-12 8.46E-12 8.33E-12 7.49E-12 6.35E-12 5.67E-12
 2.65E-32 1.88E-25 6.07E-20 9.93E-16 1.37E-13 2.48E-12 5.84E-12 7.36E-12
 8.03E-12 8.46E-12 8.33E-12 7.49E-12 6.36E-12 5.67E-12
 2.65E-32 1.88E-25 6.08E-20 9.94E-16 1.37E-13 2.48E-12 5.85E-12 7.38E-12
 8.05E-12 8.48E-12 8.35E-12 7.49E-12 6.36E-12 5.67E-12
 2.65E-32 1.88E-25 6.09E-20 1.00E-15 1.39E-13 2.52E-12 5.94E-12 7.48E-12
 8.15E-12 8.57E-12 8.43E-12 7.55E-12 6.40E-12 5.70E-12
  7.24248    7  14 /pl=01:ss=45:pb= 1:sz=45/type=excit/ispb = t/isel =   24
 1.00E+10 1.00E+11 1.00E+12 1.00E+13 1.00E+14 1.00E+15 1.00E+16
 3.65E+01 5.47E+01 9.12E+01 1.82E+02 3.65E+02 9.12E+02 1.82E+03 2.73E+03
 3.65E+03 5.47E+03 9.12E+03 1.82E+04 3.65E+04 5.47E+04
 3.07E-32 1.69E-25 5.43E-20 1.16E-15 1.87E-13 3.62E-12 8.61E-12 1.08E-11
 1.17E-11 1.22E-11 1.17E-11 1.01E-11 8.24E-12 7.16E-12
 3.07E-32 1.69E-25 5.43E-20 1.16E-15 1.87E-13 3.62E-12 8.61E-12 1.08E-11
 1.17E-11 1.22E-11 1.17E-11 1.01E-11 8.24E-12 7.16E-12
 3.07E-32 1.69E-25 5.43E-20 1.16E-15 1.87E-13 3.62E-12 8.61E-12 1.08E-11
 1.17E-11 1.22E-11 1.17E-11 1.01E-11 8.24E-12 7.16E-12
 3.07E-32 1.69E-25 5.43E-20 1.16E-15 1.87E-13 3.62E-12 8.61E-12 1.08E-11
 1.17E-11 1.22E-11 1.17E-11 1.01E-11 8.24E-12 7.16E-12
 3.07E-32 1.69E-25 5.43E-20 1.16E-15 1.87E-13 3.62E-12 8.61E-12 1.08E-11
 1.17E-11 1.22E-11 1.17E-11 1.01E-11 8.24E-12 7.16E-12
 3.07E-32 1.69E-25 5.43E-20 1.16E-15 1.87E-13 3.62E-12 8.60E-12 1.08E-11
 1.17E-11 1.22E-11 1.17E-11 1.01E-11 8.23E-12 7.16E-12
 3.07E-32 1.69E-25 5.43E-20 1.16E-15 1.87E-13 3.62E-12 8.58E-12 1.07E-11
 1.16E-11 1.21E-11 1.16E-11 1.01E-11 8.20E-12 7.13E-12
  7.24593    7  14 /pl=01:ss=45:pb= 1:sz=45/type=excit/ispb = t/isel =   25
 1.00E+10 1.00E+11 1.00E+12 1.00E+13 1.00E+14 1.00E+15 1.00E+16
 3.65E+01 5.47E+01 9.12E+01 1.82E+02 3.65E+02 9.12E+02 1.82E+03 2.73E+03
 3.65E+03 5.47E+03 9.12E+03 1.82E+04 3.65E+04 5.47E+04
 5.94E-32 3.23E-25 1.02E-19 2.08E-15 3.30E-13 6.35E-12 1.51E-11 1.89E-11
 2.05E-11 2.13E-11 2.05E-11 1.78E-11 1.45E-11 1.27E-11
 5.94E-32 3.23E-25 1.02E-19 2.08E-15 3.30E-13 6.35E-12 1.51E-11 1.89E-11
 2.05E-11 2.13E-11 2.05E-11 1.78E-11 1.45E-11 1.27E-11
 5.94E-32 3.23E-25 1.02E-19 2.08E-15 3.30E-13 6.35E-12 1.51E-11 1.89E-11
 2.05E-11 2.13E-11 2.05E-11 1.78E-11 1.45E-11 1.27E-11
 5.94E-32 3.23E-25 1.02E-19 2.08E-15 3.30E-13 6.35E-12 1.51E-11 1.89E-11
 2.05E-11 2.13E-11 2.05E-11 1.78E-11 1.45E-11 1.27E-11
 5.94E-32 3.23E-25 1.02E-19 2.08E-15 3.30E-13 6.35E-12 1.51E-11 1.89E-11
 2.05E-11 2.13E-11 2.05E-11 1.78E-11 1.45E-11 1.27E-11
 5.94E-32 3.23E-25 1.02E-19 2.08E-15 3.30E-13 6.35E-12 1.50E-11 1.89E-11
 2.04E-11 2.13E-11 2.05E-11 1.78E-11 1.45E-11 1.27E-11
 5.94E-32 3.23E-25 1.02E-19 2.08E-15 3.30E-13 6.33E-12 1.50E-11 1.88E-11
 2.03E-11 2.12E-11 2.04E-11 1.77E-11 1.45E-11 1.26E-11
  7.27862    7  14 /pl=01:ss=45:pb= 1:sz=45/type=excit/ispb = t/isel =   26
 1.00E+10 1.00E+11 1.00E+12 1.00E+13 1.00E+14 1.00E+15 1.00E+16
 3.65E+01 5.47E+01 9.12E+01 1.82E+02 3.65E+02 9.12E+02 1.82E+03 2.73E+03
 3.65E+03 5.47E+03 9.12E+03 1.82E+04 3.65E+04 5.47E+04
 1.43E-32 7.23E-26 2.14E-20 4.22E-16 6.57E-14 1.30E-12 3.20E-12 4.08E-12
 4.47E-12 4.71E-12 4.61E-12 4.06E-12 3.36E-12 2.95E-12
 1.43E-32 7.23E-26 2.14E-20 4.22E-16 6.57E-14 1.30E-12 3.20E-12 4.08E-12
 4.47E-12 4.71E-12 4.61E-12 4.06E-12 3.36E-12 2.95E-12
 1.43E-32 7.23E-26 2.14E-20 4.22E-16 6.57E-14 1.30E-12 3.20E-12 4.08E-12
 4.47E-12 4.71E-12 4.61E-12 4.06E-12 3.36E-12 2.95E-12
 1.43E-32 7.23E-26 2.14E-20 4.22E-16 6.57E-14 1.30E-12 3.20E-12 4.08E-12
 4.47E-12 4.71E-12 4.61E-12 4.06E-12 3.36E-12 2.95E-12
 1.43E-32 7.23E-26 2.14E-20 4.22E-16 6.57E-14 1.30E-12 3.20E-12 4.08E-12
 4.47E-12 4.71E-12 4.61E-12 4.06E-12 3.36E-12 2.95E-12
 1.43E-32 7.23E-26 2.14E-20 4.22E-16 6.57E-14 1.30E-12 3.20E-12 4.08E-12
 4.47E-12 4.71E-12 4.61E-12 4.06E-12 3.36E-12 2.95E-12
 1.43E-32 7.23E-26 2.14E-20 4.23E-16 6.59E-14 1.31E-12 3.20E-12 4.08E-12
 4.47E-12 4.70E-12 4.60E-12 4.05E-12 3.35E-12 2.94E-12
  7.53114    7  14 /pl=01:ss=45:pb= 1:sz=45/type=excit/ispb = t/isel =   27
 1.00E+10 1.00E+11 1.00E+12 1.00E+13 1.00E+14 1.00E+15 1.00E+16
 3.65E+01 5.47E+01 9.12E+01 1.82E+02 3.65E+02 9.12E+02 1.82E+03 2.73E+03
 3.65E+03 5.47E+03 9.12E+03 1.82E+04 3.65E+04 5.47E+04
 2.18E-33 9.41E-27 4.09E-21 1.00E-16 1.79E-14 4.39E-13 1.19E-12 1.58E-12
 1.76E-12 1.89E-12 1.88E-12 1.69E-12 1.41E-12 1.24E-12
 2.18E-33 9.41E-27 4.09E-21 1.00E-16 1.79E-14 4.39E-13 1.19E-12 1.58E-12
 1.76E-12 1.89E-12 1.88E-12 1.69E-12 1.41E-12 1.24E-12
 2.18E-33 9.41E-27 4.09E-21 1.00E-16 1.79E-14 4.39E-13 1.19E-12 1.58E-12
 1.76E-12 1.89E-12 1.88E-12 1.69E-12 1.41E-12 1.24E-12
 2.18E-33 9.41E-27 4.09E-21 1.00E-16 1.79E-14 4.39E-13 1.19E-12 1.58E-12
 1.76E-12 1.89E-12 1.88E-12 1.69E-12 1.41E-12 1.24E-12
 2.18E-33 9.41E-27 4.09E-21 1.00E-16 1.79E-14 4.40E-13 1.19E-12 1.58E-12
 1.76E-12 1.90E-12 1.89E-12 1.69E-12 1.41E-12 1.24E-12
 2.18E-33 9.41E-27 4.09E-21 1.00E-16 1.80E-14 4.42E-13 1.20E-12 1.59E-12
 1.77E-12 1.90E-12 1.89E-12 1.69E-12 1.41E-12 1.25E-12
 2.18E-33 9.43E-27 4.12E-21 1.03E-16 1.87E-14 4.61E-13 1.25E-12 1.64E-12
 1.83E-12 1.96E-12 1.94E-12 1.73E-12 1.44E-12 1.27E-12
  11.6670    7  14 /pl=01:ss=45:pb= 1:sz=45/type=excit/ispb = t/isel =   28
 1.00E+10 1.00E+11 1.00E+12 1.00E+13 1.00E+14 1.00E+15 1.00E+16
 3.65E+01 5.47E+01 9.12E+01 1.82E+02 3.65E+02 9.12E+02 1.82E+03 2.73E+03
 3.65E+03 5.47E+03 9.12E+03 1.82E+04 3.65E+04 5.47E+04
 3.46E-24 4.69E-20 8.67E-17 2.17E-14 3.10E-13 1.36E-12 2.08E-12 2.36E-12
 2.51E-12 2.67E-12 2.80E-12 2.84E-12 2.73E-12 2.60E-12
 3.46E-24 4.69E-20 8.67E-17 2.17E-14 3.10E-13 1.36E-12 2.08E-12 2.36E-12
 2.51E-12 2.67E-12 2.80E-12 2.84E-12 2.73E-12 2.60E-12
 3.46E-24 4.69E-20 8.67E-17 2.17E-14 3.10E-13 1.36E-12 2.08E-12 2.36E-12
 2.51E-12 2.67E-12 2.80E-12 2.84E-12 2.73E-12 2.60E-12
 3.46E-24 4.69E-20 8.67E-17 2.17E-14 3.10E-13 1.36E-12 2.08E-12 2.36E-12
 2.51E-12 2.67E-12 2.80E-12 2.84E-12 2.73E-12 2.60E-12
 3.46E-24 4.69E-20 8.67E-17 2.17E-14 3.10E-13 1.36E-12 2.07E-12 2.36E-12
 2.51E-12 2.67E-12 2.80E-12 2.84E-12 2.73E-12 2.60E-12
 3.46E-24 4.69E-20 8.67E-17 2.17E-14 3.10E-13 1.36E-12 2.07E-12 2.36E-12
 2.51E-12 2.67E-12 2.80E-12 2.83E-12 2.73E-12 2.60E-12
 3.46E-24 4.69E-20 8.68E-17 2.17E-14 3.10E-13 1.35E-12 2.07E-12 2.35E-12
 2.50E-12 2.66E-12 2.79E-12 2.82E-12 2.71E-12 2.59E-12
  11.9827    7  14 /pl=01:ss=45:pb= 1:sz=45/type=excit/ispb = t/isel =   29
 1.00E+10 1.00E+11 1.00E+12 1.00E+13 1.00E+14 1.00E+15 1.00E+16
 3.65E+01 5.47E+01 9.12E+01 1.82E+02 3.65E+02 9.12E+02 1.82E+03 2.73E+03
 3.65E+03 5.47E+03 9.12E+03 1.82E+04 3.65E+04 5.47E+04
 4.22E-25 1.10E-20 3.41E-17 1.25E-14 2.15E-13 1.13E-12 1.89E-12 2.16E-12
 2.26E-12 2.29E-12 2.18E-12 1.88E-12 1.53E-12 1.33E-12
 4.22E-25 1.10E-20 3.41E-17 1.25E-14 2.15E-13 1.13E-12 1.89E-12 2.16E-12
 2.26E-12 2.29E-12 2.18E-12 1.88E-12 1.53E-12 1.33E-12
 4.22E-25 1.10E-20 3.41E-17 1.25E-14 2.15E-13 1.13E-12 1.89E-12 2.16E-12
 2.26E-12 2.29E-12 2.18E-12 1.88E-12 1.53E-12 1.33E-12
 4.22E-25 1.10E-20 3.41E-17 1.25E-14 2.15E-13 1.13E-12 1.89E-12 2.16E-12
 2.26E-12 2.29E-12 2.18E-12 1.88E-12 1.53E-12 1.33E-12
 4.22E-25 1.10E-20 3.41E-17 1.25E-14 2.15E-13 1.13E-12 1.89E-12 2.16E-12
 2.26E-12 2.29E-12 2.18E-12 1.88E-12 1.53E-12 1.33E-12
 4.22E-25 1.10E-20 3.41E-17 1.25E-14 2.15E-13 1.13E-12 1.89E-12 2.16E-12
 2.26E-12 2.29E-12 2.17E-12 1.88E-12 1.53E-12 1.33E-12
 4.23E-25 1.10E-20 3.41E-17 1.25E-14 2.15E-13 1.13E-12 1.88E-12 2.16E-12
 2.25E-12 2.28E-12 2.16E-12 1.87E-12 1.52E-12 1.33E-12
  13.1149    7  14 /pl=01:ss=45:pb= 1:sz=45/type=excit/ispb = t/isel =   30
 1.00E+10 1.00E+11 1.00E+12 1.00E+13 1.00E+14 1.00E+15 1.00E+16
 3.65E+01 5.47E+01 9.12E+01 1.82E+02 3.65E+02 9.12E+02 1.82E+03 2.73E+03
 3.65E+03 5.47E+03 9.12E+03 1.82E+04 3.65E+04 5.47E+04
 5.37E-25 1.53E-20 5.16E-17 1.98E-14 3.42E-13 1.63E-12 2.49E-12 2.76E-12
 2.84E-12 2.84E-12 2.68E-12 2.31E-12 1.89E-12 1.65E-12
 5.37E-25 1.53E-20 5.16E-17 1.98E-14 3.42E-13 1.63E-12 2.49E-12 2.76E-12
 2.84E-12 2.84E-12 2.68E-12 2.31E-12 1.89E-12 1.65E-12
 5.37E-25 1.53E-20 5.16E-17 1.98E-14 3.42E-13 1.63E-12 2.49E-12 2.76E-12
 2.84E-12 2.84E-12 2.68E-12 2.31E-12 1.89E-12 1.65E-12
 5.37E-25 1.53E-20 5.16E-17 1.98E-14 3.42E-13 1.63E-12 2.49E-12 2.76E-12
 2.84E-12 2.84E-12 2.68E-12 2.31E-12 1.89E-12 1.65E-12
 5.37E-25 1.53E-20 5.16E-17 1.98E-14 3.42E-13 1.63E-12 2.49E-12 2.76E-12
 2.84E-12 2.84E-12 2.68E-12 2.31E-12 1.89E-12 1.65E-12
 5.37E-25 1.53E-20 5.16E-17 1.98E-14 3.42E-13 1.63E-12 2.49E-12 2.76E-12
 2.84E-12 2.84E-12 2.68E-12 2.31E-12 1.89E-12 1.65E-12
 5.37E-25 1.53E-20 5.16E-17 1.98E-14 3.42E-13 1.63E-12 2.48E-12 2.75E-12
 2.83E-12 2.82E-12 2.66E-12 2.30E-12 1.88E-12 1.64E-12
  14.2816    7  14 /pl=01:ss=45:pb= 1:sz=45/type=excit/ispb = t/isel =   31
 1.00E+10 1.00E+11 1.00E+12 1.00E+13 1.00E+14 1.00E+15 1.00E+16
 3.65E+01 5.47E+01 9.12E+01 1.82E+02 3.65E+02 9.12E+02 1.82E+03 2.73E+03
 3.65E+03 5.47E+03 9.12E+03 1.82E+04 3.65E+04 5.47E+04
 1.71E-22 9.71E-19 8.95E-16 1.29E-13 1.34E-12 4.50E-12 5.95E-12 6.17E-12
 6.09E-12 5.74E-12 5.12E-12 4.13E-12 3.18E-12 2.70E-12
 1.71E-22 9.71E-19 8.95E-16 1.29E-13 1.34E-12 4.50E-12 5.95E-12 6.17E-12
 6.09E-12 5.74E-12 5.12E-12 4.13E-12 3.18E-12 2.70E-12
 1.71E-22 9.71E-19 8.95E-16 1.29E-13 1.34E-12 4.50E-12 5.95E-12 6.17E-12
 6.09E-12 5.74E-12 5.12E-12 4.13E-12 3.18E-12 2.70E-12
 1.71E-22 9.71E-19 8.95E-16 1.29E-13 1.34E-12 4.50E-12 5.95E-12 6.17E-12
 6.09E-12 5.74E-12 5.12E-12 4.13E-12 3.18E-12 2.70E-12
 1.71E-22 9.71E-19 8.95E-16 1.29E-13 1.34E-12 4.50E-12 5.95E-12 6.17E-12
 6.09E-12 5.74E-12 5.12E-12 4.13E-12 3.18E-12 2.70E-12
 1.71E-22 9.71E-19 8.95E-16 1.29E-13 1.34E-12 4.50E-12 5.95E-12 6.17E-12
 6.09E-12 5.74E-12 5.11E-12 4.12E-12 3.18E-12 2.70E-12
 1.71E-22 9.71E-19 8.95E-16 1.29E-13 1.34E-12 4.49E-12 5.94E-12 6.14E-12
 6.06E-12 5.71E-12 5.09E-12 4.11E-12 3.17E-12 2.69E-12
  16.1322    7  14 /pl=01:ss=45:pb= 1:sz=45/type=excit/ispb = t/isel =   32
 1.00E+10 1.00E+11 1.00E+12 1.00E+13 1.00E+14 1.00E+15 1.00E+16
 3.65E+01 5.47E+01 9.12E+01 1.82E+02 3.65E+02 9.12E+02 1.82E+03 2.73E+03
 3.65E+03 5.47E+03 9.12E+03 1.82E+04 3.65E+04 5.47E+04
 2.38E-22 1.35E-18 1.24E-15 1.79E-13 1.86E-12 6.24E-12 8.25E-12 8.55E-12
 8.44E-12 7.96E-12 7.09E-12 5.72E-12 4.41E-12 3.75E-12
 2.38E-22 1.35E-18 1.24E-15 1.79E-13 1.86E-12 6.24E-12 8.25E-12 8.55E-12
 8.44E-12 7.96E-12 7.09E-12 5.72E-12 4.41E-12 3.75E-12
 2.38E-22 1.35E-18 1.24E-15 1.79E-13 1.86E-12 6.24E-12 8.25E-12 8.55E-12
 8.44E-12 7.96E-12 7.09E-12 5.72E-12 4.41E-12 3.75E-12
 2.38E-22 1.35E-18 1.24E-15 1.79E-13 1.86E-12 6.24E-12 8.25E-12 8.55E-12
 8.44E-12 7.96E-12 7.09E-12 5.72E-12 4.41E-12 3.75E-12
 2.38E-22 1.35E-18 1.24E-15 1.79E-13 1.86E-12 6.24E-12 8.25E-12 8.55E-12
 8.44E-12 7.96E-12 7.09E-12 5.72E-12 4.41E-12 3.75E-12
 2.38E-22 1.35E-18 1.24E-15 1.79E-13 1.86E-12 6.24E-12 8.25E-12 8.55E-12
 8.44E-12 7.96E-12 7.09E-12 5.72E-12 4.41E-12 3.75E-12
 2.38E-22 1.35E-18 1.24E-15 1.79E-13 1.86E-12 6.23E-12 8.23E-12 8.52E-12
 8.40E-12 7.92E-12 7.06E-12 5.69E-12 4.40E-12 3.73E-12
  17.7465    7  14 /pl=01:ss=45:pb= 1:sz=45/type=excit/ispb = t/isel =   33
 1.00E+10 1.00E+11 1.00E+12 1.00E+13 1.00E+14 1.00E+15 1.00E+16
 3.65E+01 5.47E+01 9.12E+01 1.82E+02 3.65E+02 9.12E+02 1.82E+03 2.73E+03
 3.65E+03 5.47E+03 9.12E+03 1.82E+04 3.65E+04 5.47E+04
 1.34E-39 4.02E-30 1.40E-22 5.46E-17 2.88E-14 9.83E-13 2.69E-12 3.52E-12
 3.89E-12 4.12E-12 4.01E-12 3.47E-12 2.80E-12 2.41E-12
 1.34E-39 4.02E-30 1.40E-22 5.46E-17 2.88E-14 9.83E-13 2.69E-12 3.52E-12
 3.89E-12 4.12E-12 4.01E-12 3.47E-12 2.80E-12 2.41E-12
 1.34E-39 4.02E-30 1.40E-22 5.46E-17 2.88E-14 9.83E-13 2.69E-12 3.52E-12
 3.89E-12 4.12E-12 4.01E-12 3.47E-12 2.80E-12 2.41E-12
 1.34E-39 4.02E-30 1.40E-22 5.46E-17 2.88E-14 9.83E-13 2.69E-12 3.52E-12
 3.89E-12 4.12E-12 4.01E-12 3.47E-12 2.80E-12 2.41E-12
 1.34E-39 4.02E-30 1.40E-22 5.46E-17 2.88E-14 9.83E-13 2.69E-12 3.52E-12
 3.89E-12 4.12E-12 4.01E-12 3.47E-12 2.80E-12 2.41E-12
 1.34E-39 4.02E-30 1.40E-22 5.46E-17 2.88E-14 9.83E-13 2.69E-12 3.52E-12
 3.89E-12 4.12E-12 4.00E-12 3.47E-12 2.80E-12 2.40E-12
 1.34E-39 4.02E-30 1.40E-22 5.46E-17 2.88E-14 9.82E-13 2.69E-12 3.51E-12
 3.88E-12 4.10E-12 3.98E-12 3.45E-12 2.78E-12 2.40E-12
  17.7672    7  14 /pl=01:ss=45:pb= 1:sz=45/type=excit/ispb = t/isel =   34
 1.00E+10 1.00E+11 1.00E+12 1.00E+13 1.00E+14 1.00E+15 1.00E+16
 3.65E+01 5.47E+01 9.12E+01 1.82E+02 3.65E+02 9.12E+02 1.82E+03 2.73E+03
 3.65E+03 5.47E+03 9.12E+03 1.82E+04 3.65E+04 5.47E+04
 8.62E-40 2.59E-30 9.01E-23 3.52E-17 1.86E-14 6.34E-13 1.74E-12 2.27E-12
 2.51E-12 2.66E-12 2.58E-12 2.24E-12 1.80E-12 1.55E-12
 8.62E-40 2.59E-30 9.01E-23 3.52E-17 1.86E-14 6.34E-13 1.74E-12 2.27E-12
 2.51E-12 2.66E-12 2.58E-12 2.24E-12 1.80E-12 1.55E-12
 8.62E-40 2.59E-30 9.01E-23 3.52E-17 1.86E-14 6.34E-13 1.74E-12 2.27E-12
 2.51E-12 2.66E-12 2.58E-12 2.24E-12 1.80E-12 1.55E-12
 8.62E-40 2.59E-30 9.01E-23 3.52E-17 1.86E-14 6.34E-13 1.74E-12 2.27E-12
 2.51E-12 2.66E-12 2.58E-12 2.24E-12 1.80E-12 1.55E-12
 8.62E-40 2.59E-30 9.01E-23 3.52E-17 1.86E-14 6.34E-13 1.74E-12 2.27E-12
 2.51E-12 2.66E-12 2.58E-12 2.24E-12 1.80E-12 1.55E-12
 8.62E-40 2.59E-30 9.01E-23 3.52E-17 1.86E-14 6.34E-13 1.74E-12 2.27E-12
 2.51E-12 2.66E-12 2.58E-12 2.24E-12 1.80E-12 1.55E-12
 8.62E-40 2.59E-30 9.01E-23 3.52E-17 1.86E-14 6.33E-13 1.73E-12 2.26E-12
 2.50E-12 2.64E-12 2.57E-12 2.22E-12 1.80E-12 1.54E-12
  17.9094    7  14 /pl=01:ss=45:pb= 1:sz=45/type=excit/ispb = t/isel =   35
 1.00E+10 1.00E+11 1.00E+12 1.00E+13 1.00E+14 1.00E+15 1.00E+16
 3.65E+01 5.47E+01 9.12E+01 1.82E+02 3.65E+02 9.12E+02 1.82E+03 2.73E+03
 3.65E+03 5.47E+03 9.12E+03 1.82E+04 3.65E+04 5.47E+04
 3.13E-24 4.24E-20 7.86E-17 1.96E-14 2.81E-13 1.23E-12 1.88E-12 2.14E-12
 2.28E-12 2.42E-12 2.54E-12 2.57E-12 2.47E-12 2.36E-12
 3.13E-24 4.24E-20 7.86E-17 1.96E-14 2.81E-13 1.23E-12 1.88E-12 2.14E-12
 2.28E-12 2.42E-12 2.54E-12 2.57E-12 2.47E-12 2.36E-12
 3.13E-24 4.24E-20 7.86E-17 1.96E-14 2.81E-13 1.23E-12 1.88E-12 2.14E-12
 2.28E-12 2.42E-12 2.54E-12 2.57E-12 2.47E-12 2.36E-12
 3.13E-24 4.24E-20 7.86E-17 1.96E-14 2.81E-13 1.23E-12 1.88E-12 2.14E-12
 2.28E-12 2.42E-12 2.54E-12 2.57E-12 2.47E-12 2.36E-12
 3.13E-24 4.24E-20 7.86E-17 1.96E-14 2.81E-13 1.23E-12 1.88E-12 2.14E-12
 2.28E-12 2.42E-12 2.54E-12 2.57E-12 2.47E-12 2.36E-12
 3.13E-24 4.24E-20 7.86E-17 1.96E-14 2.81E-13 1.23E-12 1.88E-12 2.14E-12
 2.28E-12 2.42E-12 2.54E-12 2.57E-12 2.47E-12 2.36E-12
 3.13E-24 4.25E-20 7.86E-17 1.96E-14 2.81E-13 1.23E-12 1.87E-12 2.13E-12
 2.27E-12 2.41E-12 2.52E-12 2.56E-12 2.46E-12 2.35E-12
  27.0708    7  14 /pl=01:ss=45:pb= 1:sz=45/type=excit/ispb = t/isel =   36
 1.00E+10 1.00E+11 1.00E+12 1.00E+13 1.00E+14 1.00E+15 1.00E+16
 3.65E+01 5.47E+01 9.12E+01 1.82E+02 3.65E+02 9.12E+02 1.82E+03 2.73E+03
 3.65E+03 5.47E+03 9.12E+03 1.82E+04 3.65E+04 5.47E+04
 3.76E-37 1.89E-28 1.58E-21 2.11E-16 6.53E-14 1.61E-12 3.98E-12 4.99E-12
 5.42E-12 5.61E-12 5.35E-12 4.53E-12 3.59E-12 3.06E-12
 3.76E-37 1.89E-28 1.58E-21 2.11E-16 6.53E-14 1.61E-12 3.98E-12 4.99E-12
 5.42E-12 5.61E-12 5.35E-12 4.53E-12 3.59E-12 3.06E-12
 3.76E-37 1.89E-28 1.58E-21 2.11E-16 6.53E-14 1.61E-12 3.98E-12 4.99E-12
 5.42E-12 5.61E-12 5.35E-12 4.53E-12 3.59E-12 3.06E-12
 3.76E-37 1.89E-28 1.58E-21 2.11E-16 6.53E-14 1.61E-12 3.98E-12 4.99E-12
 5.42E-12 5.61E-12 5.35E-12 4.53E-12 3.59E-12 3.06E-12
 3.76E-37 1.89E-28 1.58E-21 2.11E-16 6.53E-14 1.61E-12 3.98E-12 4.99E-12
 5.42E-12 5.61E-12 5.34E-12 4.53E-12 3.59E-12 3.06E-12
 3.76E-37 1.89E-28 1.58E-21 2.11E-16 6.53E-14 1.61E-12 3.98E-12 4.99E-12
 5.42E-12 5.60E-12 5.34E-12 4.53E-12 3.59E-12 3.06E-12
 3.76E-37 1.89E-28 1.58E-21 2.11E-16 6.53E-14 1.61E-12 3.96E-12 4.97E-12
 5.40E-12 5.58E-12 5.31E-12 4.51E-12 3.57E-12 3.05E-12
  42.0175    7  14 /pl=01:ss=45:pb= 1:sz=45/type=excit/ispb = t/isel =   37
 1.00E+10 1.00E+11 1.00E+12 1.00E+13 1.00E+14 1.00E+15 1.00E+16
 3.65E+01 5.47E+01 9.12E+01 1.82E+02 3.65E+02 9.12E+02 1.82E+03 2.73E+03
 3.65E+03 5.47E+03 9.12E+03 1.82E+04 3.65E+04 5.47E+04
 4.63E-35 3.24E-27 5.58E-21 2.28E-16 3.90E-14 6.78E-13 1.49E-12 1.79E-12
 1.90E-12 1.92E-12 1.79E-12 1.49E-12 1.17E-12 9.92E-13
 4.63E-35 3.24E-27 5.58E-21 2.28E-16 3.90E-14 6.78E-13 1.49E-12 1.79E-12
 1.90E-12 1.92E-12 1.79E-12 1.49E-12 1.17E-12 9.92E-13
 4.63E-35 3.24E-27 5.58E-21 2.28E-16 3.90E-14 6.78E-13 1.49E-12 1.79E-12
 1.90E-12 1.92E-12 1.79E-12 1.49E-12 1.17E-12 9.92E-13
 4.63E-35 3.24E-27 5.58E-21 2.28E-16 3.90E-14 6.78E-13 1.49E-12 1.79E-12
 1.90E-12 1.92E-12 1.79E-12 1.49E-12 1.17E-12 9.92E-13
 4.63E-35 3.24E-27 5.58E-21 2.28E-16 3.90E-14 6.78E-13 1.49E-12 1.79E-12
 1.90E-12 1.92E-12 1.79E-12 1.49E-12 1.17E-12 9.92E-13
 4.63E-35 3.24E-27 5.58E-21 2.28E-16 3.90E-14 6.78E-13 1.48E-12 1.79E-12
 1.90E-12 1.92E-12 1.79E-12 1.49E-12 1.17E-12 9.91E-13
 4.63E-35 3.24E-27 5.58E-21 2.28E-16 3.90E-14 6.77E-13 1.48E-12 1.79E-12
 1.89E-12 1.91E-12 1.78E-12 1.48E-12 1.16E-12 9.88E-13
  43.1413    7  14 /pl=01:ss=45:pb= 1:sz=45/type=excit/ispb = t/isel =   38
 1.00E+10 1.00E+11 1.00E+12 1.00E+13 1.00E+14 1.00E+15 1.00E+16
 3.65E+01 5.47E+01 9.12E+01 1.82E+02 3.65E+02 9.12E+02 1.82E+03 2.73E+03
 3.65E+03 5.47E+03 9.12E+03 1.82E+04 3.65E+04 5.47E+04
 2.45E-34 1.72E-26 2.96E-20 1.21E-15 2.07E-13 3.60E-12 7.88E-12 9.52E-12
 1.01E-11 1.02E-11 9.52E-12 7.91E-12 6.18E-12 5.26E-12
 2.45E-34 1.72E-26 2.96E-20 1.21E-15 2.07E-13 3.60E-12 7.88E-12 9.52E-12
 1.01E-11 1.02E-11 9.52E-12 7.91E-12 6.18E-12 5.26E-12
 2.45E-34 1.72E-26 2.96E-20 1.21E-15 2.07E-13 3.60E-12 7.88E-12 9.52E-12
 1.01E-11 1.02E-11 9.52E-12 7.91E-12 6.18E-12 5.26E-12
 2.45E-34 1.72E-26 2.96E-20 1.21E-15 2.07E-13 3.60E-12 7.88E-12 9.52E-12
 1.01E-11 1.02E-11 9.52E-12 7.91E-12 6.18E-12 5.26E-12
 2.45E-34 1.72E-26 2.96E-20 1.21E-15 2.07E-13 3.60E-12 7.88E-12 9.51E-12
 1.01E-11 1.02E-11 9.52E-12 7.91E-12 6.18E-12 5.26E-12
 2.45E-34 1.72E-26 2.96E-20 1.21E-15 2.07E-13 3.60E-12 7.88E-12 9.51E-12
 1.01E-11 1.02E-11 9.51E-12 7.91E-12 6.18E-12 5.26E-12
 2.45E-34 1.72E-26 2.96E-20 1.21E-15 2.07E-13 3.59E-12 7.85E-12 9.47E-12
 1.00E-11 1.02E-11 9.46E-12 7.87E-12 6.15E-12 5.24E-12
  43.2639    7  14 /pl=01:ss=45:pb= 1:sz=45/type=excit/ispb = t/isel =   39
 1.00E+10 1.00E+11 1.00E+12 1.00E+13 1.00E+14 1.00E+15 1.00E+16
 3.65E+01 5.47E+01 9.12E+01 1.82E+02 3.65E+02 9.12E+02 1.82E+03 2.73E+03
 3.65E+03 5.47E+03 9.12E+03 1.82E+04 3.65E+04 5.47E+04
 1.45E-34 1.02E-26 1.75E-20 7.14E-16 1.22E-13 2.13E-12 4.66E-12 5.62E-12
 5.96E-12 6.03E-12 5.63E-12 4.68E-12 3.65E-12 3.11E-12
 1.45E-34 1.02E-26 1.75E-20 7.14E-16 1.22E-13 2.13E-12 4.66E-12 5.62E-12
 5.96E-12 6.03E-12 5.63E-12 4.68E-12 3.65E-12 3.11E-12
 1.45E-34 1.02E-26 1.75E-20 7.14E-16 1.22E-13 2.13E-12 4.66E-12 5.62E-12
 5.96E-12 6.03E-12 5.63E-12 4.68E-12 3.65E-12 3.11E-12
 1.45E-34 1.02E-26 1.75E-20 7.14E-16 1.22E-13 2.13E-12 4.66E-12 5.62E-12
 5.96E-12 6.03E-12 5.63E-12 4.68E-12 3.65E-12 3.11E-12
 1.45E-34 1.02E-26 1.75E-20 7.14E-16 1.22E-13 2.13E-12 4.66E-12 5.62E-12
 5.96E-12 6.03E-12 5.62E-12 4.68E-12 3.65E-12 3.11E-12
 1.45E-34 1.02E-26 1.75E-20 7.14E-16 1.22E-13 2.12E-12 4.65E-12 5.62E-12
 5.96E-12 6.03E-12 5.62E-12 4.67E-12 3.65E-12 3.11E-12
 1.45E-34 1.02E-26 1.75E-20 7.13E-16 1.22E-13 2.12E-12 4.64E-12 5.60E-12
 5.93E-12 6.00E-12 5.59E-12 4.65E-12 3.64E-12 3.10E-12
  48.2084    7  14 /pl=01:ss=45:pb= 1:sz=45/type=excit/ispb = t/isel =   40
 1.00E+10 1.00E+11 1.00E+12 1.00E+13 1.00E+14 1.00E+15 1.00E+16
 3.65E+01 5.47E+01 9.12E+01 1.82E+02 3.65E+02 9.12E+02 1.82E+03 2.73E+03
 3.65E+03 5.47E+03 9.12E+03 1.82E+04 3.65E+04 5.47E+04
 4.64E-35 3.25E-27 5.59E-21 2.28E-16 3.91E-14 6.79E-13 1.49E-12 1.80E-12
 1.91E-12 1.93E-12 1.80E-12 1.49E-12 1.17E-12 9.94E-13
 4.64E-35 3.25E-27 5.59E-21 2.28E-16 3.91E-14 6.79E-13 1.49E-12 1.80E-12
 1.91E-12 1.93E-12 1.80E-12 1.49E-12 1.17E-12 9.94E-13
 4.64E-35 3.25E-27 5.59E-21 2.28E-16 3.91E-14 6.79E-13 1.49E-12 1.80E-12
 1.91E-12 1.93E-12 1.80E-12 1.49E-12 1.17E-12 9.94E-13
 4.64E-35 3.25E-27 5.59E-21 2.28E-16 3.91E-14 6.79E-13 1.49E-12 1.80E-12
 1.91E-12 1.93E-12 1.80E-12 1.49E-12 1.17E-12 9.94E-13
 4.64E-35 3.25E-27 5.59E-21 2.28E-16 3.91E-14 6.79E-13 1.49E-12 1.80E-12
 1.91E-12 1.93E-12 1.80E-12 1.49E-12 1.17E-12 9.94E-13
 4.64E-35 3.25E-27 5.59E-21 2.28E-16 3.91E-14 6.79E-13 1.49E-12 1.80E-12
 1.90E-12 1.93E-12 1.80E-12 1.49E-12 1.17E-12 9.93E-13
 4.64E-35 3.25E-27 5.59E-21 2.28E-16 3.91E-14 6.79E-13 1.48E-12 1.79E-12
 1.90E-12 1.92E-12 1.79E-12 1.49E-12 1.16E-12 9.90E-13
  48.3976    7  14 /pl=01:ss=45:pb= 1:sz=45/type=excit/ispb = t/isel =   41
 1.00E+10 1.00E+11 1.00E+12 1.00E+13 1.00E+14 1.00E+15 1.00E+16
 3.65E+01 5.47E+01 9.12E+01 1.82E+02 3.65E+02 9.12E+02 1.82E+03 2.73E+03
 3.65E+03 5.47E+03 9.12E+03 1.82E+04 3.65E+04 5.47E+04
 4.55E-35 3.19E-27 5.49E-21 2.24E-16 3.83E-14 6.67E-13 1.46E-12 1.76E-12
 1.87E-12 1.89E-12 1.77E-12 1.47E-12 1.15E-12 9.76E-13
 4.55E-35 3.19E-27 5.49E-21 2.24E-16 3.83E-14 6.67E-13 1.46E-12 1.76E-12
 1.87E-12 1.89E-12 1.77E-12 1.47E-12 1.15E-12 9.76E-13
 4.55E-35 3.19E-27 5.49E-21 2.24E-16 3.83E-14 6.67E-13 1.46E-12 1.76E-12
 1.87E-12 1.89E-12 1.77E-12 1.47E-12 1.15E-12 9.76E-13
 4.55E-35 3.19E-27 5.49E-21 2.24E-16 3.83E-14 6.67E-13 1.46E-12 1.76E-12
 1.87E-12 1.89E-12 1.77E-12 1.47E-12 1.15E-12 9.76E-13
 4.55E-35 3.19E-27 5.49E-21 2.24E-16 3.83E-14 6.67E-13 1.46E-12 1.76E-12
 1.87E-12 1.89E-12 1.77E-12 1.47E-12 1.15E-12 9.76E-13
 4.55E-35 3.19E-27 5.49E-21 2.24E-16 3.83E-14 6.67E-13 1.46E-12 1.76E-12
 1.87E-12 1.89E-12 1.76E-12 1.47E-12 1.15E-12 9.75E-13
 4.55E-35 3.19E-27 5.49E-21 2.24E-16 3.83E-14 6.66E-13 1.46E-12 1.76E-12
 1.86E-12 1.88E-12 1.76E-12 1.46E-12 1.14E-12 9.72E-13
  49.6406    7  14 /pl=01:ss=45:pb= 1:sz=45/type=excit/ispb = t/isel =   42
 1.00E+10 1.00E+11 1.00E+12 1.00E+13 1.00E+14 1.00E+15 1.00E+16
 3.65E+01 5.47E+01 9.12E+01 1.82E+02 3.65E+02 9.12E+02 1.82E+03 2.73E+03
 3.65E+03 5.47E+03 9.12E+03 1.82E+04 3.65E+04 5.47E+04
 2.36E-14 4.69E-13 4.69E-12 2.27E-11 4.25E-11 5.20E-11 5.14E-11 4.92E-11
 4.68E-11 4.28E-11 3.71E-11 2.94E-11 2.27E-11 1.93E-11
 2.36E-14 4.69E-13 4.69E-12 2.27E-11 4.25E-11 5.20E-11 5.14E-11 4.92E-11
 4.68E-11 4.28E-11 3.71E-11 2.94E-11 2.27E-11 1.93E-11
 2.36E-14 4.69E-13 4.69E-12 2.27E-11 4.25E-11 5.20E-11 5.14E-11 4.92E-11
 4.68E-11 4.28E-11 3.71E-11 2.94E-11 2.27E-11 1.93E-11
 2.36E-14 4.69E-13 4.69E-12 2.27E-11 4.25E-11 5.20E-11 5.14E-11 4.92E-11
 4.68E-11 4.28E-11 3.71E-11 2.94E-11 2.27E-11 1.93E-11
 2.36E-14 4.69E-13 4.69E-12 2.27E-11 4.25E-11 5.20E-11 5.14E-11 4.91E-11
 4.68E-11 4.28E-11 3.71E-11 2.94E-11 2.27E-11 1.93E-11
 2.36E-14 4.69E-13 4.69E-12 2.27E-11 4.25E-11 5.20E-11 5.14E-11 4.90E-11
 4.67E-11 4.27E-11 3.70E-11 2.94E-11 2.26E-11 1.92E-11
 2.37E-14 4.71E-13 4.70E-12 2.27E-11 4.26E-11 5.19E-11 5.09E-11 4.85E-11
 4.61E-11 4.21E-11 3.65E-11 2.89E-11 2.23E-11 1.90E-11
  51.2390    7  14 /pl=01:ss=45:pb= 1:sz=45/type=excit/ispb = t/isel =   43
 1.00E+10 1.00E+11 1.00E+12 1.00E+13 1.00E+14 1.00E+15 1.00E+16
 3.65E+01 5.47E+01 9.12E+01 1.82E+02 3.65E+02 9.12E+02 1.82E+03 2.73E+03
 3.65E+03 5.47E+03 9.12E+03 1.82E+04 3.65E+04 5.47E+04
 4.84E-35 3.39E-27 5.84E-21 2.38E-16 4.08E-14 7.10E-13 1.55E-12 1.88E-12
 1.99E-12 2.01E-12 1.88E-12 1.56E-12 1.22E-12 1.04E-12
 4.84E-35 3.39E-27 5.84E-21 2.38E-16 4.08E-14 7.10E-13 1.55E-12 1.88E-12
 1.99E-12 2.01E-12 1.88E-12 1.56E-12 1.22E-12 1.04E-12
 4.84E-35 3.39E-27 5.84E-21 2.38E-16 4.08E-14 7.10E-13 1.55E-12 1.88E-12
 1.99E-12 2.01E-12 1.88E-12 1.56E-12 1.22E-12 1.04E-12
 4.84E-35 3.39E-27 5.84E-21 2.38E-16 4.08E-14 7.10E-13 1.55E-12 1.88E-12
 1.99E-12 2.01E-12 1.88E-12 1.56E-12 1.22E-12 1.04E-12
 4.84E-35 3.39E-27 5.84E-21 2.38E-16 4.08E-14 7.10E-13 1.55E-12 1.88E-12
 1.99E-12 2.01E-12 1.88E-12 1.56E-12 1.22E-12 1.04E-12
 4.84E-35 3.39E-27 5.84E-21 2.38E-16 4.08E-14 7.09E-13 1.55E-12 1.88E-12
 1.99E-12 2.01E-12 1.88E-12 1.56E-12 1.22E-12 1.04E-12
 4.84E-35 3.39E-27 5.84E-21 2.38E-16 4.08E-14 7.09E-13 1.55E-12 1.87E-12
 1.98E-12 2.00E-12 1.87E-12 1.55E-12 1.21E-12 1.03E-12
  58.5224    7  14 /pl=01:ss=45:pb= 1:sz=45/type=excit/ispb = t/isel =   44
 1.00E+10 1.00E+11 1.00E+12 1.00E+13 1.00E+14 1.00E+15 1.00E+16
 3.65E+01 5.47E+01 9.12E+01 1.82E+02 3.65E+02 9.12E+02 1.82E+03 2.73E+03
 3.65E+03 5.47E+03 9.12E+03 1.82E+04 3.65E+04 5.47E+04
 2.05E-37 1.03E-28 8.64E-22 1.15E-16 3.57E-14 8.81E-13 2.17E-12 2.73E-12
 2.96E-12 3.06E-12 2.92E-12 2.48E-12 1.96E-12 1.67E-12
 2.05E-37 1.03E-28 8.64E-22 1.15E-16 3.57E-14 8.81E-13 2.17E-12 2.73E-12
 2.96E-12 3.06E-12 2.92E-12 2.48E-12 1.96E-12 1.67E-12
 2.05E-37 1.03E-28 8.64E-22 1.15E-16 3.57E-14 8.81E-13 2.17E-12 2.73E-12
 2.96E-12 3.06E-12 2.92E-12 2.48E-12 1.96E-12 1.67E-12
 2.05E-37 1.03E-28 8.64E-22 1.15E-16 3.57E-14 8.81E-13 2.17E-12 2.73E-12
 2.96E-12 3.06E-12 2.92E-12 2.48E-12 1.96E-12 1.67E-12
 2.05E-37 1.03E-28 8.64E-22 1.15E-16 3.57E-14 8.81E-13 2.17E-12 2.73E-12
 2.96E-12 3.06E-12 2.92E-12 2.48E-12 1.96E-12 1.67E-12
 2.05E-37 1.03E-28 8.64E-22 1.15E-16 3.57E-14 8.81E-13 2.17E-12 2.72E-12
 2.96E-12 3.06E-12 2.92E-12 2.47E-12 1.96E-12 1.67E-12
 2.05E-37 1.03E-28 8.63E-22 1.15E-16 3.57E-14 8.80E-13 2.16E-12 2.71E-12
 2.95E-12 3.04E-12 2.90E-12 2.46E-12 1.95E-12 1.66E-12
  62.2645    7  14 /pl=01:ss=45:pb= 1:sz=45/type=excit/ispb = t/isel =   45
 1.00E+10 1.00E+11 1.00E+12 1.00E+13 1.00E+14 1.00E+15 1.00E+16
 3.65E+01 5.47E+01 9.12E+01 1.82E+02 3.65E+02 9.12E+02 1.82E+03 2.73E+03
 3.65E+03 5.47E+03 9.12E+03 1.82E+04 3.65E+04 5.47E+04
 1.58E-11 8.08E-11 2.78E-10 6.35E-10 8.66E-10 9.15E-10 8.46E-10 7.87E-10
 7.36E-10 6.71E-10 5.82E-10 4.74E-10 3.80E-10 3.31E-10
 1.58E-11 8.08E-11 2.78E-10 6.35E-10 8.66E-10 9.15E-10 8.46E-10 7.87E-10
 7.36E-10 6.71E-10 5.82E-10 4.74E-10 3.80E-10 3.31E-10
 1.58E-11 8.08E-11 2.78E-10 6.35E-10 8.66E-10 9.15E-10 8.46E-10 7.87E-10
 7.36E-10 6.71E-10 5.82E-10 4.74E-10 3.80E-10 3.31E-10
 1.58E-11 8.08E-11 2.78E-10 6.35E-10 8.66E-10 9.15E-10 8.46E-10 7.87E-10
 7.36E-10 6.71E-10 5.82E-10 4.74E-10 3.80E-10 3.31E-10
 1.58E-11 8.08E-11 2.78E-10 6.35E-10 8.66E-10 9.15E-10 8.46E-10 7.87E-10
 7.36E-10 6.71E-10 5.82E-10 4.74E-10 3.80E-10 3.31E-10
 1.58E-11 8.08E-11 2.78E-10 6.35E-10 8.66E-10 9.15E-10 8.45E-10 7.86E-10
 7.36E-10 6.71E-10 5.82E-10 4.74E-10 3.80E-10 3.30E-10
 1.58E-11 8.08E-11 2.78E-10 6.34E-10 8.66E-10 9.14E-10 8.43E-10 7.83E-10
 7.33E-10 6.67E-10 5.79E-10 4.72E-10 3.78E-10 3.29E-10
  67.9152    7  14 /pl=01:ss=45:pb= 1:sz=45/type=excit/ispb = t/isel =   46
 1.00E+10 1.00E+11 1.00E+12 1.00E+13 1.00E+14 1.00E+15 1.00E+16
 3.65E+01 5.47E+01 9.12E+01 1.82E+02 3.65E+02 9.12E+02 1.82E+03 2.73E+03
 3.65E+03 5.47E+03 9.12E+03 1.82E+04 3.65E+04 5.47E+04
 1.52E-25 1.68E-21 5.22E-18 1.98E-15 6.33E-14 1.66E-12 4.99E-12 6.78E-12
 7.65E-12 8.22E-12 8.12E-12 7.08E-12 5.70E-12 4.89E-12
 9.39E-25 1.74E-21 5.22E-18 1.98E-15 6.33E-14 1.66E-12 4.99E-12 6.78E-12
 7.65E-12 8.22E-12 8.12E-12 7.08E-12 5.70E-12 4.89E-12
 8.81E-24 2.43E-21 5.24E-18 1.98E-15 6.33E-14 1.66E-12 4.99E-12 6.78E-12
 7.65E-12 8.22E-12 8.12E-12 7.08E-12 5.70E-12 4.89E-12
 8.76E-23 9.33E-21 5.45E-18 1.98E-15 6.33E-14 1.66E-12 4.99E-12 6.78E-12
 7.65E-12 8.22E-12 8.12E-12 7.08E-12 5.70E-12 4.89E-12
 8.75E-22 7.83E-20 7.56E-18 2.00E-15 6.34E-14 1.66E-12 4.99E-12 6.78E-12
 7.65E-12 8.22E-12 8.12E-12 7.08E-12 5.70E-12 4.89E-12
 8.75E-21 7.68E-19 2.87E-17 2.22E-15 6.39E-14 1.66E-12 4.99E-12 6.78E-12
 7.64E-12 8.22E-12 8.11E-12 7.07E-12 5.70E-12 4.89E-12
 8.75E-20 7.66E-18 2.40E-16 4.35E-15 6.91E-14 1.66E-12 4.98E-12 6.75E-12
 7.61E-12 8.18E-12 8.08E-12 7.04E-12 5.67E-12 4.87E-12
  72.3854    7  14 /pl=01:ss=45:pb= 1:sz=45/type=excit/ispb = t/isel =   47
 1.00E+10 1.00E+11 1.00E+12 1.00E+13 1.00E+14 1.00E+15 1.00E+16
 3.65E+01 5.47E+01 9.12E+01 1.82E+02 3.65E+02 9.12E+02 1.82E+03 2.73E+03
 3.65E+03 5.47E+03 9.12E+03 1.82E+04 3.65E+04 5.47E+04
 2.05E-14 4.96E-13 5.77E-12 3.14E-11 6.23E-11 7.75E-11 7.44E-11 6.95E-11
 6.51E-11 5.84E-11 4.96E-11 3.85E-11 2.93E-11 2.48E-11
 2.05E-14 4.96E-13 5.77E-12 3.14E-11 6.23E-11 7.75E-11 7.44E-11 6.95E-11
 6.51E-11 5.84E-11 4.96E-11 3.85E-11 2.93E-11 2.48E-11
 2.05E-14 4.96E-13 5.77E-12 3.14E-11 6.23E-11 7.75E-11 7.44E-11 6.95E-11
 6.51E-11 5.84E-11 4.96E-11 3.85E-11 2.93E-11 2.48E-11
 2.05E-14 4.96E-13 5.77E-12 3.14E-11 6.23E-11 7.75E-11 7.44E-11 6.95E-11
 6.51E-11 5.84E-11 4.96E-11 3.85E-11 2.93E-11 2.48E-11
 2.05E-14 4.96E-13 5.77E-12 3.14E-11 6.23E-11 7.75E-11 7.44E-11 6.95E-11
 6.51E-11 5.84E-11 4.96E-11 3.85E-11 2.93E-11 2.47E-11
 2.05E-14 4.96E-13 5.77E-12 3.14E-11 6.23E-11 7.75E-11 7.43E-11 6.94E-11
 6.51E-11 5.83E-11 4.95E-11 3.85E-11 2.93E-11 2.47E-11
 2.05E-14 4.96E-13 5.77E-12 3.14E-11 6.23E-11 7.74E-11 7.40E-11 6.90E-11
 6.47E-11 5.79E-11 4.92E-11 3.83E-11 2.91E-11 2.46E-11
  74.0703    7  14 /pl=01:ss=45:pb= 1:sz=45/type=excit/ispb = t/isel =   48
 1.00E+10 1.00E+11 1.00E+12 1.00E+13 1.00E+14 1.00E+15 1.00E+16
 3.65E+01 5.47E+01 9.12E+01 1.82E+02 3.65E+02 9.12E+02 1.82E+03 2.73E+03
 3.65E+03 5.47E+03 9.12E+03 1.82E+04 3.65E+04 5.47E+04
 1.13E-25 2.42E-21 8.12E-18 3.22E-15 9.50E-14 2.00E-12 5.65E-12 7.52E-12
 8.39E-12 8.93E-12 8.73E-12 7.54E-12 6.04E-12 5.18E-12
 3.65E-25 2.44E-21 8.12E-18 3.22E-15 9.50E-14 2.00E-12 5.65E-12 7.52E-12
 8.39E-12 8.93E-12 8.73E-12 7.54E-12 6.04E-12 5.18E-12
 2.89E-24 2.67E-21 8.13E-18 3.23E-15 9.50E-14 2.00E-12 5.65E-12 7.52E-12
 8.39E-12 8.93E-12 8.73E-12 7.54E-12 6.04E-12 5.18E-12
 2.82E-23 5.00E-21 8.20E-18 3.23E-15 9.50E-14 2.00E-12 5.65E-12 7.52E-12
 8.39E-12 8.93E-12 8.73E-12 7.54E-12 6.04E-12 5.18E-12
 2.81E-22 2.82E-20 8.94E-18 3.23E-15 9.50E-14 2.00E-12 5.65E-12 7.52E-12
 8.39E-12 8.93E-12 8.73E-12 7.54E-12 6.04E-12 5.18E-12
 2.81E-21 2.61E-19 1.63E-17 3.31E-15 9.52E-14 2.00E-12 5.65E-12 7.51E-12
 8.38E-12 8.92E-12 8.72E-12 7.54E-12 6.04E-12 5.17E-12
 2.81E-20 2.58E-18 8.99E-17 4.06E-15 9.70E-14 2.00E-12 5.63E-12 7.49E-12
 8.34E-12 8.88E-12 8.68E-12 7.51E-12 6.01E-12 5.15E-12
  82.5585    7  14 /pl=01:ss=45:pb= 1:sz=45/type=excit/ispb = t/isel =   49
 1.00E+10 1.00E+11 1.00E+12 1.00E+13 1.00E+14 1.00E+15 1.00E+16
 3.65E+01 5.47E+01 9.12E+01 1.82E+02 3.65E+02 9.12E+02 1.82E+03 2.73E+03
 3.65E+03 5.47E+03 9.12E+03 1.82E+04 3.65E+04 5.47E+04
 1.02E-15 2.04E-14 2.04E-13 9.85E-13 1.85E-12 2.26E-12 2.24E-12 2.14E-12
 2.04E-12 1.86E-12 1.61E-12 1.28E-12 9.86E-13 8.38E-13
 1.02E-15 2.04E-14 2.04E-13 9.85E-13 1.85E-12 2.26E-12 2.24E-12 2.14E-12
 2.04E-12 1.86E-12 1.61E-12 1.28E-12 9.86E-13 8.38E-13
 1.02E-15 2.04E-14 2.04E-13 9.85E-13 1.85E-12 2.26E-12 2.24E-12 2.14E-12
 2.04E-12 1.86E-12 1.61E-12 1.28E-12 9.86E-13 8.38E-13
 1.02E-15 2.04E-14 2.04E-13 9.85E-13 1.85E-12 2.26E-12 2.24E-12 2.14E-12
 2.04E-12 1.86E-12 1.61E-12 1.28E-12 9.86E-13 8.38E-13
 1.02E-15 2.04E-14 2.04E-13 9.85E-13 1.85E-12 2.26E-12 2.24E-12 2.14E-12
 2.04E-12 1.86E-12 1.61E-12 1.28E-12 9.86E-13 8.37E-13
 1.03E-15 2.04E-14 2.04E-13 9.85E-13 1.85E-12 2.26E-12 2.23E-12 2.13E-12
 2.03E-12 1.86E-12 1.61E-12 1.28E-12 9.84E-13 8.36E-13
 1.03E-15 2.04E-14 2.04E-13 9.87E-13 1.85E-12 2.25E-12 2.21E-12 2.11E-12
 2.00E-12 1.83E-12 1.58E-12 1.26E-12 9.70E-13 8.25E-13
  124.559    7  14 /pl=01:ss=45:pb= 1:sz=45/type=excit/ispb = t/isel =   50
 1.00E+10 1.00E+11 1.00E+12 1.00E+13 1.00E+14 1.00E+15 1.00E+16
 3.65E+01 5.47E+01 9.12E+01 1.82E+02 3.65E+02 9.12E+02 1.82E+03 2.73E+03
 3.65E+03 5.47E+03 9.12E+03 1.82E+04 3.65E+04 5.47E+04
 1.62E-10 3.34E-10 5.58E-10 7.44E-10 7.83E-10 7.04E-10 6.08E-10 5.50E-10
 5.09E-10 4.52E-10 3.85E-10 3.05E-10 2.40E-10 2.05E-10
 1.62E-10 3.34E-10 5.58E-10 7.44E-10 7.83E-10 7.04E-10 6.08E-10 5.50E-10
 5.09E-10 4.52E-10 3.85E-10 3.05E-10 2.40E-10 2.05E-10
 1.62E-10 3.34E-10 5.58E-10 7.44E-10 7.83E-10 7.04E-10 6.08E-10 5.50E-10
 5.09E-10 4.52E-10 3.85E-10 3.05E-10 2.40E-10 2.05E-10
 1.62E-10 3.34E-10 5.58E-10 7.44E-10 7.83E-10 7.04E-10 6.08E-10 5.50E-10
 5.09E-10 4.52E-10 3.85E-10 3.05E-10 2.40E-10 2.05E-10
 1.62E-10 3.34E-10 5.58E-10 7.44E-10 7.83E-10 7.04E-10 6.08E-10 5.50E-10
 5.09E-10 4.52E-10 3.85E-10 3.05E-10 2.40E-10 2.05E-10
 1.62E-10 3.34E-10 5.58E-10 7.44E-10 7.83E-10 7.04E-10 6.08E-10 5.49E-10
 5.08E-10 4.51E-10 3.85E-10 3.05E-10 2.40E-10 2.05E-10
 1.62E-10 3.34E-10 5.58E-10 7.44E-10 7.83E-10 7.03E-10 6.06E-10 5.47E-10
 5.06E-10 4.49E-10 3.83E-10 3.03E-10 2.38E-10 2.04E-10
c-------------------------------------------------------------------------------
 
C  root partition information
C  ==========================
C
C  nuclear charge : 74
C  ion charge+1   : 46
C
C  population calculation information
C  ----------------------------------
C
C  population processing code: adas810
C
C  adf04 source file    : adf04_copmm#74_ic_40#w45.dat
C  adf18/a17_p208 file  : NULL
C
C  meta. ion. coeff. selector  : 
 
C  options  : lnorm =T  lpsel =F  lzsel =T  liosel=F
C           : lhsel =F  lrsel =F  lisel =F  lnsel =F
 
C  energy levels
C  -------------
C
C   lv      configuration    (2S+1)L(w-1/2)      energy (cm^-1)
C  ---   ------------------- --------------      --------------
c    1   606517                 (2)0(  0.5)             0.0
c    2   606518                 (2)1(  0.5)        802834.2
c    3   606518                 (2)1(  1.5)       1606050.4
c    4   606519                 (2)2(  1.5)       2817312.5
c    5   606519                 (2)2(  2.5)       2987544.0
c    6   60651A                 (2)3(  2.5)       4289738.0
c    7   60651A                 (2)3(  3.5)       4337612.8
c    8   60651B                 (2)0(  0.5)       7804842.1
c    9   60651C                 (2)1(  0.5)       8191512.3
c   10   60651C                 (2)1(  1.5)       8571202.7
c   11   60651D                 (2)2(  1.5)       9148195.9
c   12   60651D                 (2)2(  2.5)       9230957.2
c   13   60651G                 (2)0(  0.5)      11695874.0
c   14   60651H                 (2)1(  0.5)      11910361.6
c   15   60651H                 (2)1(  1.5)      12119918.8
c   16   60651I                 (2)2(  1.5)      12439531.4
c   17   60651I                 (2)2(  2.5)      12486042.3
c   18   96517518               (4)1(  2.5)      13216164.5
c   19   96517518               (4)3(  3.5)      13270956.5
c   20   96517518               (2)3(  2.5)      13271593.3
c   21   96517518               (2)2(  1.5)      13278200.5
c   22   96517518               (4)3(  1.5)      13738861.6
c   23   96517518               (4)3(  2.5)      13792739.6
c   24   96517518               (2)1(  1.5)      13800854.8
c   25   96517518               (4)2(  0.5)      13807421.2
c   26   60651M                 (2)0(  0.5)      13918541.4
c   27   96517518               (4)3(  4.5)      14015900.1
c   28   96517518               (2)2(  2.5)      14043295.3
c   29   96517518               (4)1(  1.5)      14044490.6
c   30   96517518               (4)2(  3.5)      14048727.0
c   31   60651N                 (2)1(  0.5)      14049360.8
c   32   96517518               (2)1(  0.5)      14052601.0
c   33   96517518               (2)3(  3.5)      14164558.4
c   34   96517518               (2)1(  1.5)      14167182.8
c   35   60651N                 (2)1(  1.5)      14178121.1
c   36   96517518               (2)2(  2.5)      14188030.1
c   37   60651O                 (2)2(  1.5)      14373177.9
c   38   60651O                 (2)2(  2.5)      14401912.7
c   39   96517518               (4)1(  0.5)      14525564.9
c   40   96517518               (4)2(  1.5)      14552122.8
c   41   96517518               (2)3(  3.5)      14554567.0
c   42   96517518               (4)2(  2.5)      14566095.4
c   43   96517518               (2)1(  0.5)      14673769.6
c   44   96517518               (2)3(  2.5)      14688413.9
c   45   96517518               (2)2(  1.5)      14704278.0
c   46   96517519               (4)0(  1.5)      15251553.1
c   47   96517519               (2)4(  3.5)      15285853.3
c   48   96517519               (4)2(  2.5)      15291574.1
c   49   96517519               (2)1(  0.5)      15292333.5
c   50   96517519               (4)4(  4.5)      15300962.0
c   51   96517519               (2)2(  1.5)      15315834.4
c   52   96517519               (2)3(  3.5)      15323084.1
c   53   96517519               (2)3(  2.5)      15327213.5
c   54   96517519               (4)4(  5.5)      15437884.4
c   55   96517519               (2)1(  1.5)      15448423.2
c   56   96517519               (2)1(  0.5)      15461143.3
c   57   96517519               (4)2(  3.5)      15470772.7
c   58   96517519               (4)3(  4.5)      15475988.3
c   59   96517519               (2)2(  2.5)      15477399.3
c   60   96517519               (2)4(  4.5)      15508155.6
c   61   96517519               (2)1(  1.5)      15521582.3
c   62   96517519               (2)2(  2.5)      15528636.7
c   63   96517519               (2)3(  3.5)      15541049.9
c   64   96517519               (4)1(  0.5)      15614444.1
c   65   96517519               (4)4(  2.5)      15794961.8
c   66   96517519               (4)2(  0.5)      15806120.9
c   67   96517519               (4)2(  1.5)      15812459.2
c   68   96517519               (4)4(  3.5)      15825783.7
c   69   96517519               (4)3(  1.5)      15839478.5
c   70   96517519               (4)3(  2.5)      15858019.7
c   71   96517519               (4)1(  1.5)      15952129.4
c   72   96517519               (2)4(  4.5)      15977506.8
c   73   96517519               (4)1(  2.5)      15984676.1
c   74   96517519               (4)3(  3.5)      15995385.1
c   75   96517519               (2)0(  0.5)      16000464.2
c   76   96517519               (2)4(  3.5)      16034051.1
c   77   96517519               (2)2(  1.5)      16043594.7
c   78   96517519               (2)3(  2.5)      16057794.7
c   79   96517519               (2)0(  0.5)      16118819.6
c   80   24555606527            (2)1(  1.5)      16152449.8
c   81   9651751A               (4)1(  0.5)      16706565.8
c   82   9651751A               (4)1(  1.5)      16728217.9
c   83   9651751A               (2)1(  0.5)      16752658.8
c   84   9651751A               (4)2(  2.5)      16759924.8
c   85   9651751A               (2)5(  4.5)      16761529.7
c   86   9651751A               (4)5(  5.5)      16762424.2
c   87   9651751A               (2)2(  1.5)      16775896.4
c   88   9651751A               (4)3(  3.5)      16780898.6
c   89   9651751A               (4)5(  6.5)      16789351.9
c   90   9651751A               (4)3(  2.5)      16792149.9
c   91   9651751A               (4)4(  4.5)      16795269.0
c   92   9651751A               (2)4(  3.5)      16799681.9
c   93   9651751A               (2)2(  2.5)      16816110.7
c   94   9651751A               (2)2(  1.5)      16820473.7
c   95   9651751A               (2)5(  5.5)      16829557.4
c   96   9651751A               (4)3(  4.5)      16832728.2
c   97   24555606517518         (4)0(  1.5)      16834963.2
c   98   9651751A               (4)4(  5.5)      16839200.5
c   99   9651751A               (2)3(  3.5)      16845606.2
c  100   9651751A               (2)3(  3.5)      16866473.3
c  101   9651751A               (2)2(  2.5)      16866498.3
c  102   9651751A               (2)4(  4.5)      16874448.1
c  103   24555606517518         (4)2(  2.5)      16888363.6
c  104   24555606517518         (2)2(  1.5)      16898915.5
c  105   24555606517518         (2)1(  0.5)      16908160.0
c  106   9651751A               (4)2(  0.5)      16951135.4
c  107   9651751A               (4)2(  1.5)      16953127.9
c  108   9651751A               (4)5(  3.5)      17269667.6
c  109   9651751A               (4)5(  4.5)      17287603.6
c  110   9651751A               (4)1(  2.5)      17290038.9
c  111   9651751A               (4)3(  1.5)      17290757.9
c  112   9651751A               (2)3(  2.5)      17315231.7
c  113   9651751A               (4)4(  2.5)      17320251.8
c  114   9651751A               (2)1(  1.5)      17332522.0
c  115   9651751A               (4)4(  3.5)      17332903.2
c  116   9651751A               (2)5(  5.5)      17333763.4
c  117   9651751A               (4)2(  3.5)      17351091.8
c  118   9651751A               (2)5(  4.5)      17353334.9
c  119   9651751A               (2)4(  4.5)      17367368.2
c  120   9651751A               (2)3(  2.5)      17382726.2
c  121   9651751A               (2)4(  3.5)      17392578.8
c  122   9651751A               (2)1(  0.5)      17469809.6
c  123   9651751A               (2)1(  1.5)      17479832.6
c  124   24555606517518         (4)2(  3.5)      17634280.5
c  125   24555606517518         (2)1(  1.5)      17658228.2
c  126   24555606517518         (4)1(  2.5)      17675336.6
c  127   24555606517518         (2)0(  0.5)      17710217.2
c  128   24555606517518         (2)2(  2.5)      17787880.0
c  129   24555606517518         (2)1(  1.5)      17809383.9
c  130   24555606517518         (2)0(  0.5)      17861195.8
c  131   24555606527            (2)1(  0.5)      18616370.2
c  132   24555606517519         (4)1(  0.5)      18875161.3
c  133   24555606517519         (4)1(  1.5)      18902895.5
c  134   24555606517519         (2)3(  2.5)      18912853.5
c  135   24555606517519         (4)3(  3.5)      18923615.4
c  136   24555606517519         (2)1(  0.5)      18939948.6
c  137   24555606517519         (4)2(  2.5)      18949290.7
c  138   24555606517519         (2)2(  1.5)      18953452.1
c  139   24555606517519         (4)3(  4.5)      19061839.4
c  140   24555606517519         (2)2(  2.5)      19090153.6
c  141   24555606517519         (2)1(  1.5)      19100572.4
c  142   24555606517519         (4)2(  3.5)      19102684.0
c  143   24555606517519         (2)1(  0.5)      19132963.9
c  144   24555606517519         (2)3(  3.5)      19137773.1
c  145   24555606517519         (2)2(  1.5)      19139869.6
c  146   24555606517519         (2)2(  2.5)      19166062.4
c  147   24555606517518         (4)2(  0.5)      19308004.1
c  148   24555606517518         (4)2(  1.5)      19360567.6
c  149   24555606517518         (4)1(  0.5)      19435768.9
c  150   24555606517518         (4)1(  1.5)      20115632.6
c  151   24555606517518         (2)2(  2.5)      20129811.4
c  152   24555606517518         (2)1(  0.5)      20259224.1
c  153   24555606517518         (2)2(  1.5)      20261062.3
c  154   2455560651751A         (4)2(  0.5)      20333329.7
c  155   2455560651751A         (4)2(  1.5)      20347509.9
c  156   2455560651751A         (4)2(  2.5)      20376695.9
c  157   2455560651751A         (4)4(  4.5)      20383415.0
c  158   2455560651751A         (2)4(  3.5)      20387809.3
c  159   2455560651751A         (2)2(  1.5)      20401079.6
c  160   2455560651751A         (4)4(  5.5)      20405355.9
c  161   2455560651751A         (4)3(  3.5)      20415115.1
c  162   2455560651751A         (2)3(  2.5)      20420188.2
c  163   2455560651751A         (2)3(  3.5)      20446277.0
c  164   2455560651751A         (2)4(  4.5)      20453645.8
c  165   2455560651751A         (4)3(  4.5)      20463901.0
c  166   2455560651751A         (2)3(  2.5)      20466722.5
c  167   2455560651751A         (2)2(  1.5)      20497868.9
c  168   2455560651751A         (2)3(  3.5)      20499784.3
c  169   2455560651751A         (2)2(  2.5)      20502919.9
c  170   9651751C               (4)1(  2.5)      20762513.0
c  171   9651751C               (2)3(  3.5)      20769787.8
c  172   9651751C               (2)3(  2.5)      20779155.2
c  173   9651751C               (2)1(  1.5)      20779301.8
c  174   9651751C               (4)3(  4.5)      21139044.2
c  175   9651751C               (2)2(  2.5)      21150109.1
c  176   9651751C               (2)1(  1.5)      21153865.4
c  177   9651751C               (4)2(  3.5)      21155465.8
c  178   9651751C               (2)1(  0.5)      21158168.0
c  179   9651751C               (4)1(  1.5)      21161749.7
c  180   9651751C               (2)3(  3.5)      21162530.2
c  181   9651751C               (2)2(  2.5)      21173603.5
c  182   9651751C               (4)3(  1.5)      21282345.8
c  183   9651751C               (4)2(  2.5)      21294958.8
c  184   9651751C               (4)2(  0.5)      21296792.2
c  185   9651751C               (2)2(  1.5)      21301669.9
c  186   24555606517519         (4)3(  1.5)      21373170.4
c  187   24555606517519         (4)2(  0.5)      21393966.2
c  188   24555606517519         (4)3(  2.5)      21403505.9
c  189   24555606517519         (4)2(  1.5)      21412864.8
c  190   24555606517519         (4)1(  2.5)      21542162.8
c  191   24555606517519         (2)3(  3.5)      21552864.9
c  192   24555606517519         (2)3(  2.5)      21606618.4
c  193   24555606517519         (2)1(  1.5)      21608634.2
c  194   9651751C               (4)1(  0.5)      21655239.7
c  195   9651751C               (4)2(  1.5)      21667895.8
c  196   9651751C               (4)3(  2.5)      21673395.9
c  197   9651751C               (4)3(  3.5)      21674234.3
c  198   9651751C               (2)1(  0.5)      21680313.1
c  199   9651751C               (2)3(  2.5)      21688312.6
c  200   9651751C               (2)2(  1.5)      21690885.8
c  201   9651751D               (4)0(  1.5)      21707982.8
c  202   9651751D               (2)4(  4.5)      21721724.4
c  203   9651751D               (2)1(  0.5)      21723259.8
c  204   9651751D               (4)2(  2.5)      21723780.4
c  205   9651751D               (4)4(  3.5)      21726386.6
c  206   9651751D               (2)3(  3.5)      21735108.9
c  207   9651751D               (2)2(  1.5)      21736358.7
c  208   9651751D               (2)3(  2.5)      21742019.2
c  209   9651751D               (4)4(  5.5)      21796969.1
c  210   9651751D               (2)1(  1.5)      21799354.1
c  211   9651751D               (2)1(  0.5)      21803260.6
c  212   9651751D               (4)2(  3.5)      21811159.1
c  213   9651751D               (4)4(  4.5)      21812437.9
c  214   9651751D               (2)2(  2.5)      21814506.9
c  215   9651751D               (4)3(  4.5)      21816025.4
c  216   9651751D               (2)2(  2.5)      21822500.4
c  217   9651751D               (2)1(  1.5)      21822532.0
c  218   9651751D               (2)3(  3.5)      21828738.7
c  219   9651751D               (2)0(  0.5)      21886827.4
c  220   9651751D               (4)4(  2.5)      22238489.4
c  221   9651751D               (4)2(  0.5)      22241945.4
c  222   9651751D               (4)2(  1.5)      22245749.6
c  223   9651751D               (2)4(  3.5)      22249340.1
c  224   9651751D               (4)3(  1.5)      22256577.4
c  225   9651751D               (4)3(  2.5)      22263863.1
c  226   9651751D               (4)1(  1.5)      22315994.2
c  227   9651751D               (4)1(  0.5)      22319277.1
c  228   9651751D               (2)0(  0.5)      22328216.3
c  229   9651751D               (2)4(  3.5)      22328291.3
c  230   9651751D               (4)1(  2.5)      22330592.3
c  231   9651751D               (2)4(  4.5)      22330747.5
c  232   9651751D               (2)2(  1.5)      22339539.7
c  233   9651751D               (4)3(  3.5)      22342087.1
c  234   9651751D               (2)3(  2.5)      22344977.5
c  235   9651751E               (4)1(  0.5)      22357726.5
c  236   9651751E               (4)1(  1.5)      22367328.5
c  237   9651751E               (2)1(  0.5)      22377864.7
c  238   9651751E               (2)5(  5.5)      22378605.4
c  239   9651751E               (4)2(  2.5)      22379980.1
c  240   9651751E               (2)5(  4.5)      22384981.8
c  241   9651751E               (4)3(  3.5)      22388138.7
c  242   9651751E               (2)2(  1.5)      22390201.8
c  243   9651751E               (4)4(  4.5)      22394759.8
c  244   9651751E               (4)5(  6.5)      22396905.0
c  245   9651751E               (2)3(  2.5)      22399271.1
c  246   9651751E               (2)4(  3.5)      22402131.3
c  247   9651751E               (2)2(  2.5)      22406502.2
c  248   9651751E               (2)2(  1.5)      22407644.9
c  249   9651751E               (4)5(  5.5)      22410925.5
c  250   9651751E               (4)3(  4.5)      22415206.7
c  251   9651751E               (4)4(  5.5)      22419330.9
c  252   9651751E               (2)3(  3.5)      22420782.1
c  253   9651751E               (2)3(  3.5)      22427288.0
c  254   9651751E               (2)2(  2.5)      22428484.4
c  255   9651751E               (2)4(  4.5)      22431213.7
c  256   9651751E               (2)1(  0.5)      22473349.3
c  257   9651751E               (4)2(  1.5)      22479529.5
c  258   9651751F               (4)2(  0.5)      22710662.8
c  259   9651751F               (4)2(  1.5)      22714277.0
c  260   9651751F               (4)2(  2.5)      22720049.7
c  261   9651751F               (4)6(  6.5)      22723158.5
c  262   9651751F               (4)3(  3.5)      22726245.9
c  263   9651751F               (2)6(  5.5)      22726619.5
c  264   9651751F               (4)6(  7.5)      22727409.6
c  265   9651751F               (4)4(  4.5)      22730189.4
c  266   9651751F               (4)3(  1.5)      22731982.2
c  267   9651751F               (2)3(  2.5)      22733380.1
c  268   9651751F               (4)5(  5.5)      22735273.9
c  269   9651751F               (4)4(  3.5)      22736535.8
c  270   9651751F               (2)5(  4.5)      22739439.9
c  271   9651751F               (4)5(  6.5)      22741097.3
c  272   9651751F               (2)2(  2.5)      22743895.9
c  273   9651751F               (4)4(  5.5)      22744401.3
c  274   9651751F               (2)4(  3.5)      22745430.1
c  275   9651751F               (2)2(  1.5)      22746126.2
c  276   9651751F               (2)4(  4.5)      22747403.2
c  277   9651751F               (2)3(  2.5)      22752672.9
c  278   9651751F               (2)6(  6.5)      22753257.1
c  279   9651751F               (2)3(  3.5)      22759571.7
c  280   9651751F               (2)4(  4.5)      22763115.1
c  281   9651751F               (2)5(  5.5)      22764355.1
c  282   2455560651751A         (4)4(  2.5)      22843048.6
c  283   2455560651751A         (4)4(  3.5)      22861257.6
c  284   2455560651751A         (4)2(  3.5)      22890611.9
c  285   2455560651751A         (4)3(  2.5)      22891122.8
c  286   2455560651751A         (4)3(  1.5)      22891625.9
c  287   9651751E               (4)5(  3.5)      22896593.5
c  288   9651751E               (4)5(  4.5)      22906214.4
c  289   9651751E               (4)3(  1.5)      22906706.2
c  290   9651751E               (4)1(  2.5)      22907176.7
c  291   2455560651751A         (2)4(  4.5)      22911078.6
c  292   9651751E               (4)4(  2.5)      22917952.5
c  293   9651751E               (4)3(  2.5)      22921304.7
c  294   9651751E               (4)4(  3.5)      22925598.1
c  295   9651751E               (2)1(  1.5)      22927291.0
c  296   9651751E               (2)5(  4.5)      22929942.0
c  297   9651751E               (2)5(  5.5)      22933095.5
c  298   2455560651751A         (2)2(  2.5)      22934188.3
c  299   2455560651751A         (2)4(  3.5)      22936328.6
c  300   9651751E               (4)2(  3.5)      22936493.5
c  301   9651751E               (2)3(  2.5)      22944150.9
c  302   9651751E               (2)4(  4.5)      22945652.0
c  303   9651751E               (2)4(  3.5)      22947948.7
c  304   9651751E               (2)1(  1.5)      22964832.9
c  305   9651751E               (4)2(  0.5)      22966714.8
c  306   9651751F               (4)6(  4.5)      23242118.0
c  307   9651751F               (4)6(  5.5)      23250461.5
c  308   9651751F               (4)3(  2.5)      23250872.2
c  309   9651751F               (2)2(  1.5)      23253178.9
c  310   9651751F               (4)2(  3.5)      23253272.3
c  311   9651751F               (4)5(  3.5)      23254537.5
c  312   9651751F               (4)4(  2.5)      23255825.6
c  313   9651751F               (2)3(  3.5)      23260085.7
c  314   9651751F               (2)6(  6.5)      23260339.0
c  315   9651751F               (4)5(  4.5)      23261560.0
c  316   9651751F               (4)3(  4.5)      23265192.6
c  317   9651751F               (2)5(  5.5)      23267229.5
c  318   9651751F               (2)6(  5.5)      23275151.8
c  319   9651751F               (2)2(  2.5)      23276682.0
c  320   9651751F               (2)4(  3.5)      23284207.0
c  321   9651751F               (2)5(  4.5)      23285619.9
c  322   2455560651751B         (4)1(  2.5)      23969851.9
c  323   2455560651751B         (2)1(  1.5)      23988362.6
c  324   2455560651751B         (2)1(  0.5)      24001821.2
c  325   2455560651751B         (2)1(  1.5)      24030783.1
c  326   2455560651751C         (4)1(  1.5)      24371197.2
c  327   2455560651751C         (2)2(  2.5)      24378857.6
c  328   2455560651751C         (2)1(  0.5)      24399613.8
c  329   2455560651751C         (2)2(  1.5)      24399878.0
c  330   2455560651751C         (4)2(  3.5)      24748583.4
c  331   2455560651751C         (2)1(  1.5)      24758235.5
c  332   2455560651751C         (4)1(  2.5)      24767113.4
c  333   2455560651751C         (2)1(  0.5)      24771558.7
c  334   2455560651751C         (2)2(  2.5)      24782176.3
c  335   2455560651751C         (2)1(  1.5)      24791917.7
c  336   2455560651751C         (2)0(  0.5)      24812138.0
c  337   2455560651751D         (4)1(  0.5)      25319122.5
c  338   2455560651751D         (4)1(  1.5)      25330361.5
c  339   2455560651751D         (2)3(  3.5)      25333468.7
c  340   2455560651751D         (4)2(  2.5)      25338053.9
c  341   2455560651751D         (2)1(  0.5)      25351840.1
c  342   2455560651751D         (2)3(  2.5)      25357037.2
c  343   2455560651751D         (2)2(  1.5)      25362388.8
c  344   2455560651751D         (4)3(  4.5)      25409246.2
c  345   2455560651751D         (2)2(  2.5)      25420810.8
c  346   2455560651751D         (2)1(  1.5)      25421811.1
c  347   2455560651751D         (2)1(  0.5)      25422090.2
c  348   2455560651751D         (4)2(  3.5)      25423788.5
c  349   2455560651751D         (2)3(  3.5)      25439763.9
c  350   2455560651751D         (2)1(  1.5)      25440200.4
c  351   2455560651751D         (2)2(  2.5)      25448907.6
c  352   2455560651751E         (4)2(  0.5)      25972314.6
c  353   2455560651751E         (4)2(  1.5)      25979184.5
c  354   2455560651751E         (2)4(  4.5)      25990647.8
c  355   2455560651751E         (4)2(  2.5)      25991297.3
c  356   2455560651751E         (4)3(  3.5)      25997122.6
c  357   2455560651751E         (2)2(  1.5)      26007099.8
c  358   2455560651751E         (4)4(  5.5)      26007238.5
c  359   2455560651751E         (2)4(  3.5)      26015136.2
c  360   2455560651751E         (2)3(  2.5)      26019142.7
c  361   2455560651751E         (4)3(  4.5)      26023768.5
c  362   2455560651751E         (2)3(  3.5)      26024139.9
c  363   2455560651751E         (2)3(  2.5)      26029425.8
c  364   2455560651751E         (2)2(  1.5)      26038675.8
c  365   2455560651751E         (2)4(  4.5)      26040122.4
c  366   2455560651751E         (2)3(  3.5)      26051505.2
c  367   2455560651751E         (2)2(  2.5)      26053462.9
c  368   2455560651751B         (4)1(  0.5)      26445280.9
c  369   2455560651751B         (4)1(  1.5)      26457586.0
c  370   2455560651751B         (2)1(  0.5)      26501227.7
c  371   2455560651751C         (4)2(  0.5)      26845759.9
c  372   2455560651751C         (4)2(  1.5)      26859827.3
c  373   2455560651751C         (4)1(  0.5)      26885605.5
c  374   2455560651751C         (4)0(  1.5)      27227224.0
c  375   2455560651751C         (4)2(  2.5)      27238743.4
c  376   2455560651751C         (2)2(  1.5)      27249150.3
c  377   2455560651751C         (2)0(  0.5)      27249439.9
c  378   2455560651751D         (4)3(  1.5)      27803928.4
c  379   2455560651751D         (4)3(  2.5)      27816533.0
c  380   2455560651751D         (4)2(  0.5)      27820110.1
c  381   2455560651751D         (4)2(  1.5)      27820913.4
c  382   2455560651751D         (4)1(  2.5)      27886943.0
c  383   2455560651751D         (4)3(  3.5)      27898391.4
c  384   2455560651751D         (2)3(  2.5)      27902339.4
c  385   2455560651751D         (2)2(  1.5)      27902667.8
c  386   2455560651751E         (4)4(  2.5)      28462705.8
c  387   2455560651751E         (4)4(  3.5)      28473503.6
c  388   2455560651751E         (2)2(  2.5)      28485792.6
c  389   2455560651751E         (4)3(  1.5)      28487026.2
c  390   2455560651751E         (4)2(  3.5)      28488183.8
c  391   2455560651751E         (4)4(  4.5)      28501584.2
c  392   2455560651751E         (4)3(  2.5)      28501784.6
c  393   2455560651751E         (2)4(  3.5)      28503234.1
 
 
 
c-------------------------------------------------------------------------------
 
C  superstage partition information
C  ================================
C
C  element symbol   : W
C  parent template  : 
C  partition level  :  1
C  superstage label : 45
C
C  tabulation       : photon emissivity coefft (te,ne)
C  units            : ph. emis coef(cm^3 s^-1); te (ev); ne (cm^-3)
C
C  photon emissivity atomic transitions
C  ------------------------------------
C  
C   isel  wvlen(A)            transition                type  ispb nspb
C                                                             ispp nspp sz    tg pr wr
C  ----- ---------- ----------------------------------- ----- ---- ---- --    -- -- --
C      1   4.35413  305(4)2(  0.5)-  1(2)0(  0.5)       excit   1    1  45   157 21  1
C      2   4.35448  304(2)1(  1.5)-  1(2)0(  0.5)       excit   1    1  45   156 11  2
C      3   4.44849  257(4)2(  1.5)-  1(2)0(  0.5)       excit   1    1  45   141 13  3
C      4   4.44972  256(2)1(  0.5)-  1(2)0(  0.5)       excit   1    1  45   140 26  4
C      5   4.67009  189(4)2(  1.5)-  1(2)0(  0.5)       excit   1    1  45   107 29  5
C      6   4.67422  187(4)2(  0.5)-  1(2)0(  0.5)       excit   1    1  45   106 34  6
C      7   5.22470  145(2)2(  1.5)-  1(2)0(  0.5)       excit   1    1  45    82 50  7
C      8   5.22658  143(2)1(  0.5)-  1(2)0(  0.5)       excit   1    1  45    81 27  8
C      9   5.23545  141(2)1(  1.5)-  1(2)0(  0.5)       excit   1    1  45    80 14  9
C     10   5.37580  286(4)3(  1.5)-  6(2)3(  2.5)       excit   1    1  45  1517 37 10
C     11   5.72088  123(2)1(  1.5)-  1(2)0(  0.5)       excit   1    1  45    68  3 11
C     12   5.72416  122(2)1(  0.5)-  1(2)0(  0.5)       excit   1    1  45    67  6 12
C     13   5.76950  114(2)1(  1.5)-  1(2)0(  0.5)       excit   1    1  45    66 44 13
C     14   5.89862  107(4)2(  1.5)-  1(2)0(  0.5)       excit   1    1  45    64  7 14
C     15   5.89931  106(4)2(  0.5)-  1(2)0(  0.5)       excit   1    1  45    63  9 15
C     16   6.16782  169(2)2(  2.5)-  6(2)3(  2.5)       excit   1    1  45  1428 40 16
C     17   6.18609  169(2)2(  2.5)-  7(2)3(  3.5)       excit   1    1  45  1709 24 17
C     18   6.19101   80(2)1(  1.5)-  1(2)0(  0.5)       excit   1    1  45    53 22 18
C     19   6.81488   43(2)1(  0.5)-  1(2)0(  0.5)       excit   1    1  45    29 32 19
C     20   6.87185   40(4)2(  1.5)-  1(2)0(  0.5)       excit   1    1  45    28 41 20
C     21   7.05857   34(2)1(  1.5)-  1(2)0(  0.5)       excit   1    1  45    23 10 21
C     22   7.11612   32(2)1(  0.5)-  1(2)0(  0.5)       excit   1    1  45    22 20 22
C     23   7.12023   29(4)1(  1.5)-  1(2)0(  0.5)       excit   1    1  45    20 18 23
C     24   7.24248   25(4)2(  0.5)-  1(2)0(  0.5)       excit   1    1  45    18 12 24
C     25   7.24593   24(2)1(  1.5)-  1(2)0(  0.5)       excit   1    1  45    17  8 25
C     26   7.27862   22(4)3(  1.5)-  1(2)0(  0.5)       excit   1    1  45    16 30 26
C     27   7.53114   21(2)2(  1.5)-  1(2)0(  0.5)       excit   1    1  45    15 48 27
C     28   11.6670   10(2)1(  1.5)-  1(2)0(  0.5)       excit   1    1  45     7 36 28
C     29   11.9827   11(2)2(  1.5)-  2(2)1(  0.5)       excit   1    1  45   214 42 29
C     30   13.1149   12(2)2(  2.5)-  3(2)1(  1.5)       excit   1    1  45   419 35 30
C     31   14.2816    8(2)0(  0.5)-  2(2)1(  0.5)       excit   1    1  45   211 23 31
C     32   16.1322    8(2)0(  0.5)-  3(2)1(  1.5)       excit   1    1  45   415 17 32
C     33   17.7465  149(4)1(  0.5)- 24(2)1(  1.5)       excit   1    1  45  6142 31 33
C     34   17.7672  149(4)1(  0.5)- 25(4)2(  0.5)       excit   1    1  45  6378 38 34
C     35   17.9094   10(2)1(  1.5)-  5(2)2(  2.5)       excit   1    1  45   986 39 35
C     36   27.0708  130(2)0(  0.5)- 34(2)1(  1.5)       excit   1    1  45  8325 28 36
C     37   42.0175   79(2)0(  0.5)- 22(4)3(  1.5)       excit   1    1  45  5531 47 37
C     38   43.1413   79(2)0(  0.5)- 24(2)1(  1.5)       excit   1    1  45  6086 15 38
C     39   43.2639   79(2)0(  0.5)- 25(4)2(  0.5)       excit   1    1  45  6336 25 39
C     40   48.2084   79(2)0(  0.5)- 29(4)1(  1.5)       excit   1    1  45  7179 46 40
C     41   48.3976   79(2)0(  0.5)- 32(2)1(  0.5)       excit   1    1  45  7852 49 41
C     42   49.6406    4(2)2(  1.5)-  2(2)1(  0.5)       excit   1    1  45   209  5 42
C     43   51.2390   79(2)0(  0.5)- 34(2)1(  1.5)       excit   1    1  45  8287 45 43
C     44   58.5224  130(2)0(  0.5)- 80(2)1(  1.5)       excit   1    1  45 18613 33 44
C     45   62.2645    3(2)1(  1.5)-  1(2)0(  0.5)       excit   1    1  45     2  1 45
C     46   67.9152    6(2)3(  2.5)-  4(2)2(  1.5)       excit   1    1  45   696 19 46
C     47   72.3854    5(2)2(  2.5)-  3(2)1(  1.5)       excit   1    1  45   412  4 47
C     48   74.0703    7(2)3(  3.5)-  5(2)2(  2.5)       excit   1    1  45   984 16 48
C     49   82.5585    4(2)2(  1.5)-  3(2)1(  1.5)       excit   1    1  45   411 43 49
C     50   124.559    2(2)1(  0.5)-  1(2)0(  0.5)       excit   1    1  45     1  2 50
c-------------------------------------------------------------------------------
                                                                                
C  code     : adas810
C  producer : Adam Foster
C  date     : 15/05/09
                                                                                
c-------------------------------------------------------------------------------

C-----------------------------------------------------------------------
C                               OPEN-ADAS
C                               +++++++++
C
C This file has been downloaded from OPEN-ADAS (http://open.adas.ac.uk)
C on 16-Sep-2014.
C
C TERMS AND CONDITIONS
C --------------------
C
C The user of the OPEN-ADAS system and data (hereinafter "the User")
C accepts the following terms and conditions:
C
C   1. The University of Strathclyde uses all reasonable endeavours to
C      ensure the accuracy of the data provided and any information
C      given, but the University makes no warranty, expressed or implied
C      as to its accuracy, integrity, fitness for purpose and shall not
C      be responsible for the use to which the data is put by the User
C      and/or any consequences arising out of any inaccuracies or
C      omissions.
C
C   2. Any downloaded OPEN-ADAS file is made available for the
C      personal use of the User only.  It must not be used for any
C      commercial application, incorporated into any web site or in
C      any form re-distributed without express prior written permission
C      from the ADAS Project. In particular, but not by way of
C      limitation, it must not be:
C        *  inserted into a managed database structure,
C        *  redistributed along with a modelling or analysis code,
C        *  made available on a public website.
C
C Permission for OPEN-ADAS data incorporation in non-commercial
C code/system development for scientific advance will not be
C unreasonably withheld, but will be subject to written agreement
C on a case by case basis.
C
C The User will indemnify the University of Strathclyde and keep it
C fully and effectively indemnified against each and every claim made
C against the University as a result of the User's use of the data.
C
C-----------------------------------------------------------------------
