   50    /W :44 photon emissivity coefficients/
--------------------------------------------------------------------------------
    1    1    1    1    1    1    1    1    1    1    1    1    1    1
    1    1    1    1    1    1    1    1    1    1    1    1    1    1
    1    1    1    1    1    1    1    1    1    1    1    1    1    1
    1    1    1    1    1    1    1    1    1    1    1    1    1    1
    1    1    1    1    1    1    1    1    1    1    1    1    1    1
    1    1    1    1    1
--------------------------------------------------------------------------------
//#01/p00/ 00/p01/ 01/p02/ 02/p03/ 03/p04/ 04/p05/ 05/p06/ 06/p07/ 07/p08/ 08/  
      p09/ 09/p10/ 10/p11/ 11/p12/ 12/p13/ 13/p14/ 14/p15/ 15/p16/ 16/p17/ 17/  
      p18/ 18/p19/ 19/p20/ 20/p21/ 21/p22/ 22/p23/ 23/p24/ 24/p25/ 25/p26/ 26/  
      p27/ 27/p28/ 28/p29/ 29/p30/ 30/p31/ 31/p32/ 32/p33/ 33/p34/ 34/p35/ 35/  
      p36/ 36/p37/ 37/p38/ 38/p39/ 39/p40/ 40/p41/ 41/p42/ 42/p43/ 43/p44/ 44/  
      p45/ 45/p46/ 46/p47/ 47/p48/ 48/p49/ 49/p50/ 50/p51/ 51/p52/ 52/p53/ 53/  
      p54/ 54/p55/ 55/p56/ 56/p57/ 57/p58/ 58/p59/ 59/p60/ 60/p61/ 61/p62/ 62/  
      p63/ 63/p64/ 64/p65/ 65/p66/ 66/p67/ 67/p68/ 68/p69/ 69/p70/ 70/p71/ 71/  
      p72/ 72/p73/ 73/p74/ 74/                                                  
--------------------------------------------------------------------------------
  3.62746    7  14 /pl=01:ss=44:pb= 1:sz=44/type=excit/ispb = t/isel =    1
 1.00E+10 1.00E+11 1.00E+12 1.00E+13 1.00E+14 1.00E+15 1.00E+16
 3.49E+01 5.23E+01 8.72E+01 1.74E+02 3.49E+02 8.72E+02 1.74E+03 2.62E+03
 3.49E+03 5.23E+03 8.72E+03 1.74E+04 3.49E+04 5.23E+04
 1.00E-74 5.79E-40 1.01E-28 2.39E-20 3.33E-16 8.65E-14 4.84E-13 8.23E-13
 1.06E-12 1.34E-12 1.61E-12 1.81E-12 1.86E-12 1.83E-12
 1.00E-74 5.81E-40 1.01E-28 2.39E-20 3.33E-16 8.65E-14 4.84E-13 8.23E-13
 1.06E-12 1.34E-12 1.61E-12 1.81E-12 1.86E-12 1.83E-12
 1.00E-74 5.81E-40 1.01E-28 2.39E-20 3.33E-16 8.65E-14 4.84E-13 8.23E-13
 1.06E-12 1.34E-12 1.61E-12 1.81E-12 1.86E-12 1.83E-12
 1.00E-74 5.81E-40 1.01E-28 2.39E-20 3.33E-16 8.65E-14 4.84E-13 8.23E-13
 1.06E-12 1.34E-12 1.61E-12 1.81E-12 1.86E-12 1.83E-12
 1.00E-74 5.81E-40 1.01E-28 2.39E-20 3.33E-16 8.64E-14 4.84E-13 8.23E-13
 1.06E-12 1.34E-12 1.61E-12 1.81E-12 1.86E-12 1.83E-12
 1.00E-74 5.81E-40 1.01E-28 2.38E-20 3.32E-16 8.61E-14 4.82E-13 8.20E-13
 1.05E-12 1.34E-12 1.61E-12 1.81E-12 1.86E-12 1.82E-12
 1.00E-74 5.81E-40 1.00E-28 2.36E-20 3.25E-16 8.40E-14 4.70E-13 8.00E-13
 1.03E-12 1.31E-12 1.58E-12 1.78E-12 1.83E-12 1.80E-12
  3.90648    7  14 /pl=01:ss=44:pb= 1:sz=44/type=excit/ispb = t/isel =    2
 1.00E+10 1.00E+11 1.00E+12 1.00E+13 1.00E+14 1.00E+15 1.00E+16
 3.49E+01 5.23E+01 8.72E+01 1.74E+02 3.49E+02 8.72E+02 1.74E+03 2.62E+03
 3.49E+03 5.23E+03 8.72E+03 1.74E+04 3.49E+04 5.23E+04
 1.00E-74 3.85E-37 1.02E-26 5.71E-19 3.62E-15 5.50E-13 2.51E-12 3.92E-12
 4.79E-12 5.71E-12 6.34E-12 6.48E-12 6.12E-12 5.76E-12
 1.00E-74 3.85E-37 1.02E-26 5.71E-19 3.62E-15 5.50E-13 2.51E-12 3.92E-12
 4.79E-12 5.71E-12 6.34E-12 6.48E-12 6.12E-12 5.76E-12
 1.00E-74 3.85E-37 1.02E-26 5.71E-19 3.62E-15 5.50E-13 2.51E-12 3.92E-12
 4.79E-12 5.71E-12 6.34E-12 6.48E-12 6.12E-12 5.76E-12
 1.00E-74 3.85E-37 1.02E-26 5.71E-19 3.62E-15 5.50E-13 2.51E-12 3.92E-12
 4.79E-12 5.71E-12 6.34E-12 6.48E-12 6.12E-12 5.76E-12
 1.00E-74 3.85E-37 1.02E-26 5.71E-19 3.62E-15 5.50E-13 2.51E-12 3.92E-12
 4.79E-12 5.70E-12 6.34E-12 6.48E-12 6.11E-12 5.76E-12
 1.00E-74 3.85E-37 1.02E-26 5.70E-19 3.61E-15 5.48E-13 2.50E-12 3.91E-12
 4.78E-12 5.69E-12 6.32E-12 6.47E-12 6.11E-12 5.75E-12
 1.00E-74 3.84E-37 1.01E-26 5.64E-19 3.54E-15 5.34E-13 2.43E-12 3.81E-12
 4.67E-12 5.56E-12 6.20E-12 6.36E-12 6.03E-12 5.69E-12
  3.97133    7  14 /pl=01:ss=44:pb= 1:sz=44/type=excit/ispb = t/isel =    3
 1.00E+10 1.00E+11 1.00E+12 1.00E+13 1.00E+14 1.00E+15 1.00E+16
 3.49E+01 5.23E+01 8.72E+01 1.74E+02 3.49E+02 8.72E+02 1.74E+03 2.62E+03
 3.49E+03 5.23E+03 8.72E+03 1.74E+04 3.49E+04 5.23E+04
 1.00E-74 3.90E-37 7.00E-27 3.04E-19 1.81E-15 2.81E-13 1.33E-12 2.14E-12
 2.68E-12 3.31E-12 3.86E-12 4.22E-12 4.24E-12 4.12E-12
 1.00E-74 3.90E-37 7.00E-27 3.04E-19 1.81E-15 2.81E-13 1.33E-12 2.14E-12
 2.68E-12 3.31E-12 3.86E-12 4.22E-12 4.24E-12 4.12E-12
 1.00E-74 3.90E-37 7.00E-27 3.04E-19 1.81E-15 2.81E-13 1.33E-12 2.14E-12
 2.68E-12 3.31E-12 3.86E-12 4.22E-12 4.24E-12 4.12E-12
 1.00E-74 3.90E-37 7.00E-27 3.04E-19 1.81E-15 2.81E-13 1.33E-12 2.14E-12
 2.68E-12 3.31E-12 3.86E-12 4.22E-12 4.24E-12 4.12E-12
 1.00E-74 3.90E-37 7.00E-27 3.04E-19 1.81E-15 2.81E-13 1.33E-12 2.14E-12
 2.68E-12 3.31E-12 3.86E-12 4.22E-12 4.24E-12 4.12E-12
 1.00E-74 3.90E-37 7.00E-27 3.04E-19 1.81E-15 2.80E-13 1.33E-12 2.14E-12
 2.67E-12 3.30E-12 3.85E-12 4.21E-12 4.23E-12 4.12E-12
 1.00E-74 3.90E-37 6.98E-27 3.01E-19 1.77E-15 2.73E-13 1.30E-12 2.08E-12
 2.61E-12 3.22E-12 3.78E-12 4.15E-12 4.17E-12 4.07E-12
  3.98372    7  14 /pl=01:ss=44:pb= 1:sz=44/type=excit/ispb = t/isel =    4
 1.00E+10 1.00E+11 1.00E+12 1.00E+13 1.00E+14 1.00E+15 1.00E+16
 3.49E+01 5.23E+01 8.72E+01 1.74E+02 3.49E+02 8.72E+02 1.74E+03 2.62E+03
 3.49E+03 5.23E+03 8.72E+03 1.74E+04 3.49E+04 5.23E+04
 1.00E-74 1.48E-36 2.44E-26 9.59E-19 5.11E-15 7.00E-13 3.08E-12 4.76E-12
 5.79E-12 6.88E-12 7.59E-12 7.72E-12 7.25E-12 6.84E-12
 1.00E-74 1.48E-36 2.44E-26 9.59E-19 5.11E-15 7.00E-13 3.08E-12 4.76E-12
 5.79E-12 6.88E-12 7.59E-12 7.72E-12 7.25E-12 6.84E-12
 1.00E-74 1.48E-36 2.44E-26 9.59E-19 5.11E-15 7.00E-13 3.08E-12 4.76E-12
 5.79E-12 6.88E-12 7.59E-12 7.72E-12 7.25E-12 6.84E-12
 1.00E-74 1.48E-36 2.43E-26 9.59E-19 5.11E-15 7.00E-13 3.08E-12 4.76E-12
 5.79E-12 6.88E-12 7.59E-12 7.72E-12 7.25E-12 6.84E-12
 1.00E-74 1.48E-36 2.43E-26 9.59E-19 5.11E-15 7.00E-13 3.08E-12 4.76E-12
 5.78E-12 6.88E-12 7.59E-12 7.72E-12 7.25E-12 6.84E-12
 1.00E-74 1.48E-36 2.43E-26 9.57E-19 5.09E-15 6.97E-13 3.07E-12 4.74E-12
 5.77E-12 6.86E-12 7.57E-12 7.70E-12 7.24E-12 6.83E-12
 1.00E-74 1.48E-36 2.43E-26 9.47E-19 4.99E-15 6.80E-13 2.99E-12 4.63E-12
 5.63E-12 6.71E-12 7.43E-12 7.58E-12 7.15E-12 6.75E-12
  4.38544    7  14 /pl=01:ss=44:pb= 1:sz=44/type=excit/ispb = t/isel =    5
 1.00E+10 1.00E+11 1.00E+12 1.00E+13 1.00E+14 1.00E+15 1.00E+16
 3.49E+01 5.23E+01 8.72E+01 1.74E+02 3.49E+02 8.72E+02 1.74E+03 2.62E+03
 3.49E+03 5.23E+03 8.72E+03 1.74E+04 3.49E+04 5.23E+04
 1.00E-74 2.53E-34 4.72E-25 3.66E-18 8.52E-15 7.10E-13 2.60E-12 3.71E-12
 4.32E-12 4.76E-12 4.79E-12 4.26E-12 3.46E-12 2.98E-12
 1.00E-74 2.53E-34 4.72E-25 3.66E-18 8.52E-15 7.10E-13 2.60E-12 3.71E-12
 4.32E-12 4.76E-12 4.79E-12 4.26E-12 3.46E-12 2.98E-12
 7.88E-46 2.53E-34 4.72E-25 3.66E-18 8.52E-15 7.10E-13 2.60E-12 3.71E-12
 4.32E-12 4.76E-12 4.79E-12 4.26E-12 3.46E-12 2.98E-12
 5.51E-46 2.53E-34 4.72E-25 3.66E-18 8.52E-15 7.09E-13 2.60E-12 3.71E-12
 4.32E-12 4.76E-12 4.79E-12 4.26E-12 3.46E-12 2.98E-12
 5.83E-46 2.53E-34 4.72E-25 3.66E-18 8.52E-15 7.09E-13 2.60E-12 3.71E-12
 4.32E-12 4.76E-12 4.79E-12 4.26E-12 3.46E-12 2.97E-12
 5.82E-46 2.53E-34 4.72E-25 3.65E-18 8.49E-15 7.07E-13 2.59E-12 3.70E-12
 4.30E-12 4.74E-12 4.78E-12 4.25E-12 3.45E-12 2.97E-12
 5.82E-46 2.53E-34 4.71E-25 3.61E-18 8.33E-15 6.89E-13 2.52E-12 3.61E-12
 4.20E-12 4.64E-12 4.69E-12 4.18E-12 3.41E-12 2.94E-12
  4.40311    7  14 /pl=01:ss=44:pb= 1:sz=44/type=excit/ispb = t/isel =    6
 1.00E+10 1.00E+11 1.00E+12 1.00E+13 1.00E+14 1.00E+15 1.00E+16
 3.49E+01 5.23E+01 8.72E+01 1.74E+02 3.49E+02 8.72E+02 1.74E+03 2.62E+03
 3.49E+03 5.23E+03 8.72E+03 1.74E+04 3.49E+04 5.23E+04
 1.00E-74 1.00E-33 1.71E-24 1.25E-17 2.89E-14 2.43E-12 9.19E-12 1.36E-11
 1.62E-11 1.88E-11 2.06E-11 2.08E-11 1.96E-11 1.85E-11
 1.00E-74 1.00E-33 1.71E-24 1.25E-17 2.89E-14 2.43E-12 9.19E-12 1.36E-11
 1.62E-11 1.88E-11 2.06E-11 2.08E-11 1.96E-11 1.85E-11
 1.00E-74 1.00E-33 1.71E-24 1.25E-17 2.89E-14 2.43E-12 9.19E-12 1.36E-11
 1.62E-11 1.88E-11 2.06E-11 2.08E-11 1.96E-11 1.85E-11
 1.00E-74 1.00E-33 1.71E-24 1.25E-17 2.89E-14 2.43E-12 9.19E-12 1.36E-11
 1.62E-11 1.88E-11 2.06E-11 2.08E-11 1.96E-11 1.85E-11
 1.75E-45 1.00E-33 1.71E-24 1.25E-17 2.89E-14 2.43E-12 9.19E-12 1.36E-11
 1.62E-11 1.88E-11 2.06E-11 2.08E-11 1.96E-11 1.85E-11
 2.63E-45 1.00E-33 1.71E-24 1.25E-17 2.88E-14 2.42E-12 9.16E-12 1.35E-11
 1.61E-11 1.87E-11 2.05E-11 2.08E-11 1.96E-11 1.84E-11
 2.56E-45 1.00E-33 1.71E-24 1.24E-17 2.82E-14 2.36E-12 8.93E-12 1.32E-11
 1.57E-11 1.83E-11 2.01E-11 2.04E-11 1.93E-11 1.82E-11
  4.49947    7  14 /pl=01:ss=44:pb= 1:sz=44/type=excit/ispb = t/isel =    7
 1.00E+10 1.00E+11 1.00E+12 1.00E+13 1.00E+14 1.00E+15 1.00E+16
 3.49E+01 5.23E+01 8.72E+01 1.74E+02 3.49E+02 8.72E+02 1.74E+03 2.62E+03
 3.49E+03 5.23E+03 8.72E+03 1.74E+04 3.49E+04 5.23E+04
 1.00E-74 2.79E-33 3.04E-24 1.57E-17 3.08E-14 2.36E-12 8.65E-12 1.26E-11
 1.50E-11 1.73E-11 1.88E-11 1.89E-11 1.77E-11 1.66E-11
 1.00E-74 2.79E-33 3.04E-24 1.57E-17 3.08E-14 2.36E-12 8.65E-12 1.26E-11
 1.50E-11 1.73E-11 1.88E-11 1.89E-11 1.77E-11 1.66E-11
 1.00E-74 2.79E-33 3.04E-24 1.57E-17 3.08E-14 2.36E-12 8.65E-12 1.26E-11
 1.50E-11 1.73E-11 1.88E-11 1.89E-11 1.77E-11 1.66E-11
 1.44E-44 2.79E-33 3.04E-24 1.57E-17 3.08E-14 2.36E-12 8.65E-12 1.26E-11
 1.50E-11 1.73E-11 1.88E-11 1.89E-11 1.77E-11 1.66E-11
 1.30E-44 2.79E-33 3.04E-24 1.57E-17 3.07E-14 2.36E-12 8.65E-12 1.26E-11
 1.50E-11 1.73E-11 1.88E-11 1.89E-11 1.77E-11 1.66E-11
 1.27E-44 2.79E-33 3.04E-24 1.57E-17 3.07E-14 2.35E-12 8.62E-12 1.26E-11
 1.49E-11 1.72E-11 1.87E-11 1.88E-11 1.77E-11 1.66E-11
 1.27E-44 2.79E-33 3.03E-24 1.55E-17 3.01E-14 2.29E-12 8.40E-12 1.23E-11
 1.46E-11 1.68E-11 1.84E-11 1.85E-11 1.74E-11 1.64E-11
  4.69757    7  14 /pl=01:ss=44:pb= 1:sz=44/type=excit/ispb = t/isel =    8
 1.00E+10 1.00E+11 1.00E+12 1.00E+13 1.00E+14 1.00E+15 1.00E+16
 3.49E+01 5.23E+01 8.72E+01 1.74E+02 3.49E+02 8.72E+02 1.74E+03 2.62E+03
 3.49E+03 5.23E+03 8.72E+03 1.74E+04 3.49E+04 5.23E+04
 1.00E-74 5.45E-33 2.61E-24 8.24E-18 1.42E-14 1.18E-12 4.75E-12 7.23E-12
 8.78E-12 1.04E-11 1.16E-11 1.21E-11 1.16E-11 1.11E-11
 1.00E-74 5.45E-33 2.61E-24 8.24E-18 1.42E-14 1.18E-12 4.75E-12 7.23E-12
 8.78E-12 1.04E-11 1.16E-11 1.21E-11 1.16E-11 1.11E-11
 9.18E-44 5.45E-33 2.61E-24 8.24E-18 1.42E-14 1.18E-12 4.75E-12 7.23E-12
 8.78E-12 1.04E-11 1.16E-11 1.21E-11 1.16E-11 1.11E-11
 7.34E-44 5.45E-33 2.61E-24 8.24E-18 1.42E-14 1.18E-12 4.75E-12 7.23E-12
 8.78E-12 1.04E-11 1.16E-11 1.21E-11 1.16E-11 1.11E-11
 7.34E-44 5.45E-33 2.61E-24 8.24E-18 1.42E-14 1.18E-12 4.75E-12 7.22E-12
 8.77E-12 1.04E-11 1.16E-11 1.21E-11 1.16E-11 1.11E-11
 7.37E-44 5.45E-33 2.61E-24 8.23E-18 1.42E-14 1.18E-12 4.73E-12 7.20E-12
 8.75E-12 1.04E-11 1.16E-11 1.21E-11 1.16E-11 1.11E-11
 7.40E-44 5.47E-33 2.61E-24 8.16E-18 1.39E-14 1.15E-12 4.61E-12 7.03E-12
 8.55E-12 1.02E-11 1.14E-11 1.19E-11 1.15E-11 1.10E-11
  4.89961    7  14 /pl=01:ss=44:pb= 1:sz=44/type=excit/ispb = t/isel =    9
 1.00E+10 1.00E+11 1.00E+12 1.00E+13 1.00E+14 1.00E+15 1.00E+16
 3.49E+01 5.23E+01 8.72E+01 1.74E+02 3.49E+02 8.72E+02 1.74E+03 2.62E+03
 3.49E+03 5.23E+03 8.72E+03 1.74E+04 3.49E+04 5.23E+04
 7.06E-42 1.80E-31 3.49E-23 4.91E-17 4.91E-14 2.44E-12 7.55E-12 1.02E-11
 1.15E-11 1.23E-11 1.20E-11 1.04E-11 8.27E-12 7.06E-12
 7.04E-42 1.80E-31 3.49E-23 4.91E-17 4.91E-14 2.44E-12 7.55E-12 1.02E-11
 1.15E-11 1.23E-11 1.20E-11 1.04E-11 8.27E-12 7.06E-12
 7.04E-42 1.80E-31 3.49E-23 4.91E-17 4.91E-14 2.44E-12 7.55E-12 1.02E-11
 1.15E-11 1.23E-11 1.20E-11 1.04E-11 8.27E-12 7.06E-12
 7.04E-42 1.80E-31 3.49E-23 4.91E-17 4.91E-14 2.44E-12 7.55E-12 1.02E-11
 1.15E-11 1.23E-11 1.20E-11 1.04E-11 8.27E-12 7.06E-12
 7.04E-42 1.80E-31 3.49E-23 4.91E-17 4.90E-14 2.44E-12 7.54E-12 1.02E-11
 1.15E-11 1.23E-11 1.20E-11 1.04E-11 8.27E-12 7.06E-12
 7.04E-42 1.80E-31 3.49E-23 4.90E-17 4.89E-14 2.43E-12 7.52E-12 1.02E-11
 1.14E-11 1.23E-11 1.20E-11 1.04E-11 8.25E-12 7.05E-12
 7.04E-42 1.80E-31 3.48E-23 4.85E-17 4.80E-14 2.37E-12 7.33E-12 9.92E-12
 1.12E-11 1.20E-11 1.18E-11 1.02E-11 8.15E-12 6.97E-12
  5.26610    7  14 /pl=01:ss=44:pb= 1:sz=44/type=excit/ispb = t/isel =   10
 1.00E+10 1.00E+11 1.00E+12 1.00E+13 1.00E+14 1.00E+15 1.00E+16
 3.49E+01 5.23E+01 8.72E+01 1.74E+02 3.49E+02 8.72E+02 1.74E+03 2.62E+03
 3.49E+03 5.23E+03 8.72E+03 1.74E+04 3.49E+04 5.23E+04
 5.95E-40 2.88E-30 1.57E-22 9.62E-17 7.19E-14 3.58E-12 1.21E-11 1.74E-11
 2.05E-11 2.37E-11 2.58E-11 2.61E-11 2.46E-11 2.33E-11
 5.91E-40 2.88E-30 1.57E-22 9.62E-17 7.19E-14 3.58E-12 1.21E-11 1.74E-11
 2.05E-11 2.37E-11 2.58E-11 2.61E-11 2.46E-11 2.33E-11
 5.91E-40 2.88E-30 1.57E-22 9.62E-17 7.19E-14 3.58E-12 1.21E-11 1.74E-11
 2.05E-11 2.37E-11 2.58E-11 2.61E-11 2.46E-11 2.33E-11
 5.91E-40 2.88E-30 1.57E-22 9.62E-17 7.19E-14 3.58E-12 1.21E-11 1.74E-11
 2.05E-11 2.36E-11 2.58E-11 2.61E-11 2.46E-11 2.33E-11
 5.91E-40 2.88E-30 1.57E-22 9.61E-17 7.19E-14 3.57E-12 1.20E-11 1.74E-11
 2.05E-11 2.36E-11 2.57E-11 2.61E-11 2.46E-11 2.33E-11
 5.91E-40 2.88E-30 1.57E-22 9.60E-17 7.17E-14 3.56E-12 1.20E-11 1.73E-11
 2.04E-11 2.36E-11 2.57E-11 2.60E-11 2.46E-11 2.32E-11
 5.93E-40 2.89E-30 1.57E-22 9.51E-17 7.04E-14 3.48E-12 1.17E-11 1.69E-11
 1.99E-11 2.31E-11 2.52E-11 2.56E-11 2.43E-11 2.30E-11
  5.66357    7  14 /pl=01:ss=44:pb= 1:sz=44/type=excit/ispb = t/isel =   11
 1.00E+10 1.00E+11 1.00E+12 1.00E+13 1.00E+14 1.00E+15 1.00E+16
 3.49E+01 5.23E+01 8.72E+01 1.74E+02 3.49E+02 8.72E+02 1.74E+03 2.62E+03
 3.49E+03 5.23E+03 8.72E+03 1.74E+04 3.49E+04 5.23E+04
 1.29E-40 8.75E-31 5.85E-23 3.71E-17 2.50E-14 9.90E-13 2.86E-12 3.80E-12
 4.24E-12 4.50E-12 4.43E-12 3.87E-12 3.13E-12 2.70E-12
 1.29E-40 8.75E-31 5.85E-23 3.71E-17 2.50E-14 9.90E-13 2.86E-12 3.80E-12
 4.24E-12 4.50E-12 4.43E-12 3.87E-12 3.13E-12 2.70E-12
 1.29E-40 8.75E-31 5.85E-23 3.71E-17 2.50E-14 9.90E-13 2.86E-12 3.80E-12
 4.24E-12 4.50E-12 4.43E-12 3.87E-12 3.13E-12 2.70E-12
 1.29E-40 8.75E-31 5.85E-23 3.71E-17 2.50E-14 9.89E-13 2.86E-12 3.80E-12
 4.24E-12 4.50E-12 4.43E-12 3.87E-12 3.13E-12 2.70E-12
 1.29E-40 8.75E-31 5.85E-23 3.71E-17 2.50E-14 9.89E-13 2.86E-12 3.80E-12
 4.23E-12 4.50E-12 4.42E-12 3.87E-12 3.13E-12 2.70E-12
 1.29E-40 8.75E-31 5.84E-23 3.70E-17 2.49E-14 9.85E-13 2.85E-12 3.78E-12
 4.22E-12 4.49E-12 4.41E-12 3.86E-12 3.12E-12 2.70E-12
 1.29E-40 8.75E-31 5.83E-23 3.66E-17 2.44E-14 9.60E-13 2.77E-12 3.69E-12
 4.12E-12 4.39E-12 4.33E-12 3.80E-12 3.08E-12 2.67E-12
  5.69173    7  14 /pl=01:ss=44:pb= 1:sz=44/type=excit/ispb = t/isel =   12
 1.00E+10 1.00E+11 1.00E+12 1.00E+13 1.00E+14 1.00E+15 1.00E+16
 3.49E+01 5.23E+01 8.72E+01 1.74E+02 3.49E+02 8.72E+02 1.74E+03 2.62E+03
 3.49E+03 5.23E+03 8.72E+03 1.74E+04 3.49E+04 5.23E+04
 1.54E-38 1.37E-29 1.80E-22 3.48E-17 1.37E-14 4.45E-13 1.28E-12 1.71E-12
 1.92E-12 2.07E-12 2.05E-12 1.80E-12 1.45E-12 1.25E-12
 1.54E-38 1.37E-29 1.80E-22 3.48E-17 1.37E-14 4.45E-13 1.28E-12 1.71E-12
 1.92E-12 2.07E-12 2.05E-12 1.80E-12 1.45E-12 1.25E-12
 1.54E-38 1.37E-29 1.80E-22 3.48E-17 1.37E-14 4.45E-13 1.28E-12 1.71E-12
 1.92E-12 2.07E-12 2.05E-12 1.80E-12 1.45E-12 1.25E-12
 1.54E-38 1.37E-29 1.80E-22 3.48E-17 1.37E-14 4.45E-13 1.28E-12 1.71E-12
 1.92E-12 2.07E-12 2.05E-12 1.80E-12 1.45E-12 1.25E-12
 1.54E-38 1.37E-29 1.80E-22 3.48E-17 1.37E-14 4.45E-13 1.28E-12 1.71E-12
 1.92E-12 2.07E-12 2.05E-12 1.80E-12 1.45E-12 1.25E-12
 1.54E-38 1.37E-29 1.80E-22 3.48E-17 1.37E-14 4.43E-13 1.27E-12 1.70E-12
 1.92E-12 2.06E-12 2.04E-12 1.79E-12 1.45E-12 1.25E-12
 1.54E-38 1.37E-29 1.80E-22 3.44E-17 1.35E-14 4.34E-13 1.25E-12 1.67E-12
 1.88E-12 2.03E-12 2.01E-12 1.77E-12 1.43E-12 1.24E-12
  5.75796    7  14 /pl=01:ss=44:pb= 1:sz=44/type=excit/ispb = t/isel =   13
 1.00E+10 1.00E+11 1.00E+12 1.00E+13 1.00E+14 1.00E+15 1.00E+16
 3.49E+01 5.23E+01 8.72E+01 1.74E+02 3.49E+02 8.72E+02 1.74E+03 2.62E+03
 3.49E+03 5.23E+03 8.72E+03 1.74E+04 3.49E+04 5.23E+04
 2.45E-36 1.71E-27 1.87E-20 3.06E-15 1.05E-12 2.92E-11 7.84E-11 1.05E-10
 1.20E-10 1.35E-10 1.45E-10 1.47E-10 1.40E-10 1.33E-10
 2.45E-36 1.71E-27 1.87E-20 3.06E-15 1.05E-12 2.92E-11 7.84E-11 1.05E-10
 1.20E-10 1.35E-10 1.45E-10 1.47E-10 1.40E-10 1.33E-10
 2.45E-36 1.71E-27 1.87E-20 3.06E-15 1.05E-12 2.92E-11 7.84E-11 1.05E-10
 1.20E-10 1.35E-10 1.45E-10 1.47E-10 1.40E-10 1.33E-10
 2.45E-36 1.71E-27 1.87E-20 3.05E-15 1.05E-12 2.92E-11 7.84E-11 1.05E-10
 1.20E-10 1.35E-10 1.45E-10 1.47E-10 1.40E-10 1.33E-10
 2.45E-36 1.71E-27 1.87E-20 3.05E-15 1.05E-12 2.92E-11 7.84E-11 1.05E-10
 1.20E-10 1.35E-10 1.45E-10 1.47E-10 1.40E-10 1.33E-10
 2.45E-36 1.71E-27 1.87E-20 3.05E-15 1.05E-12 2.91E-11 7.81E-11 1.05E-10
 1.20E-10 1.34E-10 1.45E-10 1.47E-10 1.40E-10 1.32E-10
 2.45E-36 1.71E-27 1.86E-20 3.02E-15 1.03E-12 2.84E-11 7.61E-11 1.02E-10
 1.17E-10 1.32E-10 1.42E-10 1.45E-10 1.38E-10 1.31E-10
  5.90905    7  14 /pl=01:ss=44:pb= 1:sz=44/type=excit/ispb = t/isel =   14
 1.00E+10 1.00E+11 1.00E+12 1.00E+13 1.00E+14 1.00E+15 1.00E+16
 3.49E+01 5.23E+01 8.72E+01 1.74E+02 3.49E+02 8.72E+02 1.74E+03 2.62E+03
 3.49E+03 5.23E+03 8.72E+03 1.74E+04 3.49E+04 5.23E+04
 3.03E-38 3.06E-29 4.48E-22 9.03E-17 3.43E-14 9.61E-13 2.46E-12 3.13E-12
 3.42E-12 3.57E-12 3.41E-12 2.90E-12 2.31E-12 1.98E-12
 3.03E-38 3.06E-29 4.48E-22 9.03E-17 3.43E-14 9.61E-13 2.46E-12 3.13E-12
 3.42E-12 3.57E-12 3.41E-12 2.90E-12 2.31E-12 1.98E-12
 3.03E-38 3.06E-29 4.48E-22 9.03E-17 3.43E-14 9.61E-13 2.46E-12 3.13E-12
 3.42E-12 3.57E-12 3.41E-12 2.90E-12 2.31E-12 1.98E-12
 3.03E-38 3.06E-29 4.48E-22 9.03E-17 3.43E-14 9.61E-13 2.46E-12 3.13E-12
 3.42E-12 3.57E-12 3.41E-12 2.90E-12 2.31E-12 1.98E-12
 3.03E-38 3.06E-29 4.48E-22 9.03E-17 3.43E-14 9.60E-13 2.46E-12 3.13E-12
 3.42E-12 3.56E-12 3.41E-12 2.90E-12 2.31E-12 1.98E-12
 3.03E-38 3.06E-29 4.47E-22 9.02E-17 3.42E-14 9.57E-13 2.45E-12 3.12E-12
 3.41E-12 3.55E-12 3.40E-12 2.90E-12 2.30E-12 1.98E-12
 3.03E-38 3.05E-29 4.46E-22 8.92E-17 3.35E-14 9.33E-13 2.39E-12 3.04E-12
 3.33E-12 3.48E-12 3.34E-12 2.85E-12 2.27E-12 1.95E-12
  5.93571    7  14 /pl=01:ss=44:pb= 1:sz=44/type=excit/ispb = t/isel =   15
 1.00E+10 1.00E+11 1.00E+12 1.00E+13 1.00E+14 1.00E+15 1.00E+16
 3.49E+01 5.23E+01 8.72E+01 1.74E+02 3.49E+02 8.72E+02 1.74E+03 2.62E+03
 3.49E+03 5.23E+03 8.72E+03 1.74E+04 3.49E+04 5.23E+04
 6.00E-36 2.26E-27 1.50E-20 1.70E-15 4.96E-13 1.27E-11 3.34E-11 4.44E-11
 5.05E-11 5.64E-11 6.01E-11 6.04E-11 5.65E-11 5.31E-11
 6.00E-36 2.26E-27 1.50E-20 1.70E-15 4.96E-13 1.27E-11 3.34E-11 4.44E-11
 5.05E-11 5.64E-11 6.01E-11 6.04E-11 5.65E-11 5.31E-11
 6.00E-36 2.26E-27 1.50E-20 1.70E-15 4.96E-13 1.27E-11 3.34E-11 4.44E-11
 5.05E-11 5.64E-11 6.01E-11 6.04E-11 5.65E-11 5.31E-11
 6.00E-36 2.26E-27 1.50E-20 1.70E-15 4.96E-13 1.27E-11 3.34E-11 4.44E-11
 5.05E-11 5.64E-11 6.01E-11 6.04E-11 5.65E-11 5.31E-11
 6.00E-36 2.26E-27 1.50E-20 1.70E-15 4.96E-13 1.27E-11 3.34E-11 4.44E-11
 5.05E-11 5.63E-11 6.01E-11 6.04E-11 5.65E-11 5.31E-11
 6.00E-36 2.26E-27 1.50E-20 1.70E-15 4.94E-13 1.26E-11 3.33E-11 4.42E-11
 5.03E-11 5.62E-11 5.99E-11 6.02E-11 5.64E-11 5.31E-11
 6.00E-36 2.26E-27 1.50E-20 1.68E-15 4.85E-13 1.23E-11 3.24E-11 4.32E-11
 4.91E-11 5.50E-11 5.88E-11 5.93E-11 5.56E-11 5.25E-11
  5.97227    7  14 /pl=01:ss=44:pb= 1:sz=44/type=excit/ispb = t/isel =   16
 1.00E+10 1.00E+11 1.00E+12 1.00E+13 1.00E+14 1.00E+15 1.00E+16
 3.49E+01 5.23E+01 8.72E+01 1.74E+02 3.49E+02 8.72E+02 1.74E+03 2.62E+03
 3.49E+03 5.23E+03 8.72E+03 1.74E+04 3.49E+04 5.23E+04
 2.93E-37 9.77E-29 5.87E-22 6.27E-17 1.86E-14 5.28E-13 1.48E-12 1.98E-12
 2.22E-12 2.39E-12 2.36E-12 2.08E-12 1.69E-12 1.46E-12
 2.93E-37 9.77E-29 5.87E-22 6.27E-17 1.86E-14 5.28E-13 1.48E-12 1.98E-12
 2.22E-12 2.39E-12 2.36E-12 2.08E-12 1.69E-12 1.46E-12
 2.93E-37 9.77E-29 5.87E-22 6.27E-17 1.86E-14 5.28E-13 1.48E-12 1.98E-12
 2.22E-12 2.39E-12 2.36E-12 2.08E-12 1.69E-12 1.46E-12
 2.93E-37 9.77E-29 5.87E-22 6.27E-17 1.86E-14 5.28E-13 1.48E-12 1.98E-12
 2.22E-12 2.39E-12 2.36E-12 2.08E-12 1.69E-12 1.46E-12
 2.93E-37 9.77E-29 5.87E-22 6.27E-17 1.86E-14 5.28E-13 1.48E-12 1.97E-12
 2.22E-12 2.39E-12 2.36E-12 2.08E-12 1.69E-12 1.46E-12
 2.93E-37 9.77E-29 5.87E-22 6.26E-17 1.85E-14 5.26E-13 1.47E-12 1.97E-12
 2.21E-12 2.38E-12 2.36E-12 2.08E-12 1.69E-12 1.46E-12
 2.93E-37 9.76E-29 5.85E-22 6.20E-17 1.82E-14 5.15E-13 1.44E-12 1.93E-12
 2.17E-12 2.34E-12 2.32E-12 2.05E-12 1.67E-12 1.45E-12
  6.23070    7  14 /pl=01:ss=44:pb= 1:sz=44/type=excit/ispb = t/isel =   17
 1.00E+10 1.00E+11 1.00E+12 1.00E+13 1.00E+14 1.00E+15 1.00E+16
 3.49E+01 5.23E+01 8.72E+01 1.74E+02 3.49E+02 8.72E+02 1.74E+03 2.62E+03
 3.49E+03 5.23E+03 8.72E+03 1.74E+04 3.49E+04 5.23E+04
 7.16E-38 7.22E-29 1.06E-21 2.13E-16 8.11E-14 2.27E-12 5.82E-12 7.40E-12
 8.08E-12 8.42E-12 8.06E-12 6.86E-12 5.45E-12 4.67E-12
 7.16E-38 7.22E-29 1.06E-21 2.13E-16 8.11E-14 2.27E-12 5.82E-12 7.40E-12
 8.08E-12 8.42E-12 8.06E-12 6.86E-12 5.45E-12 4.67E-12
 7.16E-38 7.22E-29 1.06E-21 2.13E-16 8.11E-14 2.27E-12 5.82E-12 7.40E-12
 8.08E-12 8.42E-12 8.06E-12 6.86E-12 5.45E-12 4.67E-12
 7.16E-38 7.22E-29 1.06E-21 2.13E-16 8.11E-14 2.27E-12 5.82E-12 7.40E-12
 8.08E-12 8.42E-12 8.06E-12 6.86E-12 5.45E-12 4.67E-12
 7.16E-38 7.22E-29 1.06E-21 2.13E-16 8.10E-14 2.27E-12 5.81E-12 7.39E-12
 8.08E-12 8.41E-12 8.06E-12 6.85E-12 5.45E-12 4.67E-12
 7.15E-38 7.22E-29 1.06E-21 2.13E-16 8.08E-14 2.26E-12 5.79E-12 7.37E-12
 8.05E-12 8.39E-12 8.04E-12 6.84E-12 5.44E-12 4.66E-12
 7.15E-38 7.21E-29 1.05E-21 2.11E-16 7.92E-14 2.20E-12 5.64E-12 7.19E-12
 7.86E-12 8.21E-12 7.88E-12 6.73E-12 5.37E-12 4.61E-12
  6.36092    7  14 /pl=01:ss=44:pb= 1:sz=44/type=excit/ispb = t/isel =   18
 1.00E+10 1.00E+11 1.00E+12 1.00E+13 1.00E+14 1.00E+15 1.00E+16
 3.49E+01 5.23E+01 8.72E+01 1.74E+02 3.49E+02 8.72E+02 1.74E+03 2.62E+03
 3.49E+03 5.23E+03 8.72E+03 1.74E+04 3.49E+04 5.23E+04
 1.36E-35 1.35E-27 3.08E-21 1.56E-16 3.06E-14 6.48E-13 1.61E-12 2.06E-12
 2.26E-12 2.38E-12 2.31E-12 2.00E-12 1.61E-12 1.39E-12
 1.36E-35 1.35E-27 3.08E-21 1.56E-16 3.06E-14 6.48E-13 1.61E-12 2.06E-12
 2.26E-12 2.38E-12 2.31E-12 2.00E-12 1.61E-12 1.39E-12
 1.36E-35 1.35E-27 3.08E-21 1.56E-16 3.06E-14 6.48E-13 1.61E-12 2.06E-12
 2.26E-12 2.38E-12 2.31E-12 2.00E-12 1.61E-12 1.39E-12
 1.36E-35 1.35E-27 3.08E-21 1.56E-16 3.06E-14 6.48E-13 1.61E-12 2.06E-12
 2.26E-12 2.38E-12 2.31E-12 2.00E-12 1.61E-12 1.39E-12
 1.36E-35 1.35E-27 3.08E-21 1.56E-16 3.06E-14 6.48E-13 1.61E-12 2.06E-12
 2.26E-12 2.38E-12 2.31E-12 2.00E-12 1.61E-12 1.39E-12
 1.36E-35 1.35E-27 3.08E-21 1.56E-16 3.05E-14 6.46E-13 1.61E-12 2.05E-12
 2.25E-12 2.37E-12 2.30E-12 2.00E-12 1.61E-12 1.39E-12
 1.36E-35 1.35E-27 3.07E-21 1.54E-16 3.00E-14 6.32E-13 1.58E-12 2.01E-12
 2.21E-12 2.33E-12 2.27E-12 1.97E-12 1.60E-12 1.38E-12
  6.50982    7  14 /pl=01:ss=44:pb= 1:sz=44/type=excit/ispb = t/isel =   19
 1.00E+10 1.00E+11 1.00E+12 1.00E+13 1.00E+14 1.00E+15 1.00E+16
 3.49E+01 5.23E+01 8.72E+01 1.74E+02 3.49E+02 8.72E+02 1.74E+03 2.62E+03
 3.49E+03 5.23E+03 8.72E+03 1.74E+04 3.49E+04 5.23E+04
 7.82E-35 5.07E-27 8.24E-21 3.22E-16 5.53E-14 1.05E-12 2.51E-12 3.15E-12
 3.43E-12 3.57E-12 3.45E-12 2.96E-12 2.38E-12 2.04E-12
 7.82E-35 5.07E-27 8.24E-21 3.22E-16 5.53E-14 1.05E-12 2.51E-12 3.15E-12
 3.43E-12 3.57E-12 3.45E-12 2.96E-12 2.38E-12 2.04E-12
 7.82E-35 5.07E-27 8.24E-21 3.22E-16 5.53E-14 1.05E-12 2.51E-12 3.15E-12
 3.43E-12 3.57E-12 3.45E-12 2.96E-12 2.38E-12 2.04E-12
 7.82E-35 5.07E-27 8.24E-21 3.22E-16 5.53E-14 1.05E-12 2.51E-12 3.15E-12
 3.43E-12 3.57E-12 3.45E-12 2.96E-12 2.38E-12 2.04E-12
 7.82E-35 5.07E-27 8.24E-21 3.22E-16 5.53E-14 1.05E-12 2.51E-12 3.15E-12
 3.43E-12 3.57E-12 3.45E-12 2.96E-12 2.38E-12 2.04E-12
 7.82E-35 5.07E-27 8.24E-21 3.22E-16 5.51E-14 1.05E-12 2.50E-12 3.14E-12
 3.42E-12 3.56E-12 3.44E-12 2.96E-12 2.37E-12 2.04E-12
 7.82E-35 5.07E-27 8.21E-21 3.18E-16 5.41E-14 1.03E-12 2.44E-12 3.08E-12
 3.35E-12 3.50E-12 3.38E-12 2.92E-12 2.35E-12 2.02E-12
  6.57132    7  14 /pl=01:ss=44:pb= 1:sz=44/type=excit/ispb = t/isel =   20
 1.00E+10 1.00E+11 1.00E+12 1.00E+13 1.00E+14 1.00E+15 1.00E+16
 3.49E+01 5.23E+01 8.72E+01 1.74E+02 3.49E+02 8.72E+02 1.74E+03 2.62E+03
 3.49E+03 5.23E+03 8.72E+03 1.74E+04 3.49E+04 5.23E+04
 2.43E-35 3.26E-27 9.44E-21 5.69E-16 1.18E-13 2.31E-12 5.25E-12 6.41E-12
 6.84E-12 6.97E-12 6.54E-12 5.47E-12 4.28E-12 3.65E-12
 2.43E-35 3.26E-27 9.44E-21 5.69E-16 1.18E-13 2.31E-12 5.25E-12 6.41E-12
 6.84E-12 6.97E-12 6.54E-12 5.47E-12 4.28E-12 3.65E-12
 2.43E-35 3.26E-27 9.44E-21 5.69E-16 1.18E-13 2.31E-12 5.25E-12 6.41E-12
 6.84E-12 6.97E-12 6.54E-12 5.47E-12 4.28E-12 3.65E-12
 2.43E-35 3.26E-27 9.44E-21 5.69E-16 1.18E-13 2.31E-12 5.25E-12 6.41E-12
 6.84E-12 6.97E-12 6.54E-12 5.47E-12 4.28E-12 3.65E-12
 2.43E-35 3.26E-27 9.44E-21 5.68E-16 1.18E-13 2.30E-12 5.25E-12 6.41E-12
 6.84E-12 6.97E-12 6.54E-12 5.47E-12 4.28E-12 3.65E-12
 2.43E-35 3.26E-27 9.43E-21 5.68E-16 1.17E-13 2.30E-12 5.23E-12 6.39E-12
 6.82E-12 6.95E-12 6.52E-12 5.46E-12 4.27E-12 3.64E-12
 2.43E-35 3.26E-27 9.41E-21 5.62E-16 1.15E-13 2.24E-12 5.10E-12 6.23E-12
 6.66E-12 6.79E-12 6.39E-12 5.37E-12 4.22E-12 3.60E-12
  6.97155    7  14 /pl=01:ss=44:pb= 1:sz=44/type=excit/ispb = t/isel =   21
 1.00E+10 1.00E+11 1.00E+12 1.00E+13 1.00E+14 1.00E+15 1.00E+16
 3.49E+01 5.23E+01 8.72E+01 1.74E+02 3.49E+02 8.72E+02 1.74E+03 2.62E+03
 3.49E+03 5.23E+03 8.72E+03 1.74E+04 3.49E+04 5.23E+04
 6.96E-35 9.34E-27 2.70E-20 1.63E-15 3.37E-13 6.60E-12 1.50E-11 1.84E-11
 1.96E-11 2.00E-11 1.87E-11 1.57E-11 1.23E-11 1.04E-11
 6.96E-35 9.34E-27 2.70E-20 1.63E-15 3.37E-13 6.60E-12 1.50E-11 1.84E-11
 1.96E-11 2.00E-11 1.87E-11 1.57E-11 1.23E-11 1.04E-11
 6.96E-35 9.34E-27 2.70E-20 1.63E-15 3.37E-13 6.60E-12 1.50E-11 1.84E-11
 1.96E-11 2.00E-11 1.87E-11 1.57E-11 1.23E-11 1.04E-11
 6.96E-35 9.34E-27 2.70E-20 1.63E-15 3.37E-13 6.60E-12 1.50E-11 1.84E-11
 1.96E-11 2.00E-11 1.87E-11 1.57E-11 1.23E-11 1.04E-11
 6.96E-35 9.34E-27 2.70E-20 1.63E-15 3.37E-13 6.60E-12 1.50E-11 1.84E-11
 1.96E-11 2.00E-11 1.87E-11 1.57E-11 1.23E-11 1.04E-11
 6.96E-35 9.34E-27 2.70E-20 1.63E-15 3.36E-13 6.58E-12 1.50E-11 1.83E-11
 1.95E-11 1.99E-11 1.87E-11 1.56E-11 1.22E-11 1.04E-11
 6.96E-35 9.34E-27 2.69E-20 1.61E-15 3.30E-13 6.41E-12 1.46E-11 1.79E-11
 1.91E-11 1.95E-11 1.83E-11 1.54E-11 1.21E-11 1.03E-11
  7.22178    7  14 /pl=01:ss=44:pb= 1:sz=44/type=excit/ispb = t/isel =   22
 1.00E+10 1.00E+11 1.00E+12 1.00E+13 1.00E+14 1.00E+15 1.00E+16
 3.49E+01 5.23E+01 8.72E+01 1.74E+02 3.49E+02 8.72E+02 1.74E+03 2.62E+03
 3.49E+03 5.23E+03 8.72E+03 1.74E+04 3.49E+04 5.23E+04
 6.11E-35 4.54E-27 8.21E-21 3.48E-16 6.15E-14 1.15E-12 2.65E-12 3.29E-12
 3.55E-12 3.68E-12 3.54E-12 3.07E-12 2.51E-12 2.20E-12
 6.11E-35 4.54E-27 8.21E-21 3.48E-16 6.15E-14 1.15E-12 2.65E-12 3.29E-12
 3.55E-12 3.68E-12 3.54E-12 3.07E-12 2.51E-12 2.20E-12
 6.11E-35 4.54E-27 8.21E-21 3.48E-16 6.15E-14 1.15E-12 2.65E-12 3.29E-12
 3.55E-12 3.68E-12 3.54E-12 3.07E-12 2.51E-12 2.20E-12
 6.11E-35 4.54E-27 8.21E-21 3.48E-16 6.15E-14 1.15E-12 2.65E-12 3.29E-12
 3.55E-12 3.68E-12 3.54E-12 3.07E-12 2.51E-12 2.20E-12
 6.11E-35 4.54E-27 8.21E-21 3.48E-16 6.15E-14 1.15E-12 2.65E-12 3.29E-12
 3.55E-12 3.68E-12 3.54E-12 3.07E-12 2.51E-12 2.20E-12
 6.11E-35 4.54E-27 8.21E-21 3.47E-16 6.13E-14 1.14E-12 2.64E-12 3.28E-12
 3.54E-12 3.67E-12 3.53E-12 3.06E-12 2.51E-12 2.19E-12
 6.11E-35 4.54E-27 8.18E-21 3.44E-16 6.01E-14 1.11E-12 2.57E-12 3.20E-12
 3.46E-12 3.59E-12 3.46E-12 3.01E-12 2.47E-12 2.17E-12
  8.42284    7  14 /pl=01:ss=44:pb= 1:sz=44/type=excit/ispb = t/isel =   23
 1.00E+10 1.00E+11 1.00E+12 1.00E+13 1.00E+14 1.00E+15 1.00E+16
 3.49E+01 5.23E+01 8.72E+01 1.74E+02 3.49E+02 8.72E+02 1.74E+03 2.62E+03
 3.49E+03 5.23E+03 8.72E+03 1.74E+04 3.49E+04 5.23E+04
 3.76E-30 3.95E-24 2.36E-19 8.28E-16 5.16E-14 6.52E-13 1.42E-12 1.77E-12
 1.94E-12 2.07E-12 2.11E-12 2.01E-12 1.82E-12 1.68E-12
 3.76E-30 3.95E-24 2.36E-19 8.28E-16 5.16E-14 6.52E-13 1.42E-12 1.77E-12
 1.94E-12 2.07E-12 2.11E-12 2.01E-12 1.82E-12 1.68E-12
 3.76E-30 3.95E-24 2.36E-19 8.28E-16 5.16E-14 6.52E-13 1.42E-12 1.77E-12
 1.94E-12 2.07E-12 2.11E-12 2.01E-12 1.82E-12 1.68E-12
 3.76E-30 3.95E-24 2.36E-19 8.28E-16 5.16E-14 6.52E-13 1.42E-12 1.77E-12
 1.94E-12 2.07E-12 2.11E-12 2.01E-12 1.82E-12 1.68E-12
 3.76E-30 3.95E-24 2.36E-19 8.27E-16 5.16E-14 6.52E-13 1.42E-12 1.77E-12
 1.94E-12 2.07E-12 2.11E-12 2.01E-12 1.82E-12 1.68E-12
 3.76E-30 3.95E-24 2.36E-19 8.26E-16 5.15E-14 6.50E-13 1.42E-12 1.76E-12
 1.93E-12 2.07E-12 2.11E-12 2.01E-12 1.81E-12 1.68E-12
 3.76E-30 3.95E-24 2.35E-19 8.19E-16 5.05E-14 6.34E-13 1.38E-12 1.72E-12
 1.89E-12 2.02E-12 2.07E-12 1.97E-12 1.79E-12 1.66E-12
  10.1711    7  14 /pl=01:ss=44:pb= 1:sz=44/type=excit/ispb = t/isel =   24
 1.00E+10 1.00E+11 1.00E+12 1.00E+13 1.00E+14 1.00E+15 1.00E+16
 3.49E+01 5.23E+01 8.72E+01 1.74E+02 3.49E+02 8.72E+02 1.74E+03 2.62E+03
 3.49E+03 5.23E+03 8.72E+03 1.74E+04 3.49E+04 5.23E+04
 4.77E-29 3.05E-23 1.23E-18 3.01E-15 1.26E-13 9.53E-13 1.59E-12 1.76E-12
 1.80E-12 1.75E-12 1.58E-12 1.28E-12 9.80E-13 8.27E-13
 4.77E-29 3.05E-23 1.23E-18 3.01E-15 1.26E-13 9.53E-13 1.59E-12 1.76E-12
 1.80E-12 1.75E-12 1.58E-12 1.28E-12 9.80E-13 8.27E-13
 4.77E-29 3.05E-23 1.23E-18 3.01E-15 1.26E-13 9.53E-13 1.59E-12 1.76E-12
 1.80E-12 1.75E-12 1.58E-12 1.28E-12 9.80E-13 8.27E-13
 4.77E-29 3.05E-23 1.23E-18 3.01E-15 1.26E-13 9.53E-13 1.59E-12 1.76E-12
 1.80E-12 1.75E-12 1.58E-12 1.28E-12 9.80E-13 8.27E-13
 4.77E-29 3.05E-23 1.23E-18 3.01E-15 1.26E-13 9.52E-13 1.59E-12 1.76E-12
 1.80E-12 1.75E-12 1.58E-12 1.28E-12 9.80E-13 8.26E-13
 4.77E-29 3.05E-23 1.23E-18 3.01E-15 1.26E-13 9.49E-13 1.59E-12 1.76E-12
 1.79E-12 1.74E-12 1.58E-12 1.27E-12 9.78E-13 8.25E-13
 4.77E-29 3.05E-23 1.23E-18 2.98E-15 1.24E-13 9.25E-13 1.55E-12 1.71E-12
 1.75E-12 1.70E-12 1.55E-12 1.25E-12 9.66E-13 8.16E-13
  11.8771    7  14 /pl=01:ss=44:pb= 1:sz=44/type=excit/ispb = t/isel =   25
 1.00E+10 1.00E+11 1.00E+12 1.00E+13 1.00E+14 1.00E+15 1.00E+16
 3.49E+01 5.23E+01 8.72E+01 1.74E+02 3.49E+02 8.72E+02 1.74E+03 2.62E+03
 3.49E+03 5.23E+03 8.72E+03 1.74E+04 3.49E+04 5.23E+04
 3.99E-24 7.00E-20 1.59E-16 4.62E-14 7.12E-13 3.33E-12 5.28E-12 6.08E-12
 6.49E-12 6.93E-12 7.24E-12 7.24E-12 6.90E-12 6.57E-12
 3.99E-24 7.00E-20 1.59E-16 4.62E-14 7.12E-13 3.33E-12 5.28E-12 6.08E-12
 6.49E-12 6.93E-12 7.24E-12 7.24E-12 6.90E-12 6.57E-12
 3.99E-24 7.00E-20 1.59E-16 4.62E-14 7.12E-13 3.33E-12 5.28E-12 6.08E-12
 6.49E-12 6.93E-12 7.24E-12 7.24E-12 6.90E-12 6.57E-12
 3.99E-24 7.00E-20 1.59E-16 4.62E-14 7.12E-13 3.33E-12 5.28E-12 6.08E-12
 6.49E-12 6.93E-12 7.24E-12 7.24E-12 6.90E-12 6.57E-12
 3.99E-24 7.00E-20 1.59E-16 4.62E-14 7.11E-13 3.33E-12 5.28E-12 6.08E-12
 6.49E-12 6.93E-12 7.24E-12 7.24E-12 6.90E-12 6.57E-12
 3.99E-24 7.00E-20 1.59E-16 4.61E-14 7.09E-13 3.31E-12 5.26E-12 6.06E-12
 6.47E-12 6.91E-12 7.22E-12 7.22E-12 6.89E-12 6.56E-12
 4.00E-24 7.00E-20 1.59E-16 4.57E-14 6.97E-13 3.24E-12 5.13E-12 5.92E-12
 6.33E-12 6.77E-12 7.09E-12 7.11E-12 6.80E-12 6.49E-12
  12.1369    7  14 /pl=01:ss=44:pb= 1:sz=44/type=excit/ispb = t/isel =   26
 1.00E+10 1.00E+11 1.00E+12 1.00E+13 1.00E+14 1.00E+15 1.00E+16
 3.49E+01 5.23E+01 8.72E+01 1.74E+02 3.49E+02 8.72E+02 1.74E+03 2.62E+03
 3.49E+03 5.23E+03 8.72E+03 1.74E+04 3.49E+04 5.23E+04
 3.02E-25 1.04E-20 4.08E-17 1.76E-14 3.18E-13 1.56E-12 2.42E-12 2.69E-12
 2.77E-12 2.75E-12 2.59E-12 2.21E-12 1.78E-12 1.54E-12
 3.02E-25 1.04E-20 4.08E-17 1.76E-14 3.18E-13 1.56E-12 2.42E-12 2.69E-12
 2.77E-12 2.75E-12 2.59E-12 2.21E-12 1.78E-12 1.54E-12
 3.02E-25 1.04E-20 4.08E-17 1.76E-14 3.18E-13 1.56E-12 2.42E-12 2.69E-12
 2.77E-12 2.75E-12 2.59E-12 2.21E-12 1.78E-12 1.54E-12
 3.02E-25 1.04E-20 4.08E-17 1.76E-14 3.18E-13 1.56E-12 2.42E-12 2.69E-12
 2.77E-12 2.75E-12 2.59E-12 2.21E-12 1.78E-12 1.54E-12
 3.02E-25 1.04E-20 4.08E-17 1.76E-14 3.18E-13 1.56E-12 2.42E-12 2.69E-12
 2.77E-12 2.75E-12 2.59E-12 2.21E-12 1.78E-12 1.54E-12
 3.02E-25 1.04E-20 4.08E-17 1.75E-14 3.17E-13 1.56E-12 2.41E-12 2.68E-12
 2.76E-12 2.75E-12 2.58E-12 2.21E-12 1.78E-12 1.54E-12
 3.02E-25 1.04E-20 4.08E-17 1.74E-14 3.12E-13 1.53E-12 2.36E-12 2.63E-12
 2.71E-12 2.70E-12 2.54E-12 2.18E-12 1.77E-12 1.53E-12
  12.4336    7  14 /pl=01:ss=44:pb= 1:sz=44/type=excit/ispb = t/isel =   27
 1.00E+10 1.00E+11 1.00E+12 1.00E+13 1.00E+14 1.00E+15 1.00E+16
 3.49E+01 5.23E+01 8.72E+01 1.74E+02 3.49E+02 8.72E+02 1.74E+03 2.62E+03
 3.49E+03 5.23E+03 8.72E+03 1.74E+04 3.49E+04 5.23E+04
 4.57E-24 5.12E-20 8.19E-17 1.83E-14 2.51E-13 1.12E-12 1.77E-12 2.03E-12
 2.16E-12 2.29E-12 2.36E-12 2.34E-12 2.20E-12 2.08E-12
 4.57E-24 5.12E-20 8.19E-17 1.83E-14 2.51E-13 1.12E-12 1.77E-12 2.03E-12
 2.16E-12 2.29E-12 2.36E-12 2.34E-12 2.20E-12 2.08E-12
 4.57E-24 5.12E-20 8.19E-17 1.83E-14 2.51E-13 1.12E-12 1.77E-12 2.03E-12
 2.16E-12 2.29E-12 2.36E-12 2.34E-12 2.20E-12 2.08E-12
 4.57E-24 5.12E-20 8.19E-17 1.83E-14 2.51E-13 1.12E-12 1.77E-12 2.03E-12
 2.16E-12 2.29E-12 2.36E-12 2.34E-12 2.20E-12 2.08E-12
 4.58E-24 5.12E-20 8.19E-17 1.83E-14 2.51E-13 1.12E-12 1.77E-12 2.03E-12
 2.16E-12 2.29E-12 2.36E-12 2.34E-12 2.20E-12 2.08E-12
 4.58E-24 5.13E-20 8.19E-17 1.83E-14 2.51E-13 1.12E-12 1.76E-12 2.02E-12
 2.16E-12 2.28E-12 2.36E-12 2.33E-12 2.20E-12 2.08E-12
 4.62E-24 5.17E-20 8.25E-17 1.83E-14 2.49E-13 1.10E-12 1.73E-12 1.99E-12
 2.12E-12 2.24E-12 2.32E-12 2.30E-12 2.17E-12 2.06E-12
  13.4251    7  14 /pl=01:ss=44:pb= 1:sz=44/type=excit/ispb = t/isel =   28
 1.00E+10 1.00E+11 1.00E+12 1.00E+13 1.00E+14 1.00E+15 1.00E+16
 3.49E+01 5.23E+01 8.72E+01 1.74E+02 3.49E+02 8.72E+02 1.74E+03 2.62E+03
 3.49E+03 5.23E+03 8.72E+03 1.74E+04 3.49E+04 5.23E+04
 4.54E-25 1.73E-20 7.33E-17 3.34E-14 6.23E-13 3.10E-12 4.80E-12 5.32E-12
 5.49E-12 5.46E-12 5.13E-12 4.38E-12 3.54E-12 3.06E-12
 4.54E-25 1.73E-20 7.33E-17 3.34E-14 6.23E-13 3.10E-12 4.80E-12 5.32E-12
 5.49E-12 5.46E-12 5.13E-12 4.38E-12 3.54E-12 3.06E-12
 4.54E-25 1.73E-20 7.33E-17 3.34E-14 6.23E-13 3.10E-12 4.80E-12 5.32E-12
 5.49E-12 5.46E-12 5.13E-12 4.38E-12 3.54E-12 3.06E-12
 4.54E-25 1.73E-20 7.33E-17 3.34E-14 6.23E-13 3.10E-12 4.80E-12 5.32E-12
 5.49E-12 5.46E-12 5.13E-12 4.38E-12 3.54E-12 3.06E-12
 4.54E-25 1.73E-20 7.33E-17 3.34E-14 6.23E-13 3.10E-12 4.80E-12 5.32E-12
 5.48E-12 5.45E-12 5.13E-12 4.38E-12 3.54E-12 3.06E-12
 4.54E-25 1.73E-20 7.33E-17 3.33E-14 6.22E-13 3.09E-12 4.79E-12 5.30E-12
 5.47E-12 5.44E-12 5.12E-12 4.37E-12 3.53E-12 3.06E-12
 4.54E-25 1.73E-20 7.31E-17 3.30E-14 6.10E-13 3.02E-12 4.67E-12 5.18E-12
 5.35E-12 5.33E-12 5.02E-12 4.31E-12 3.49E-12 3.03E-12
  14.4401    7  14 /pl=01:ss=44:pb= 1:sz=44/type=excit/ispb = t/isel =   29
 1.00E+10 1.00E+11 1.00E+12 1.00E+13 1.00E+14 1.00E+15 1.00E+16
 3.49E+01 5.23E+01 8.72E+01 1.74E+02 3.49E+02 8.72E+02 1.74E+03 2.62E+03
 3.49E+03 5.23E+03 8.72E+03 1.74E+04 3.49E+04 5.23E+04
 1.32E-22 9.59E-19 1.08E-15 1.81E-13 2.01E-12 6.91E-12 9.08E-12 9.34E-12
 9.18E-12 8.62E-12 7.61E-12 6.07E-12 4.63E-12 3.90E-12
 1.32E-22 9.59E-19 1.08E-15 1.81E-13 2.01E-12 6.91E-12 9.08E-12 9.34E-12
 9.18E-12 8.62E-12 7.61E-12 6.07E-12 4.63E-12 3.90E-12
 1.32E-22 9.59E-19 1.08E-15 1.81E-13 2.01E-12 6.91E-12 9.08E-12 9.34E-12
 9.18E-12 8.62E-12 7.61E-12 6.07E-12 4.63E-12 3.90E-12
 1.32E-22 9.59E-19 1.08E-15 1.81E-13 2.01E-12 6.91E-12 9.08E-12 9.34E-12
 9.18E-12 8.62E-12 7.61E-12 6.07E-12 4.63E-12 3.90E-12
 1.32E-22 9.59E-19 1.08E-15 1.81E-13 2.01E-12 6.91E-12 9.08E-12 9.34E-12
 9.18E-12 8.62E-12 7.61E-12 6.07E-12 4.63E-12 3.90E-12
 1.32E-22 9.59E-19 1.08E-15 1.81E-13 2.00E-12 6.88E-12 9.05E-12 9.31E-12
 9.15E-12 8.59E-12 7.59E-12 6.05E-12 4.62E-12 3.89E-12
 1.32E-22 9.58E-19 1.08E-15 1.79E-13 1.96E-12 6.71E-12 8.82E-12 9.08E-12
 8.93E-12 8.40E-12 7.44E-12 5.96E-12 4.56E-12 3.85E-12
  14.6635    7  14 /pl=01:ss=44:pb= 1:sz=44/type=excit/ispb = t/isel =   30
 1.00E+10 1.00E+11 1.00E+12 1.00E+13 1.00E+14 1.00E+15 1.00E+16
 3.49E+01 5.23E+01 8.72E+01 1.74E+02 3.49E+02 8.72E+02 1.74E+03 2.62E+03
 3.49E+03 5.23E+03 8.72E+03 1.74E+04 3.49E+04 5.23E+04
 1.00E-74 1.64E-37 5.28E-27 3.43E-19 2.34E-15 3.65E-13 1.64E-12 2.49E-12
 2.96E-12 3.34E-12 3.39E-12 2.99E-12 2.39E-12 2.05E-12
 1.00E-74 1.64E-37 5.28E-27 3.43E-19 2.34E-15 3.65E-13 1.64E-12 2.49E-12
 2.96E-12 3.34E-12 3.39E-12 2.99E-12 2.39E-12 2.05E-12
 1.00E-74 1.64E-37 5.28E-27 3.43E-19 2.34E-15 3.65E-13 1.64E-12 2.49E-12
 2.96E-12 3.34E-12 3.39E-12 2.99E-12 2.39E-12 2.05E-12
 1.00E-74 1.64E-37 5.28E-27 3.43E-19 2.34E-15 3.65E-13 1.64E-12 2.49E-12
 2.96E-12 3.34E-12 3.39E-12 2.99E-12 2.39E-12 2.05E-12
 1.00E-74 1.64E-37 5.28E-27 3.43E-19 2.34E-15 3.65E-13 1.63E-12 2.49E-12
 2.96E-12 3.34E-12 3.39E-12 2.99E-12 2.39E-12 2.05E-12
 1.00E-74 1.64E-37 5.27E-27 3.43E-19 2.33E-15 3.64E-13 1.63E-12 2.48E-12
 2.95E-12 3.33E-12 3.38E-12 2.98E-12 2.39E-12 2.04E-12
 1.00E-74 1.63E-37 5.26E-27 3.39E-19 2.28E-15 3.55E-13 1.59E-12 2.42E-12
 2.88E-12 3.26E-12 3.32E-12 2.93E-12 2.35E-12 2.02E-12
  16.5248    7  14 /pl=01:ss=44:pb= 1:sz=44/type=excit/ispb = t/isel =   31
 1.00E+10 1.00E+11 1.00E+12 1.00E+13 1.00E+14 1.00E+15 1.00E+16
 3.49E+01 5.23E+01 8.72E+01 1.74E+02 3.49E+02 8.72E+02 1.74E+03 2.62E+03
 3.49E+03 5.23E+03 8.72E+03 1.74E+04 3.49E+04 5.23E+04
 2.77E-22 2.02E-18 2.27E-15 3.81E-13 4.23E-12 1.46E-11 1.91E-11 1.97E-11
 1.93E-11 1.81E-11 1.60E-11 1.28E-11 9.75E-12 8.21E-12
 2.77E-22 2.02E-18 2.27E-15 3.81E-13 4.23E-12 1.46E-11 1.91E-11 1.97E-11
 1.93E-11 1.81E-11 1.60E-11 1.28E-11 9.75E-12 8.21E-12
 2.77E-22 2.02E-18 2.27E-15 3.81E-13 4.23E-12 1.46E-11 1.91E-11 1.97E-11
 1.93E-11 1.81E-11 1.60E-11 1.28E-11 9.75E-12 8.21E-12
 2.77E-22 2.02E-18 2.27E-15 3.81E-13 4.23E-12 1.46E-11 1.91E-11 1.97E-11
 1.93E-11 1.81E-11 1.60E-11 1.28E-11 9.75E-12 8.21E-12
 2.77E-22 2.02E-18 2.27E-15 3.81E-13 4.22E-12 1.46E-11 1.91E-11 1.97E-11
 1.93E-11 1.81E-11 1.60E-11 1.28E-11 9.75E-12 8.21E-12
 2.77E-22 2.02E-18 2.27E-15 3.80E-13 4.21E-12 1.45E-11 1.90E-11 1.96E-11
 1.93E-11 1.81E-11 1.60E-11 1.27E-11 9.74E-12 8.20E-12
 2.77E-22 2.02E-18 2.27E-15 3.76E-13 4.13E-12 1.41E-11 1.86E-11 1.91E-11
 1.88E-11 1.77E-11 1.57E-11 1.25E-11 9.61E-12 8.11E-12
  17.6432    7  14 /pl=01:ss=44:pb= 1:sz=44/type=excit/ispb = t/isel =   32
 1.00E+10 1.00E+11 1.00E+12 1.00E+13 1.00E+14 1.00E+15 1.00E+16
 3.49E+01 5.23E+01 8.72E+01 1.74E+02 3.49E+02 8.72E+02 1.74E+03 2.62E+03
 3.49E+03 5.23E+03 8.72E+03 1.74E+04 3.49E+04 5.23E+04
 1.00E-74 1.77E-34 2.51E-25 1.58E-18 3.36E-15 2.64E-13 9.62E-13 1.39E-12
 1.62E-12 1.82E-12 1.87E-12 1.71E-12 1.42E-12 1.24E-12
 1.00E-74 1.77E-34 2.51E-25 1.58E-18 3.36E-15 2.64E-13 9.62E-13 1.39E-12
 1.62E-12 1.82E-12 1.87E-12 1.71E-12 1.42E-12 1.24E-12
 1.00E-74 1.77E-34 2.51E-25 1.58E-18 3.36E-15 2.64E-13 9.62E-13 1.39E-12
 1.62E-12 1.82E-12 1.87E-12 1.71E-12 1.42E-12 1.24E-12
 1.00E-74 1.77E-34 2.51E-25 1.58E-18 3.36E-15 2.64E-13 9.62E-13 1.39E-12
 1.62E-12 1.82E-12 1.87E-12 1.71E-12 1.42E-12 1.24E-12
 5.80E-46 1.77E-34 2.51E-25 1.58E-18 3.36E-15 2.64E-13 9.62E-13 1.38E-12
 1.62E-12 1.82E-12 1.87E-12 1.71E-12 1.42E-12 1.24E-12
 5.61E-46 1.77E-34 2.51E-25 1.58E-18 3.35E-15 2.63E-13 9.58E-13 1.38E-12
 1.61E-12 1.81E-12 1.87E-12 1.71E-12 1.42E-12 1.24E-12
 5.70E-46 1.77E-34 2.51E-25 1.56E-18 3.28E-15 2.56E-13 9.34E-13 1.35E-12
 1.58E-12 1.77E-12 1.83E-12 1.68E-12 1.40E-12 1.23E-12
  17.9580    7  14 /pl=01:ss=44:pb= 1:sz=44/type=excit/ispb = t/isel =   33
 1.00E+10 1.00E+11 1.00E+12 1.00E+13 1.00E+14 1.00E+15 1.00E+16
 3.49E+01 5.23E+01 8.72E+01 1.74E+02 3.49E+02 8.72E+02 1.74E+03 2.62E+03
 3.49E+03 5.23E+03 8.72E+03 1.74E+04 3.49E+04 5.23E+04
 1.00E-74 1.83E-36 1.80E-26 4.83E-19 2.11E-15 2.54E-13 1.05E-12 1.55E-12
 1.83E-12 2.04E-12 2.07E-12 1.83E-12 1.48E-12 1.27E-12
 1.00E-74 1.83E-36 1.80E-26 4.83E-19 2.11E-15 2.54E-13 1.05E-12 1.55E-12
 1.83E-12 2.04E-12 2.07E-12 1.83E-12 1.48E-12 1.27E-12
 1.00E-74 1.83E-36 1.80E-26 4.83E-19 2.11E-15 2.54E-13 1.05E-12 1.55E-12
 1.83E-12 2.04E-12 2.07E-12 1.83E-12 1.48E-12 1.27E-12
 1.00E-74 1.83E-36 1.80E-26 4.83E-19 2.11E-15 2.54E-13 1.05E-12 1.55E-12
 1.83E-12 2.04E-12 2.07E-12 1.83E-12 1.48E-12 1.27E-12
 1.00E-74 1.83E-36 1.80E-26 4.83E-19 2.11E-15 2.54E-13 1.05E-12 1.55E-12
 1.83E-12 2.04E-12 2.07E-12 1.83E-12 1.48E-12 1.27E-12
 1.00E-74 1.83E-36 1.80E-26 4.82E-19 2.10E-15 2.53E-13 1.04E-12 1.55E-12
 1.82E-12 2.04E-12 2.06E-12 1.82E-12 1.47E-12 1.27E-12
 4.16E-49 1.83E-36 1.80E-26 4.77E-19 2.06E-15 2.47E-13 1.02E-12 1.51E-12
 1.78E-12 1.99E-12 2.02E-12 1.80E-12 1.46E-12 1.25E-12
  18.3978    7  14 /pl=01:ss=44:pb= 1:sz=44/type=excit/ispb = t/isel =   34
 1.00E+10 1.00E+11 1.00E+12 1.00E+13 1.00E+14 1.00E+15 1.00E+16
 3.49E+01 5.23E+01 8.72E+01 1.74E+02 3.49E+02 8.72E+02 1.74E+03 2.62E+03
 3.49E+03 5.23E+03 8.72E+03 1.74E+04 3.49E+04 5.23E+04
 1.00E-74 1.19E-34 2.23E-25 1.72E-18 4.02E-15 3.35E-13 1.23E-12 1.75E-12
 2.04E-12 2.24E-12 2.26E-12 2.01E-12 1.63E-12 1.40E-12
 1.00E-74 1.19E-34 2.23E-25 1.72E-18 4.02E-15 3.35E-13 1.23E-12 1.75E-12
 2.04E-12 2.24E-12 2.26E-12 2.01E-12 1.63E-12 1.40E-12
 3.71E-46 1.19E-34 2.23E-25 1.72E-18 4.02E-15 3.35E-13 1.23E-12 1.75E-12
 2.04E-12 2.24E-12 2.26E-12 2.01E-12 1.63E-12 1.40E-12
 2.60E-46 1.19E-34 2.23E-25 1.72E-18 4.02E-15 3.35E-13 1.23E-12 1.75E-12
 2.04E-12 2.24E-12 2.26E-12 2.01E-12 1.63E-12 1.40E-12
 2.75E-46 1.19E-34 2.23E-25 1.72E-18 4.02E-15 3.34E-13 1.23E-12 1.75E-12
 2.03E-12 2.24E-12 2.26E-12 2.01E-12 1.63E-12 1.40E-12
 2.74E-46 1.19E-34 2.23E-25 1.72E-18 4.00E-15 3.33E-13 1.22E-12 1.74E-12
 2.03E-12 2.24E-12 2.25E-12 2.00E-12 1.63E-12 1.40E-12
 2.74E-46 1.19E-34 2.22E-25 1.70E-18 3.93E-15 3.25E-13 1.19E-12 1.70E-12
 1.98E-12 2.19E-12 2.21E-12 1.97E-12 1.61E-12 1.39E-12
  18.4416    7  14 /pl=01:ss=44:pb= 1:sz=44/type=excit/ispb = t/isel =   35
 1.00E+10 1.00E+11 1.00E+12 1.00E+13 1.00E+14 1.00E+15 1.00E+16
 3.49E+01 5.23E+01 8.72E+01 1.74E+02 3.49E+02 8.72E+02 1.74E+03 2.62E+03
 3.49E+03 5.23E+03 8.72E+03 1.74E+04 3.49E+04 5.23E+04
 2.67E-24 4.68E-20 1.06E-16 3.09E-14 4.76E-13 2.22E-12 3.53E-12 4.06E-12
 4.34E-12 4.63E-12 4.84E-12 4.84E-12 4.61E-12 4.39E-12
 2.67E-24 4.68E-20 1.06E-16 3.09E-14 4.76E-13 2.22E-12 3.53E-12 4.06E-12
 4.34E-12 4.63E-12 4.84E-12 4.84E-12 4.61E-12 4.39E-12
 2.67E-24 4.68E-20 1.06E-16 3.08E-14 4.76E-13 2.22E-12 3.53E-12 4.06E-12
 4.34E-12 4.63E-12 4.84E-12 4.84E-12 4.61E-12 4.39E-12
 2.67E-24 4.68E-20 1.06E-16 3.08E-14 4.76E-13 2.22E-12 3.53E-12 4.06E-12
 4.34E-12 4.63E-12 4.84E-12 4.84E-12 4.61E-12 4.39E-12
 2.67E-24 4.68E-20 1.06E-16 3.08E-14 4.75E-13 2.22E-12 3.53E-12 4.06E-12
 4.34E-12 4.63E-12 4.84E-12 4.84E-12 4.61E-12 4.39E-12
 2.67E-24 4.68E-20 1.06E-16 3.08E-14 4.74E-13 2.21E-12 3.51E-12 4.05E-12
 4.33E-12 4.62E-12 4.83E-12 4.83E-12 4.60E-12 4.38E-12
 2.67E-24 4.68E-20 1.06E-16 3.05E-14 4.66E-13 2.16E-12 3.43E-12 3.95E-12
 4.23E-12 4.52E-12 4.73E-12 4.75E-12 4.55E-12 4.34E-12
  19.0583    7  14 /pl=01:ss=44:pb= 1:sz=44/type=excit/ispb = t/isel =   36
 1.00E+10 1.00E+11 1.00E+12 1.00E+13 1.00E+14 1.00E+15 1.00E+16
 3.49E+01 5.23E+01 8.72E+01 1.74E+02 3.49E+02 8.72E+02 1.74E+03 2.62E+03
 3.49E+03 5.23E+03 8.72E+03 1.74E+04 3.49E+04 5.23E+04
 6.16E-24 6.90E-20 1.10E-16 2.47E-14 3.39E-13 1.51E-12 2.38E-12 2.73E-12
 2.91E-12 3.08E-12 3.18E-12 3.15E-12 2.97E-12 2.80E-12
 6.16E-24 6.90E-20 1.10E-16 2.47E-14 3.39E-13 1.51E-12 2.38E-12 2.73E-12
 2.91E-12 3.08E-12 3.18E-12 3.15E-12 2.97E-12 2.80E-12
 6.16E-24 6.90E-20 1.10E-16 2.47E-14 3.39E-13 1.51E-12 2.38E-12 2.73E-12
 2.91E-12 3.08E-12 3.18E-12 3.15E-12 2.97E-12 2.80E-12
 6.16E-24 6.90E-20 1.10E-16 2.47E-14 3.39E-13 1.51E-12 2.38E-12 2.73E-12
 2.91E-12 3.08E-12 3.18E-12 3.15E-12 2.97E-12 2.80E-12
 6.17E-24 6.91E-20 1.10E-16 2.47E-14 3.39E-13 1.51E-12 2.38E-12 2.73E-12
 2.91E-12 3.08E-12 3.18E-12 3.15E-12 2.97E-12 2.80E-12
 6.17E-24 6.91E-20 1.10E-16 2.47E-14 3.38E-13 1.51E-12 2.37E-12 2.73E-12
 2.91E-12 3.07E-12 3.18E-12 3.14E-12 2.96E-12 2.80E-12
 6.22E-24 6.96E-20 1.11E-16 2.47E-14 3.36E-13 1.49E-12 2.33E-12 2.68E-12
 2.85E-12 3.02E-12 3.13E-12 3.10E-12 2.93E-12 2.77E-12
  20.9377    7  14 /pl=01:ss=44:pb= 1:sz=44/type=excit/ispb = t/isel =   37
 1.00E+10 1.00E+11 1.00E+12 1.00E+13 1.00E+14 1.00E+15 1.00E+16
 3.49E+01 5.23E+01 8.72E+01 1.74E+02 3.49E+02 8.72E+02 1.74E+03 2.62E+03
 3.49E+03 5.23E+03 8.72E+03 1.74E+04 3.49E+04 5.23E+04
 1.00E-74 2.60E-33 1.59E-24 5.30E-18 8.20E-15 5.31E-13 1.78E-12 2.47E-12
 2.80E-12 3.02E-12 2.96E-12 2.54E-12 2.02E-12 1.72E-12
 2.16E-44 2.60E-33 1.59E-24 5.30E-18 8.20E-15 5.31E-13 1.78E-12 2.47E-12
 2.80E-12 3.02E-12 2.96E-12 2.54E-12 2.02E-12 1.72E-12
 2.38E-44 2.60E-33 1.59E-24 5.30E-18 8.20E-15 5.31E-13 1.78E-12 2.47E-12
 2.80E-12 3.02E-12 2.96E-12 2.54E-12 2.02E-12 1.72E-12
 2.41E-44 2.60E-33 1.59E-24 5.30E-18 8.20E-15 5.31E-13 1.78E-12 2.47E-12
 2.80E-12 3.02E-12 2.96E-12 2.54E-12 2.02E-12 1.72E-12
 2.41E-44 2.60E-33 1.59E-24 5.30E-18 8.20E-15 5.31E-13 1.78E-12 2.47E-12
 2.80E-12 3.02E-12 2.96E-12 2.54E-12 2.02E-12 1.72E-12
 2.41E-44 2.60E-33 1.59E-24 5.29E-18 8.18E-15 5.29E-13 1.77E-12 2.46E-12
 2.79E-12 3.01E-12 2.95E-12 2.54E-12 2.01E-12 1.72E-12
 2.41E-44 2.60E-33 1.58E-24 5.24E-18 8.02E-15 5.16E-13 1.73E-12 2.40E-12
 2.72E-12 2.94E-12 2.89E-12 2.50E-12 1.99E-12 1.70E-12
  21.3258    7  14 /pl=01:ss=44:pb= 1:sz=44/type=excit/ispb = t/isel =   38
 1.00E+10 1.00E+11 1.00E+12 1.00E+13 1.00E+14 1.00E+15 1.00E+16
 3.49E+01 5.23E+01 8.72E+01 1.74E+02 3.49E+02 8.72E+02 1.74E+03 2.62E+03
 3.49E+03 5.23E+03 8.72E+03 1.74E+04 3.49E+04 5.23E+04
 1.00E-74 1.20E-33 1.10E-24 5.00E-18 9.00E-15 6.38E-13 2.20E-12 3.08E-12
 3.51E-12 3.79E-12 3.73E-12 3.21E-12 2.55E-12 2.18E-12
 1.06E-44 1.20E-33 1.10E-24 5.00E-18 9.00E-15 6.38E-13 2.20E-12 3.08E-12
 3.51E-12 3.79E-12 3.73E-12 3.21E-12 2.55E-12 2.18E-12
 6.39E-45 1.20E-33 1.10E-24 5.00E-18 9.00E-15 6.38E-13 2.20E-12 3.08E-12
 3.51E-12 3.79E-12 3.73E-12 3.21E-12 2.55E-12 2.18E-12
 6.60E-45 1.20E-33 1.10E-24 5.00E-18 9.00E-15 6.38E-13 2.20E-12 3.08E-12
 3.51E-12 3.79E-12 3.73E-12 3.21E-12 2.55E-12 2.18E-12
 6.63E-45 1.20E-33 1.10E-24 5.00E-18 9.00E-15 6.38E-13 2.20E-12 3.08E-12
 3.51E-12 3.79E-12 3.73E-12 3.21E-12 2.55E-12 2.18E-12
 6.64E-45 1.20E-33 1.10E-24 4.99E-18 8.97E-15 6.35E-13 2.19E-12 3.07E-12
 3.49E-12 3.78E-12 3.72E-12 3.20E-12 2.54E-12 2.17E-12
 6.64E-45 1.19E-33 1.10E-24 4.94E-18 8.80E-15 6.19E-13 2.14E-12 2.99E-12
 3.41E-12 3.70E-12 3.65E-12 3.15E-12 2.51E-12 2.15E-12
  44.6219    7  14 /pl=01:ss=44:pb= 1:sz=44/type=excit/ispb = t/isel =   39
 1.00E+10 1.00E+11 1.00E+12 1.00E+13 1.00E+14 1.00E+15 1.00E+16
 3.49E+01 5.23E+01 8.72E+01 1.74E+02 3.49E+02 8.72E+02 1.74E+03 2.62E+03
 3.49E+03 5.23E+03 8.72E+03 1.74E+04 3.49E+04 5.23E+04
 1.21E-15 3.44E-14 4.60E-13 2.74E-12 5.68E-12 7.08E-12 6.38E-12 5.69E-12
 5.18E-12 4.46E-12 3.64E-12 2.71E-12 2.00E-12 1.68E-12
 1.21E-15 3.44E-14 4.60E-13 2.74E-12 5.68E-12 7.08E-12 6.38E-12 5.69E-12
 5.18E-12 4.46E-12 3.64E-12 2.71E-12 2.00E-12 1.68E-12
 1.21E-15 3.44E-14 4.60E-13 2.74E-12 5.68E-12 7.08E-12 6.38E-12 5.69E-12
 5.18E-12 4.46E-12 3.64E-12 2.71E-12 2.00E-12 1.68E-12
 1.21E-15 3.44E-14 4.60E-13 2.74E-12 5.68E-12 7.07E-12 6.38E-12 5.69E-12
 5.18E-12 4.46E-12 3.64E-12 2.71E-12 2.00E-12 1.68E-12
 1.21E-15 3.44E-14 4.60E-13 2.74E-12 5.68E-12 7.07E-12 6.37E-12 5.68E-12
 5.18E-12 4.46E-12 3.64E-12 2.71E-12 2.00E-12 1.68E-12
 1.21E-15 3.44E-14 4.60E-13 2.73E-12 5.67E-12 7.05E-12 6.36E-12 5.67E-12
 5.16E-12 4.45E-12 3.63E-12 2.70E-12 2.00E-12 1.67E-12
 1.21E-15 3.44E-14 4.60E-13 2.71E-12 5.58E-12 6.90E-12 6.22E-12 5.55E-12
 5.06E-12 4.37E-12 3.57E-12 2.67E-12 1.98E-12 1.66E-12
  48.3446    7  14 /pl=01:ss=44:pb= 1:sz=44/type=excit/ispb = t/isel =   40
 1.00E+10 1.00E+11 1.00E+12 1.00E+13 1.00E+14 1.00E+15 1.00E+16
 3.49E+01 5.23E+01 8.72E+01 1.74E+02 3.49E+02 8.72E+02 1.74E+03 2.62E+03
 3.49E+03 5.23E+03 8.72E+03 1.74E+04 3.49E+04 5.23E+04
 4.32E-18 4.61E-16 1.49E-14 1.53E-13 5.45E-13 1.62E-12 2.58E-12 3.01E-12
 3.23E-12 3.41E-12 3.46E-12 3.30E-12 2.99E-12 2.77E-12
 4.32E-18 4.61E-16 1.49E-14 1.53E-13 5.45E-13 1.62E-12 2.58E-12 3.01E-12
 3.23E-12 3.41E-12 3.46E-12 3.30E-12 2.99E-12 2.77E-12
 4.32E-18 4.62E-16 1.50E-14 1.53E-13 5.45E-13 1.62E-12 2.58E-12 3.01E-12
 3.23E-12 3.41E-12 3.46E-12 3.30E-12 2.99E-12 2.77E-12
 4.39E-18 4.65E-16 1.50E-14 1.54E-13 5.46E-13 1.62E-12 2.58E-12 3.01E-12
 3.23E-12 3.41E-12 3.46E-12 3.30E-12 2.99E-12 2.77E-12
 5.10E-18 5.02E-16 1.59E-14 1.60E-13 5.59E-13 1.63E-12 2.59E-12 3.02E-12
 3.24E-12 3.42E-12 3.47E-12 3.30E-12 2.99E-12 2.77E-12
 1.22E-17 8.61E-16 2.41E-14 2.20E-13 6.76E-13 1.76E-12 2.68E-12 3.10E-12
 3.30E-12 3.47E-12 3.50E-12 3.32E-12 3.00E-12 2.78E-12
 8.77E-17 3.93E-15 8.62E-14 6.32E-13 1.46E-12 2.60E-12 3.36E-12 3.66E-12
 3.78E-12 3.84E-12 3.77E-12 3.48E-12 3.10E-12 2.85E-12
  49.0281    7  14 /pl=01:ss=44:pb= 1:sz=44/type=excit/ispb = t/isel =   41
 1.00E+10 1.00E+11 1.00E+12 1.00E+13 1.00E+14 1.00E+15 1.00E+16
 3.49E+01 5.23E+01 8.72E+01 1.74E+02 3.49E+02 8.72E+02 1.74E+03 2.62E+03
 3.49E+03 5.23E+03 8.72E+03 1.74E+04 3.49E+04 5.23E+04
 1.75E-14 3.94E-13 4.31E-12 2.24E-11 4.35E-11 5.23E-11 4.74E-11 4.26E-11
 3.89E-11 3.39E-11 2.80E-11 2.14E-11 1.61E-11 1.36E-11
 1.75E-14 3.94E-13 4.31E-12 2.24E-11 4.35E-11 5.23E-11 4.74E-11 4.26E-11
 3.89E-11 3.39E-11 2.80E-11 2.14E-11 1.61E-11 1.36E-11
 1.75E-14 3.94E-13 4.31E-12 2.24E-11 4.35E-11 5.23E-11 4.74E-11 4.26E-11
 3.89E-11 3.39E-11 2.80E-11 2.14E-11 1.61E-11 1.36E-11
 1.75E-14 3.94E-13 4.31E-12 2.24E-11 4.35E-11 5.23E-11 4.74E-11 4.26E-11
 3.89E-11 3.39E-11 2.80E-11 2.14E-11 1.61E-11 1.36E-11
 1.75E-14 3.94E-13 4.31E-12 2.24E-11 4.35E-11 5.23E-11 4.74E-11 4.26E-11
 3.90E-11 3.40E-11 2.80E-11 2.14E-11 1.61E-11 1.36E-11
 1.76E-14 3.94E-13 4.32E-12 2.25E-11 4.37E-11 5.26E-11 4.76E-11 4.28E-11
 3.91E-11 3.41E-11 2.81E-11 2.14E-11 1.62E-11 1.37E-11
 1.78E-14 4.00E-13 4.42E-12 2.32E-11 4.51E-11 5.42E-11 4.91E-11 4.41E-11
 4.03E-11 3.51E-11 2.89E-11 2.20E-11 1.65E-11 1.39E-11
  49.6303    7  14 /pl=01:ss=44:pb= 1:sz=44/type=excit/ispb = t/isel =   42
 1.00E+10 1.00E+11 1.00E+12 1.00E+13 1.00E+14 1.00E+15 1.00E+16
 3.49E+01 5.23E+01 8.72E+01 1.74E+02 3.49E+02 8.72E+02 1.74E+03 2.62E+03
 3.49E+03 5.23E+03 8.72E+03 1.74E+04 3.49E+04 5.23E+04
 2.27E-18 2.43E-16 7.87E-15 8.07E-14 2.87E-13 8.51E-13 1.36E-12 1.59E-12
 1.70E-12 1.80E-12 1.82E-12 1.74E-12 1.57E-12 1.46E-12
 2.27E-18 2.43E-16 7.87E-15 8.07E-14 2.87E-13 8.51E-13 1.36E-12 1.59E-12
 1.70E-12 1.80E-12 1.82E-12 1.74E-12 1.57E-12 1.46E-12
 2.28E-18 2.43E-16 7.87E-15 8.08E-14 2.87E-13 8.51E-13 1.36E-12 1.59E-12
 1.70E-12 1.80E-12 1.82E-12 1.74E-12 1.57E-12 1.46E-12
 2.31E-18 2.45E-16 7.92E-15 8.11E-14 2.88E-13 8.52E-13 1.36E-12 1.59E-12
 1.70E-12 1.80E-12 1.82E-12 1.74E-12 1.57E-12 1.46E-12
 2.68E-18 2.64E-16 8.36E-15 8.44E-14 2.94E-13 8.59E-13 1.36E-12 1.59E-12
 1.70E-12 1.80E-12 1.82E-12 1.74E-12 1.57E-12 1.46E-12
 6.42E-18 4.53E-16 1.27E-14 1.16E-13 3.56E-13 9.24E-13 1.41E-12 1.63E-12
 1.74E-12 1.83E-12 1.84E-12 1.75E-12 1.58E-12 1.46E-12
 4.62E-17 2.07E-15 4.54E-14 3.32E-13 7.71E-13 1.37E-12 1.77E-12 1.93E-12
 1.99E-12 2.02E-12 1.98E-12 1.83E-12 1.63E-12 1.50E-12
  61.3632    7  14 /pl=01:ss=44:pb= 1:sz=44/type=excit/ispb = t/isel =   43
 1.00E+10 1.00E+11 1.00E+12 1.00E+13 1.00E+14 1.00E+15 1.00E+16
 3.49E+01 5.23E+01 8.72E+01 1.74E+02 3.49E+02 8.72E+02 1.74E+03 2.62E+03
 3.49E+03 5.23E+03 8.72E+03 1.74E+04 3.49E+04 5.23E+04
 2.64E-11 1.50E-10 5.65E-10 1.37E-09 1.93E-09 2.09E-09 1.93E-09 1.81E-09
 1.70E-09 1.55E-09 1.34E-09 1.10E-09 8.74E-10 7.62E-10
 2.64E-11 1.50E-10 5.65E-10 1.37E-09 1.93E-09 2.09E-09 1.93E-09 1.81E-09
 1.70E-09 1.55E-09 1.34E-09 1.10E-09 8.74E-10 7.62E-10
 2.64E-11 1.50E-10 5.65E-10 1.37E-09 1.93E-09 2.09E-09 1.93E-09 1.81E-09
 1.70E-09 1.55E-09 1.34E-09 1.10E-09 8.74E-10 7.62E-10
 2.64E-11 1.50E-10 5.65E-10 1.37E-09 1.93E-09 2.09E-09 1.93E-09 1.81E-09
 1.70E-09 1.55E-09 1.34E-09 1.10E-09 8.74E-10 7.62E-10
 2.64E-11 1.50E-10 5.65E-10 1.37E-09 1.93E-09 2.09E-09 1.93E-09 1.81E-09
 1.70E-09 1.54E-09 1.34E-09 1.10E-09 8.74E-10 7.62E-10
 2.64E-11 1.50E-10 5.65E-10 1.37E-09 1.93E-09 2.08E-09 1.93E-09 1.80E-09
 1.69E-09 1.54E-09 1.34E-09 1.09E-09 8.72E-10 7.61E-10
 2.64E-11 1.50E-10 5.63E-10 1.36E-09 1.89E-09 2.03E-09 1.88E-09 1.76E-09
 1.65E-09 1.51E-09 1.32E-09 1.08E-09 8.61E-10 7.53E-10
  66.0022    7  14 /pl=01:ss=44:pb= 1:sz=44/type=excit/ispb = t/isel =   44
 1.00E+10 1.00E+11 1.00E+12 1.00E+13 1.00E+14 1.00E+15 1.00E+16
 3.49E+01 5.23E+01 8.72E+01 1.74E+02 3.49E+02 8.72E+02 1.74E+03 2.62E+03
 3.49E+03 5.23E+03 8.72E+03 1.74E+04 3.49E+04 5.23E+04
 1.00E-74 1.32E-34 2.45E-25 1.90E-18 4.43E-15 3.69E-13 1.35E-12 1.93E-12
 2.24E-12 2.47E-12 2.49E-12 2.21E-12 1.80E-12 1.55E-12
 1.00E-74 1.32E-34 2.45E-25 1.90E-18 4.43E-15 3.69E-13 1.35E-12 1.93E-12
 2.24E-12 2.47E-12 2.49E-12 2.21E-12 1.80E-12 1.55E-12
 4.09E-46 1.32E-34 2.45E-25 1.90E-18 4.43E-15 3.69E-13 1.35E-12 1.93E-12
 2.24E-12 2.47E-12 2.49E-12 2.21E-12 1.80E-12 1.55E-12
 2.86E-46 1.32E-34 2.45E-25 1.90E-18 4.43E-15 3.69E-13 1.35E-12 1.93E-12
 2.24E-12 2.47E-12 2.49E-12 2.21E-12 1.80E-12 1.55E-12
 3.03E-46 1.32E-34 2.45E-25 1.90E-18 4.43E-15 3.68E-13 1.35E-12 1.93E-12
 2.24E-12 2.47E-12 2.49E-12 2.21E-12 1.80E-12 1.55E-12
 3.02E-46 1.32E-34 2.45E-25 1.90E-18 4.41E-15 3.67E-13 1.35E-12 1.92E-12
 2.23E-12 2.46E-12 2.48E-12 2.21E-12 1.79E-12 1.54E-12
 3.02E-46 1.31E-34 2.45E-25 1.88E-18 4.33E-15 3.58E-13 1.31E-12 1.87E-12
 2.18E-12 2.41E-12 2.44E-12 2.17E-12 1.77E-12 1.53E-12
  66.5866    7  14 /pl=01:ss=44:pb= 1:sz=44/type=excit/ispb = t/isel =   45
 1.00E+10 1.00E+11 1.00E+12 1.00E+13 1.00E+14 1.00E+15 1.00E+16
 3.49E+01 5.23E+01 8.72E+01 1.74E+02 3.49E+02 8.72E+02 1.74E+03 2.62E+03
 3.49E+03 5.23E+03 8.72E+03 1.74E+04 3.49E+04 5.23E+04
 2.25E-15 6.40E-14 8.56E-13 5.09E-12 1.06E-11 1.32E-11 1.19E-11 1.06E-11
 9.63E-12 8.30E-12 6.76E-12 5.03E-12 3.72E-12 3.12E-12
 2.25E-15 6.40E-14 8.56E-13 5.09E-12 1.06E-11 1.32E-11 1.19E-11 1.06E-11
 9.63E-12 8.30E-12 6.76E-12 5.03E-12 3.72E-12 3.12E-12
 2.25E-15 6.40E-14 8.56E-13 5.09E-12 1.06E-11 1.32E-11 1.19E-11 1.06E-11
 9.63E-12 8.30E-12 6.76E-12 5.03E-12 3.72E-12 3.12E-12
 2.25E-15 6.40E-14 8.56E-13 5.09E-12 1.06E-11 1.32E-11 1.19E-11 1.06E-11
 9.63E-12 8.30E-12 6.76E-12 5.03E-12 3.72E-12 3.12E-12
 2.25E-15 6.40E-14 8.56E-13 5.09E-12 1.06E-11 1.32E-11 1.19E-11 1.06E-11
 9.63E-12 8.30E-12 6.76E-12 5.03E-12 3.72E-12 3.12E-12
 2.25E-15 6.40E-14 8.56E-13 5.09E-12 1.05E-11 1.31E-11 1.18E-11 1.05E-11
 9.60E-12 8.28E-12 6.75E-12 5.03E-12 3.71E-12 3.11E-12
 2.26E-15 6.40E-14 8.55E-13 5.04E-12 1.04E-11 1.28E-11 1.16E-11 1.03E-11
 9.41E-12 8.12E-12 6.64E-12 4.96E-12 3.67E-12 3.09E-12
  70.4042    7  14 /pl=01:ss=44:pb= 1:sz=44/type=excit/ispb = t/isel =   46
 1.00E+10 1.00E+11 1.00E+12 1.00E+13 1.00E+14 1.00E+15 1.00E+16
 3.49E+01 5.23E+01 8.72E+01 1.74E+02 3.49E+02 8.72E+02 1.74E+03 2.62E+03
 3.49E+03 5.23E+03 8.72E+03 1.74E+04 3.49E+04 5.23E+04
 3.20E-42 8.17E-32 1.59E-23 2.23E-17 2.23E-14 1.11E-12 3.43E-12 4.63E-12
 5.20E-12 5.58E-12 5.46E-12 4.71E-12 3.75E-12 3.21E-12
 3.19E-42 8.17E-32 1.59E-23 2.23E-17 2.23E-14 1.11E-12 3.43E-12 4.63E-12
 5.20E-12 5.58E-12 5.46E-12 4.71E-12 3.75E-12 3.21E-12
 3.19E-42 8.17E-32 1.59E-23 2.23E-17 2.23E-14 1.11E-12 3.43E-12 4.63E-12
 5.20E-12 5.58E-12 5.46E-12 4.71E-12 3.75E-12 3.21E-12
 3.19E-42 8.17E-32 1.59E-23 2.23E-17 2.23E-14 1.11E-12 3.43E-12 4.63E-12
 5.20E-12 5.58E-12 5.46E-12 4.71E-12 3.75E-12 3.21E-12
 3.19E-42 8.17E-32 1.59E-23 2.23E-17 2.23E-14 1.11E-12 3.42E-12 4.63E-12
 5.20E-12 5.58E-12 5.46E-12 4.71E-12 3.75E-12 3.20E-12
 3.19E-42 8.17E-32 1.59E-23 2.22E-17 2.22E-14 1.10E-12 3.41E-12 4.62E-12
 5.18E-12 5.56E-12 5.44E-12 4.70E-12 3.75E-12 3.20E-12
 3.19E-42 8.17E-32 1.58E-23 2.20E-17 2.18E-14 1.08E-12 3.33E-12 4.50E-12
 5.06E-12 5.44E-12 5.34E-12 4.63E-12 3.70E-12 3.16E-12
  73.1304    7  14 /pl=01:ss=44:pb= 1:sz=44/type=excit/ispb = t/isel =   47
 1.00E+10 1.00E+11 1.00E+12 1.00E+13 1.00E+14 1.00E+15 1.00E+16
 3.49E+01 5.23E+01 8.72E+01 1.74E+02 3.49E+02 8.72E+02 1.74E+03 2.62E+03
 3.49E+03 5.23E+03 8.72E+03 1.74E+04 3.49E+04 5.23E+04
 3.07E-14 8.71E-13 1.16E-11 6.92E-11 1.44E-10 1.79E-10 1.61E-10 1.44E-10
 1.31E-10 1.13E-10 9.20E-11 6.85E-11 5.06E-11 4.24E-11
 3.07E-14 8.71E-13 1.16E-11 6.92E-11 1.44E-10 1.79E-10 1.61E-10 1.44E-10
 1.31E-10 1.13E-10 9.20E-11 6.85E-11 5.06E-11 4.24E-11
 3.07E-14 8.71E-13 1.16E-11 6.92E-11 1.44E-10 1.79E-10 1.61E-10 1.44E-10
 1.31E-10 1.13E-10 9.20E-11 6.85E-11 5.06E-11 4.24E-11
 3.07E-14 8.71E-13 1.16E-11 6.92E-11 1.44E-10 1.79E-10 1.61E-10 1.44E-10
 1.31E-10 1.13E-10 9.20E-11 6.85E-11 5.06E-11 4.24E-11
 3.07E-14 8.71E-13 1.16E-11 6.92E-11 1.44E-10 1.79E-10 1.61E-10 1.44E-10
 1.31E-10 1.13E-10 9.20E-11 6.85E-11 5.06E-11 4.24E-11
 3.07E-14 8.71E-13 1.16E-11 6.92E-11 1.43E-10 1.78E-10 1.61E-10 1.43E-10
 1.31E-10 1.13E-10 9.18E-11 6.83E-11 5.05E-11 4.23E-11
 3.07E-14 8.71E-13 1.16E-11 6.86E-11 1.41E-10 1.74E-10 1.57E-10 1.40E-10
 1.28E-10 1.10E-10 9.03E-11 6.74E-11 5.00E-11 4.20E-11
  76.8994    7  14 /pl=01:ss=44:pb= 1:sz=44/type=excit/ispb = t/isel =   48
 1.00E+10 1.00E+11 1.00E+12 1.00E+13 1.00E+14 1.00E+15 1.00E+16
 3.49E+01 5.23E+01 8.72E+01 1.74E+02 3.49E+02 8.72E+02 1.74E+03 2.62E+03
 3.49E+03 5.23E+03 8.72E+03 1.74E+04 3.49E+04 5.23E+04
 1.12E-15 2.51E-14 2.75E-13 1.43E-12 2.78E-12 3.34E-12 3.03E-12 2.72E-12
 2.49E-12 2.17E-12 1.79E-12 1.36E-12 1.03E-12 8.71E-13
 1.12E-15 2.51E-14 2.75E-13 1.43E-12 2.78E-12 3.34E-12 3.03E-12 2.72E-12
 2.49E-12 2.17E-12 1.79E-12 1.36E-12 1.03E-12 8.71E-13
 1.12E-15 2.51E-14 2.75E-13 1.43E-12 2.78E-12 3.34E-12 3.03E-12 2.72E-12
 2.49E-12 2.17E-12 1.79E-12 1.36E-12 1.03E-12 8.71E-13
 1.12E-15 2.51E-14 2.75E-13 1.43E-12 2.78E-12 3.34E-12 3.03E-12 2.72E-12
 2.49E-12 2.17E-12 1.79E-12 1.36E-12 1.03E-12 8.71E-13
 1.12E-15 2.51E-14 2.75E-13 1.43E-12 2.78E-12 3.34E-12 3.03E-12 2.72E-12
 2.49E-12 2.17E-12 1.79E-12 1.37E-12 1.03E-12 8.71E-13
 1.12E-15 2.52E-14 2.76E-13 1.44E-12 2.79E-12 3.36E-12 3.04E-12 2.73E-12
 2.50E-12 2.18E-12 1.80E-12 1.37E-12 1.03E-12 8.73E-13
 1.14E-15 2.56E-14 2.82E-13 1.48E-12 2.88E-12 3.46E-12 3.13E-12 2.81E-12
 2.57E-12 2.24E-12 1.85E-12 1.40E-12 1.05E-12 8.90E-13
  132.273    7  14 /pl=01:ss=44:pb= 1:sz=44/type=excit/ispb = t/isel =   49
 1.00E+10 1.00E+11 1.00E+12 1.00E+13 1.00E+14 1.00E+15 1.00E+16
 3.49E+01 5.23E+01 8.72E+01 1.74E+02 3.49E+02 8.72E+02 1.74E+03 2.62E+03
 3.49E+03 5.23E+03 8.72E+03 1.74E+04 3.49E+04 5.23E+04
 2.57E-10 5.23E-10 8.61E-10 1.14E-09 1.19E-09 1.07E-09 9.24E-10 8.33E-10
 7.68E-10 6.82E-10 5.80E-10 4.59E-10 3.59E-10 3.09E-10
 2.57E-10 5.23E-10 8.61E-10 1.14E-09 1.19E-09 1.07E-09 9.24E-10 8.33E-10
 7.68E-10 6.82E-10 5.80E-10 4.59E-10 3.59E-10 3.09E-10
 2.57E-10 5.23E-10 8.61E-10 1.14E-09 1.19E-09 1.07E-09 9.24E-10 8.33E-10
 7.68E-10 6.82E-10 5.80E-10 4.59E-10 3.59E-10 3.09E-10
 2.57E-10 5.23E-10 8.61E-10 1.14E-09 1.19E-09 1.07E-09 9.24E-10 8.33E-10
 7.68E-10 6.82E-10 5.80E-10 4.59E-10 3.59E-10 3.09E-10
 2.57E-10 5.23E-10 8.61E-10 1.14E-09 1.19E-09 1.07E-09 9.23E-10 8.33E-10
 7.68E-10 6.82E-10 5.80E-10 4.59E-10 3.58E-10 3.09E-10
 2.57E-10 5.23E-10 8.61E-10 1.14E-09 1.19E-09 1.07E-09 9.20E-10 8.30E-10
 7.65E-10 6.80E-10 5.79E-10 4.58E-10 3.58E-10 3.08E-10
 2.57E-10 5.23E-10 8.58E-10 1.13E-09 1.16E-09 1.04E-09 8.96E-10 8.09E-10
 7.47E-10 6.64E-10 5.67E-10 4.50E-10 3.53E-10 3.05E-10
  135.272    7  14 /pl=01:ss=44:pb= 1:sz=44/type=excit/ispb = t/isel =   50
 1.00E+10 1.00E+11 1.00E+12 1.00E+13 1.00E+14 1.00E+15 1.00E+16
 3.49E+01 5.23E+01 8.72E+01 1.74E+02 3.49E+02 8.72E+02 1.74E+03 2.62E+03
 3.49E+03 5.23E+03 8.72E+03 1.74E+04 3.49E+04 5.23E+04
 3.37E-15 8.89E-14 1.12E-12 6.45E-12 1.33E-11 1.73E-11 1.66E-11 1.54E-11
 1.44E-11 1.29E-11 1.10E-11 8.58E-12 6.58E-12 5.60E-12
 3.37E-15 8.89E-14 1.12E-12 6.45E-12 1.33E-11 1.73E-11 1.66E-11 1.54E-11
 1.44E-11 1.29E-11 1.10E-11 8.58E-12 6.58E-12 5.60E-12
 3.37E-15 8.89E-14 1.12E-12 6.45E-12 1.33E-11 1.73E-11 1.66E-11 1.54E-11
 1.44E-11 1.29E-11 1.10E-11 8.58E-12 6.58E-12 5.60E-12
 3.37E-15 8.89E-14 1.12E-12 6.45E-12 1.33E-11 1.73E-11 1.66E-11 1.54E-11
 1.44E-11 1.29E-11 1.10E-11 8.58E-12 6.58E-12 5.60E-12
 3.38E-15 8.87E-14 1.12E-12 6.42E-12 1.32E-11 1.72E-11 1.65E-11 1.54E-11
 1.44E-11 1.29E-11 1.10E-11 8.56E-12 6.56E-12 5.60E-12
 3.44E-15 8.67E-14 1.08E-12 6.14E-12 1.26E-11 1.64E-11 1.58E-11 1.48E-11
 1.39E-11 1.25E-11 1.07E-11 8.38E-12 6.45E-12 5.51E-12
 3.88E-15 7.20E-14 8.14E-13 4.29E-12 8.56E-12 1.13E-11 1.13E-11 1.08E-11
 1.04E-11 9.56E-12 8.43E-12 6.90E-12 5.51E-12 4.80E-12
c-------------------------------------------------------------------------------
 
C  root partition information
C  ==========================
C
C  nuclear charge : 74
C  ion charge+1   : 45
C
C  population calculation information
C  ----------------------------------
C
C  population processing code: adas810
C
C  adf04 source file    : adf04_copmm#74_ic_40#w44.dat
C  adf18/a17_p208 file  : NULL
C
C  meta. ion. coeff. selector  : 
 
C  options  : lnorm =T  lpsel =F  lzsel =T  liosel=F
C           : lhsel =F  lrsel =F  lisel =F  lnsel =F
 
C  energy levels
C  -------------
C
C   lv      configuration    (2S+1)L(w-1/2)      energy (cm^-1)
C  ---   ------------------- --------------      --------------
c    1   606527                 (1)0(  0.0)             0.0
c    2   606517518              (3)1(  0.0)        702424.9
c    3   606517518              (3)1(  1.0)        756010.0
c    4   606517518              (3)1(  2.0)       1495258.6
c    5   606517518              (1)1(  1.0)       1629641.5
c    6   606517519              (3)2(  1.0)       2770907.7
c    7   606517519              (3)2(  2.0)       2795658.6
c    8   606517519              (3)2(  3.0)       2938125.8
c    9   606517519              (1)2(  2.0)       2997061.2
c   10   60651751A              (3)3(  2.0)       4283787.6
c   11   60651751A              (3)3(  3.0)       4294567.8
c   12   60651751A              (3)3(  4.0)       4330507.3
c   13   60651751A              (1)3(  3.0)       4361648.6
c   14   60651751B              (3)0(  1.0)       7634753.2
c   15   60651751B              (1)0(  0.0)       7681160.6
c   16   60651751C              (3)1(  0.0)       8036309.8
c   17   60651751C              (3)1(  1.0)       8042715.4
c   18   60651751C              (3)1(  2.0)       8406070.3
c   19   60651751C              (1)1(  1.0)       8419576.3
c   20   60651751D              (3)2(  1.0)       8991560.4
c   21   60651751D              (3)2(  2.0)       8995351.9
c   22   60651751D              (3)2(  3.0)       9071932.0
c   23   60651751D              (1)2(  2.0)       9078379.9
c   24   60651751G              (3)0(  1.0)      11444923.5
c   25   60651751G              (1)0(  0.0)      11461415.1
c   26   60651751H              (3)1(  0.0)      11663987.3
c   27   60651751H              (3)1(  1.0)      11666449.9
c   28   60651751H              (3)1(  2.0)      11867366.2
c   29   60651751H              (1)1(  1.0)      11872474.7
c   30   60651751I              (3)2(  1.0)      12190115.7
c   31   60651751I              (3)2(  2.0)      12191688.5
c   32   60651751I              (3)2(  3.0)      12235140.9
c   33   60651751I              (1)2(  2.0)      12237726.1
c   34   96527519               (3)0(  1.0)      15140510.3
c   35   96527519               (3)4(  4.0)      15169414.7
c   36   96527519               (3)2(  2.0)      15178717.7
c   37   96527519               (1)3(  3.0)      15192568.0
c   38   96527519               (1)1(  1.0)      15319808.8
c   39   96527519               (3)4(  5.0)      15329324.7
c   40   96527519               (3)2(  3.0)      15354480.9
c   41   96527519               (1)2(  2.0)      15361410.0
c   42   96527519               (3)3(  4.0)      15366574.4
c   43   96527519               (3)1(  0.0)      15476652.3
c   44   96527519               (3)2(  1.0)      15682751.4
c   45   96527519               (3)4(  3.0)      15683963.4
c   46   96527519               (3)3(  2.0)      15721005.5
c   47   96527519               (3)1(  1.0)      15836169.1
c   48   96527519               (1)4(  4.0)      15858546.0
c   49   96527519               (3)1(  2.0)      15869404.0
c   50   96527519               (3)3(  3.0)      15882063.2
c   51   96527519               (1)0(  0.0)      15973649.0
c   52   9652751A               (3)1(  0.0)      16615343.1
c   53   9652751A               (3)1(  1.0)      16636797.8
c   54   9652751A               (3)5(  5.0)      16665290.3
c   55   9652751A               (3)2(  2.0)      16669266.5
c   56   9652751A               (3)3(  3.0)      16690852.8
c   57   9652751A               (3)4(  4.0)      16697512.2
c   58   9652751A               (3)5(  6.0)      16702607.7
c   59   9652751A               (1)2(  2.0)      16710406.0
c   60   24555606527518         (3)0(  1.0)      16735681.2
c   61   9652751A               (3)3(  4.0)      16739533.7
c   62   24555606527518         (3)2(  2.0)      16744060.3
c   63   9652751A               (3)4(  5.0)      16749383.7
c   64   9652751A               (1)3(  3.0)      16752268.5
c   65   9652751A               (3)2(  1.0)      16847178.9
c   66   9652751A               (3)5(  4.0)      17180091.2
c   67   9652751A               (3)3(  2.0)      17191076.6
c   68   9652751A               (3)1(  2.0)      17218494.8
c   69   9652751A               (3)4(  3.0)      17228176.7
c   70   9652751A               (1)5(  5.0)      17236579.1
c   71   9652751A               (3)2(  3.0)      17257377.4
c   72   9652751A               (1)4(  4.0)      17266874.4
c   73   9652751A               (1)1(  1.0)      17367271.5
c   74   24555606527518         (3)2(  3.0)      17534546.8
c   75   24555606527518         (1)1(  1.0)      17535977.7
c   76   24555606527518         (3)1(  2.0)      17569347.1
c   77   24555606527518         (1)0(  0.0)      17679206.9
c   78   24555606527519         (3)1(  0.0)      18778237.1
c   79   24555606527519         (3)1(  1.0)      18804624.1
c   80   24555606527519         (3)3(  3.0)      18810008.4
c   81   24555606527519         (3)2(  2.0)      18829781.9
c   82   24555606527519         (3)3(  4.0)      18971108.8
c   83   24555606527519         (1)2(  2.0)      18984717.9
c   84   24555606527519         (1)1(  1.0)      18989402.1
c   85   24555606527519         (3)2(  3.0)      19005475.1
c   86   24555606527518         (3)2(  1.0)      19197541.2
c   87   24555606527518         (3)1(  0.0)      19286355.0
c   88   24555606527518         (3)1(  1.0)      20003815.7
c   89   24555606527518         (1)2(  2.0)      20010977.0
c   90   2455560652751A         (3)2(  1.0)      20265893.8
c   91   2455560652751A         (3)2(  2.0)      20299809.6
c   92   2455560652751A         (3)4(  4.0)      20304771.3
c   93   2455560652751A         (3)3(  3.0)      20330228.6
c   94   2455560652751A         (3)4(  5.0)      20336686.6
c   95   2455560652751A         (1)3(  3.0)      20362816.2
c   96   2455560652751A         (3)3(  4.0)      20388191.8
c   97   2455560652751A         (1)2(  2.0)      20409772.8
c   98   24555606527519         (3)3(  2.0)      21269707.5
c   99   24555606527519         (3)2(  1.0)      21287607.6
c  100   24555606527519         (3)1(  2.0)      21440152.2
c  101   24555606527519         (1)3(  3.0)      21444856.7
c  102   9652751D               (3)0(  1.0)      21454788.5
c  103   9652751D               (3)4(  4.0)      21465966.3
c  104   9652751D               (3)2(  2.0)      21470146.3
c  105   9652751D               (1)3(  3.0)      21476037.8
c  106   9652751D               (1)1(  1.0)      21539050.7
c  107   9652751D               (3)4(  5.0)      21542845.7
c  108   9652751D               (3)2(  3.0)      21553768.2
c  109   9652751D               (1)2(  2.0)      21555830.2
c  110   9652751D               (3)3(  4.0)      21558585.5
c  111   9652751D               (3)1(  0.0)      21623261.6
c  112   9652751D               (3)2(  1.0)      21983235.1
c  113   9652751D               (3)4(  3.0)      21983317.4
c  114   9652751D               (3)3(  2.0)      21998937.9
c  115   9652751D               (1)0(  0.0)      22056428.3
c  116   9652751D               (3)1(  1.0)      22057011.7
c  117   9652751D               (1)4(  4.0)      22066190.1
c  118   9652751D               (3)1(  2.0)      22071047.7
c  119   9652751D               (3)3(  3.0)      22076588.0
c  120   9652751E               (3)1(  0.0)      22112527.8
c  121   9652751E               (3)1(  1.0)      22121892.6
c  122   9652751E               (3)5(  5.0)      22133011.3
c  123   9652751E               (3)2(  2.0)      22135115.0
c  124   9652751E               (3)3(  3.0)      22143846.8
c  125   9652751E               (3)4(  4.0)      22146393.3
c  126   9652751E               (3)5(  6.0)      22153245.7
c  127   9652751E               (1)2(  2.0)      22156403.4
c  128   9652751E               (3)3(  4.0)      22168753.0
c  129   9652751E               (3)4(  5.0)      22172726.5
c  130   9652751E               (1)3(  3.0)      22173850.3
c  131   9652751E               (3)2(  1.0)      22224862.1
c  132   9652751F               (3)2(  1.0)      22494995.2
c  133   9652751F               (3)2(  2.0)      22501297.3
c  134   9652751F               (3)6(  6.0)      22501717.5
c  135   9652751F               (3)3(  3.0)      22508212.1
c  136   9652751F               (3)6(  7.0)      22510829.0
c  137   9652751F               (3)4(  4.0)      22512284.9
c  138   9652751F               (3)5(  5.0)      22512594.3
c  139   9652751F               (1)2(  2.0)      22515084.7
c  140   9652751F               (1)3(  3.0)      22515131.7
c  141   9652751F               (1)4(  4.0)      22521352.1
c  142   9652751F               (3)4(  5.0)      22522544.7
c  143   9652751F               (3)5(  6.0)      22522678.4
c  144   9652751E               (3)5(  4.0)      22650523.0
c  145   9652751E               (3)3(  2.0)      22655812.8
c  146   9652751E               (3)1(  2.0)      22670578.0
c  147   9652751E               (3)4(  3.0)      22670649.7
c  148   9652751E               (1)5(  5.0)      22678926.5
c  149   9652751E               (3)2(  3.0)      22687489.4
c  150   9652751E               (1)4(  4.0)      22691529.8
c  151   9652751E               (1)1(  1.0)      22711203.3
c  152   2455560652751A         (3)4(  3.0)      22762200.1
c  153   2455560652751A         (3)3(  2.0)      22802708.5
c  154   2455560652751A         (3)2(  3.0)      22807039.1
c  155   2455560652751A         (1)4(  4.0)      22822225.4
c  156   9652751F               (3)6(  5.0)      23022671.8
c  157   9652751F               (3)3(  2.0)      23027932.1
c  158   9652751F               (3)4(  3.0)      23031002.5
c  159   9652751F               (1)6(  6.0)      23033272.5
c  160   9652751F               (3)5(  4.0)      23034088.4
c  161   9652751F               (3)2(  3.0)      23035985.1
c  162   9652751F               (3)3(  4.0)      23042723.9
c  163   9652751F               (1)5(  5.0)      23043569.0
c  164   2455560652751C         (3)0(  1.0)      24141350.2
c  165   2455560652751C         (3)2(  2.0)      24144915.6
c  166   2455560652751C         (3)2(  3.0)      24511153.5
c  167   2455560652751C         (1)1(  1.0)      24511214.4
c  168   2455560652751C         (3)1(  2.0)      24525578.3
c  169   2455560652751C         (1)0(  0.0)      24557958.7
c  170   9652751I               (3)1(  1.0)      24683577.0
c  171   9652751I               (3)4(  4.0)      24688737.0
c  172   9652751I               (3)2(  2.0)      24691224.8
c  173   9652751I               (1)3(  3.0)      24694213.5
c  174   9652751I               (1)1(  1.0)      24730714.6
c  175   9652751I               (3)4(  5.0)      24731856.0
c  176   9652751I               (3)2(  3.0)      24737940.8
c  177   9652751I               (1)2(  2.0)      24738952.5
c  178   9652751I               (3)3(  4.0)      24740191.2
c  179   9652751I               (1)0(  0.0)      24774956.4
c  180   9652751J               (3)1(  0.0)      25039860.8
c  181   9652751J               (3)1(  1.0)      25045072.3
c  182   9652751J               (3)5(  5.0)      25051051.4
c  183   9652751J               (3)2(  2.0)      25052103.6
c  184   9652751J               (3)3(  3.0)      25056665.3
c  185   9652751J               (3)4(  4.0)      25058054.2
c  186   9652751J               (3)5(  6.0)      25063071.4
c  187   9652751J               (1)2(  2.0)      25064644.7
c  188   9652751J               (3)3(  4.0)      25071163.0
c  189   9652751J               (3)4(  5.0)      25073281.4
c  190   9652751J               (1)3(  3.0)      25073786.5
c  191   2455560652751D         (3)1(  0.0)      25082825.6
c  192   2455560652751D         (3)1(  1.0)      25094029.7
c  193   2455560652751D         (3)3(  3.0)      25096104.3
c  194   9652751J               (1)1(  1.0)      25102178.7
c  195   2455560652751D         (3)2(  2.0)      25104790.5
c  196   2455560652751D         (3)3(  4.0)      25173397.7
c  197   2455560652751D         (1)2(  2.0)      25179332.1
c  198   2455560652751D         (1)1(  1.0)      25180475.7
c  199   2455560652751D         (3)2(  3.0)      25188131.4
c  200   9652751I               (3)2(  1.0)      25207303.2
c  201   9652751I               (3)4(  3.0)      25207514.5
c  202   9652751I               (3)3(  2.0)      25215559.7
c  203   9652751I               (3)1(  0.0)      25239740.7
c  204   9652751K               (3)2(  1.0)      25248109.4
c  205   9652751I               (3)0(  1.0)      25249064.7
c  206   9652751K               (3)2(  2.0)      25252233.8
c  207   9652751K               (3)6(  6.0)      25253027.6
c  208   9652751I               (1)4(  4.0)      25253734.4
c  209   9652751I               (3)1(  2.0)      25256244.3
c  210   9652751K               (3)3(  3.0)      25256353.2
c  211   9652751K               (3)6(  7.0)      25258308.7
c  212   9652751K               (3)4(  4.0)      25258699.3
c  213   9652751K               (3)5(  5.0)      25258973.4
c  214   9652751I               (3)3(  3.0)      25259208.8
c  215   9652751K               (1)3(  3.0)      25260523.5
c  216   9652751K               (1)2(  2.0)      25262413.7
c  217   9652751K               (1)4(  4.0)      25264352.9
c  218   9652751K               (3)4(  5.0)      25264689.4
c  219   9652751K               (3)5(  6.0)      25265042.2
c  220   9652751J               (3)5(  4.0)      25569696.0
c  221   9652751J               (3)3(  2.0)      25572614.0
c  222   9652751J               (3)4(  3.0)      25580243.7
c  223   9652751J               (3)1(  2.0)      25581508.1
c  224   9652751J               (1)5(  5.0)      25586016.2
c  225   9652751J               (3)2(  3.0)      25590485.4
c  226   9652751J               (1)4(  4.0)      25592621.8
c  227   9652751J               (3)2(  1.0)      25598515.7
c  228   2455560652751E         (3)2(  1.0)      25748587.7
c  229   2455560652751E         (3)2(  2.0)      25762400.9
c  230   2455560652751E         (3)4(  4.0)      25763135.1
c  231   2455560652751E         (3)3(  3.0)      25772721.7
c  232   9652751K               (3)6(  5.0)      25773345.5
c  233   9652751K               (3)3(  2.0)      25775831.6
c  234   9652751K               (3)2(  3.0)      25777129.8
c  235   9652751K               (3)4(  3.0)      25778416.6
c  236   2455560652751E         (3)4(  5.0)      25779757.3
c  237   9652751K               (1)6(  6.0)      25779802.3
c  238   9652751K               (3)5(  4.0)      25780279.0
c  239   9652751K               (3)3(  4.0)      25783592.6
c  240   9652751K               (1)5(  5.0)      25787788.7
c  241   2455560652751E         (1)3(  3.0)      25793657.5
c  242   2455560652751E         (3)3(  4.0)      25803084.4
c  243   2455560652751E         (1)2(  2.0)      25809036.2
c  244   2455560652751C         (3)2(  1.0)      26607015.3
c  245   2455560652751C         (3)1(  0.0)      26636771.0
c  246   2455560652751C         (3)1(  1.0)      26979563.8
c  247   2455560652751C         (1)2(  2.0)      26982445.7
c  248   2455560652751D         (3)3(  2.0)      27560117.1
c  249   2455560652751D         (3)2(  1.0)      27567484.7
c  250   2455560652751D         (3)1(  2.0)      27641307.4
c  251   2455560652751D         (1)3(  3.0)      27643356.4
c  252   2455560652751H         (3)0(  1.0)      27790011.7
c  253   2455560652751H         (3)2(  2.0)      27791673.9
c  254   2455560652751H         (3)2(  3.0)      27993174.6
c  255   2455560652751H         (1)1(  1.0)      27993478.4
c  256   2455560652751H         (3)1(  2.0)      28000587.3
c  257   2455560652751H         (1)0(  0.0)      28016013.4
c  258   2455560652751E         (3)4(  3.0)      28227432.4
c  259   2455560652751E         (3)3(  2.0)      28243144.4
c  260   2455560652751E         (3)2(  3.0)      28252553.9
c  261   2455560652751E         (1)4(  4.0)      28257019.5
c  262   2455560652751I         (3)1(  0.0)      28308040.0
c  263   2455560652751I         (3)1(  1.0)      28314142.7
c  264   2455560652751I         (3)3(  3.0)      28315241.3
c  265   2455560652751I         (3)2(  2.0)      28319773.2
c  266   2455560652751I         (3)3(  4.0)      28358630.8
c  267   2455560652751I         (1)2(  2.0)      28361732.9
c  268   2455560652751I         (1)1(  1.0)      28362382.3
c  269   2455560652751I         (3)2(  3.0)      28366350.5
c  270   2455560652751J         (3)2(  1.0)      28670030.4
c  271   2455560652751J         (3)2(  2.0)      28677819.6
c  272   2455560652751J         (3)4(  4.0)      28677838.9
c  273   2455560652751J         (3)3(  3.0)      28683468.6
c  274   2455560652751J         (3)4(  5.0)      28689053.0
c  275   2455560652751J         (1)3(  3.0)      28694632.0
c  276   2455560652751J         (3)3(  4.0)      28699697.3
c  277   2455560652751J         (1)2(  2.0)      28701911.6
c  278   2455560652751H         (3)2(  1.0)      30256241.3
c  279   2455560652751H         (3)1(  0.0)      30270528.6
c  280   2455560652751H         (3)1(  1.0)      30460824.9
c  281   2455560652751H         (1)2(  2.0)      30462301.6
c  282   2455560652751I         (3)3(  2.0)      30780878.9
c  283   2455560652751I         (3)2(  1.0)      30784760.9
c  284   2455560652751I         (3)1(  2.0)      30826283.4
c  285   2455560652751I         (1)3(  3.0)      30827369.2
c  286   2455560652751J         (3)4(  3.0)      31143414.3
c  287   2455560652751J         (3)3(  2.0)      31151179.9
c  288   2455560652751J         (3)2(  3.0)      31158009.4
c  289   2455560652751J         (1)4(  4.0)      31160258.6
 
 
 
c-------------------------------------------------------------------------------
 
C  superstage partition information
C  ================================
C
C  element symbol   : W
C  parent template  : 
C  partition level  :  1
C  superstage label : 44
C
C  tabulation       : photon emissivity coefft (te,ne)
C  units            : ph. emis coef(cm^3 s^-1); te (ev); ne (cm^-3)
C
C  photon emissivity atomic transitions
C  ------------------------------------
C  
C   isel  wvlen(A)            transition                type  ispb nspb
C                                                             ispp nspp sz    tg pr wr
C  ----- ---------- ----------------------------------- ----- ---- ---- --    -- -- --
C      1   3.62746  249(3)2(  1.0)-  1(1)0(  0.0)       excit   1    1  44    68 48  1
C      2   3.90648  227(3)2(  1.0)-  1(1)0(  0.0)       excit   1    1  44    62 22  2
C      3   3.97133  198(1)1(  1.0)-  1(1)0(  0.0)       excit   1    1  44    56 28  3
C      4   3.98372  194(1)1(  1.0)-  1(1)0(  0.0)       excit   1    1  44    55 18  4
C      5   4.38544  153(3)3(  2.0)-  1(1)0(  0.0)       excit   1    1  44    45 26  5
C      6   4.40311  151(1)1(  1.0)-  1(1)0(  0.0)       excit   1    1  44    44  8  6
C      7   4.49947  131(3)2(  1.0)-  1(1)0(  0.0)       excit   1    1  44    41 11  7
C      8   4.69757   99(3)2(  1.0)-  1(1)0(  0.0)       excit   1    1  44    33 15  8
C      9   4.89961   97(1)2(  2.0)-  1(1)0(  0.0)       excit   1    1  44    32 14  9
C     10   5.26610   84(1)1(  1.0)-  1(1)0(  0.0)       excit   1    1  44    28  7 10
C     11   5.66357   87(3)1(  0.0)-  5(1)1(  1.0)       excit   1    1  44   581 27 11
C     12   5.69173   76(3)1(  2.0)-  1(1)0(  0.0)       excit   1    1  44    25 46 12
C     13   5.75796   73(1)1(  1.0)-  1(1)0(  0.0)       excit   1    1  44    24  4 13
C     14   5.90905   77(1)0(  0.0)-  3(3)1(  1.0)       excit   1    1  44   200 32 14
C     15   5.93571   65(3)2(  1.0)-  1(1)0(  0.0)       excit   1    1  44    23  5 15
C     16   5.97227   62(3)2(  2.0)-  1(1)0(  0.0)       excit   1    1  44    22 40 16
C     17   6.23070   77(1)0(  0.0)-  5(1)1(  1.0)       excit   1    1  44   573 17 17
C     18   6.36092   46(3)3(  2.0)-  1(1)0(  0.0)       excit   1    1  44    18 41 18
C     19   6.50982   41(1)2(  2.0)-  1(1)0(  0.0)       excit   1    1  44    16 31 19
C     20   6.57132   51(1)0(  0.0)-  3(3)1(  1.0)       excit   1    1  44   184 21 20
C     21   6.97155   51(1)0(  0.0)-  5(1)1(  1.0)       excit   1    1  44   557  9 21
C     22   7.22178   43(3)1(  0.0)-  5(1)1(  1.0)       excit   1    1  44   552 30 22
C     23   8.42284   29(1)1(  1.0)-  1(1)0(  0.0)       excit   1    1  44    12 44 23
C     24   10.1711   25(1)0(  0.0)-  5(1)1(  1.0)       excit   1    1  44   541 50 24
C     25   11.8771   19(1)1(  1.0)-  1(1)0(  0.0)       excit   1    1  44     7 19 25
C     26   12.1369   21(3)2(  2.0)-  3(3)1(  1.0)       excit   1    1  44   165 38 26
C     27   12.4336   17(3)1(  1.0)-  1(1)0(  0.0)       excit   1    1  44     6 42 27
C     28   13.4251   23(1)2(  2.0)-  5(1)1(  1.0)       excit   1    1  44   539 24 28
C     29   14.4401   15(1)0(  0.0)-  3(3)1(  1.0)       excit   1    1  44   160 16 29
C     30   14.6635  243(1)2(  2.0)- 84(1)1(  1.0)       excit   1    1  44 12343 34 30
C     31   16.5248   15(1)0(  0.0)-  5(1)1(  1.0)       excit   1    1  44   533 10 31
C     32   17.6432  139(1)2(  2.0)- 65(3)2(  1.0)       excit   1    1  44  9872 47 32
C     33   17.9580  169(1)0(  0.0)- 84(1)1(  1.0)       excit   1    1  44 12309 45 33
C     34   18.3978  153(3)3(  2.0)- 73(1)1(  1.0)       excit   1    1  44 10958 43 34
C     35   18.4416   19(1)1(  1.0)-  9(1)2(  2.0)       excit   1    1  44  1306 25 35
C     36   19.0583   17(3)1(  1.0)-  7(3)2(  2.0)       excit   1    1  44   865 36 36
C     37   20.9377  111(3)1(  0.0)- 65(3)2(  1.0)       excit   1    1  44  9858 37 37
C     38   21.3258  115(1)0(  0.0)- 73(1)1(  1.0)       excit   1    1  44 10941 29 38
C     39   44.6219    9(1)2(  2.0)-  3(3)1(  1.0)       excit   1    1  44   155 20 39
C     40   48.3446    6(3)2(  1.0)-  2(3)1(  0.0)       excit   1    1  44    82 33 40
C     41   49.0281    7(3)2(  2.0)-  3(3)1(  1.0)       excit   1    1  44   154  6 41
C     42   49.6303    6(3)2(  1.0)-  3(3)1(  1.0)       excit   1    1  44   153 49 42
C     43   61.3632    5(1)1(  1.0)-  1(1)0(  0.0)       excit   1    1  44     2  1 43
C     44   66.0022  153(3)3(  2.0)- 99(3)2(  1.0)       excit   1    1  44 14194 39 44
C     45   66.5866    9(1)2(  2.0)-  4(3)1(  2.0)       excit   1    1  44   319 13 45
C     46   70.4042   97(1)2(  2.0)- 84(1)1(  1.0)       excit   1    1  44 12274 23 46
C     47   73.1304    9(1)2(  2.0)-  5(1)1(  1.0)       excit   1    1  44   528  3 47
C     48   76.8994    7(3)2(  2.0)-  4(3)1(  2.0)       excit   1    1  44   317 35 48
C     49   132.273    3(3)1(  1.0)-  1(1)0(  0.0)       excit   1    1  44     1  2 49
C     50   135.272    4(3)1(  2.0)-  3(3)1(  1.0)       excit   1    1  44   151 12 50
c-------------------------------------------------------------------------------
                                                                                
C  code     : adas810
C  producer : Adam Foster
C  date     : 15/05/09
                                                                                
c-------------------------------------------------------------------------------

C-----------------------------------------------------------------------
C                               OPEN-ADAS
C                               +++++++++
C
C This file has been downloaded from OPEN-ADAS (http://open.adas.ac.uk)
C on 16-Sep-2014.
C
C TERMS AND CONDITIONS
C --------------------
C
C The user of the OPEN-ADAS system and data (hereinafter "the User")
C accepts the following terms and conditions:
C
C   1. The University of Strathclyde uses all reasonable endeavours to
C      ensure the accuracy of the data provided and any information
C      given, but the University makes no warranty, expressed or implied
C      as to its accuracy, integrity, fitness for purpose and shall not
C      be responsible for the use to which the data is put by the User
C      and/or any consequences arising out of any inaccuracies or
C      omissions.
C
C   2. Any downloaded OPEN-ADAS file is made available for the
C      personal use of the User only.  It must not be used for any
C      commercial application, incorporated into any web site or in
C      any form re-distributed without express prior written permission
C      from the ADAS Project. In particular, but not by way of
C      limitation, it must not be:
C        *  inserted into a managed database structure,
C        *  redistributed along with a modelling or analysis code,
C        *  made available on a public website.
C
C Permission for OPEN-ADAS data incorporation in non-commercial
C code/system development for scientific advance will not be
C unreasonably withheld, but will be subject to written agreement
C on a case by case basis.
C
C The User will indemnify the University of Strathclyde and keep it
C fully and effectively indemnified against each and every claim made
C against the University as a result of the User's use of the data.
C
C-----------------------------------------------------------------------
