   18   10   20    1   18     /ARGON              /ADAS810-total           ADF11
 -------------------------------------------------------------------------------
   9.00000  10.00000  11.00000  12.00000  13.00000  14.00000  15.00000  16.00000
  17.00000  18.00000
   1.00000   1.15776   1.31576   1.47363   1.63155   1.78944   1.94738   2.10517
   2.26316   2.42111   2.57898   2.73687   2.89476   3.05269   3.21059   3.36847
   3.52634   3.68422   3.84211   4.00000
 --------------------/ IGRD= 1  / IPRT= 0  /PLT     / Z1= 1   / DATE= 01.10.09
 -26.02293 -26.02293 -26.02293 -26.02293 -26.02297 -26.02328 -26.02598 -26.04850
 -26.21323 -26.82469
 -25.81618 -25.81618 -25.81618 -25.81619 -25.81621 -25.81637 -25.81741 -25.82817
 -25.98196 -26.60443
 -25.66591 -25.66591 -25.66591 -25.66591 -25.66592 -25.66597 -25.66569 -25.66923
 -25.82622 -26.46369
 -25.55715 -25.55715 -25.55715 -25.55715 -25.55716 -25.55719 -25.55651 -25.55852
 -25.72437 -26.37503
 -25.47566 -25.47566 -25.47566 -25.47566 -25.47568 -25.47580 -25.47585 -25.48147
 -25.65785 -26.31871
 -25.41380 -25.41380 -25.41380 -25.41380 -25.41384 -25.41416 -25.41590 -25.42866
 -25.61493 -26.28258
 -25.36587 -25.36587 -25.36587 -25.36587 -25.36594 -25.36655 -25.37074 -25.39297
 -25.58777 -26.25921
 -25.32769 -25.32769 -25.32769 -25.32770 -25.32780 -25.32876 -25.33598 -25.36925
 -25.57125 -26.24408
 -25.29610 -25.29610 -25.29610 -25.29611 -25.29625 -25.29762 -25.30831 -25.35375
 -25.56192 -26.23432
 -25.26897 -25.26897 -25.26897 -25.26899 -25.26918 -25.27099 -25.28550 -25.34395
 -25.55754 -26.22816
 -25.24478 -25.24478 -25.24479 -25.24481 -25.24505 -25.24734 -25.26595 -25.33805
 -25.55659 -26.22445
 -25.22247 -25.22247 -25.22247 -25.22250 -25.22279 -25.22560 -25.24857 -25.33484
 -25.55801 -26.22240
 -25.20132 -25.20132 -25.20133 -25.20136 -25.20170 -25.20507 -25.23260 -25.33348
 -25.56110 -26.22151
 -25.18084 -25.18084 -25.18085 -25.18089 -25.18129 -25.18523 -25.21756 -25.33338
 -25.56538 -26.22144
 -25.16073 -25.16073 -25.16073 -25.16078 -25.16125 -25.16580 -25.20311 -25.33416
 -25.57051 -26.22194
 -25.14076 -25.14076 -25.14076 -25.14082 -25.14135 -25.14655 -25.18904 -25.33556
 -25.57626 -26.22286
 -25.12080 -25.12080 -25.12080 -25.12087 -25.12147 -25.12734 -25.17521 -25.33738
 -25.58247 -26.22408
 -25.10076 -25.10076 -25.10076 -25.10083 -25.10151 -25.10808 -25.16154 -25.33951
 -25.58902 -26.22553
 -25.08058 -25.08058 -25.08059 -25.08067 -25.08142 -25.08873 -25.14797 -25.34186
 -25.59584 -26.22716
 -25.06025 -25.06025 -25.06026 -25.06034 -25.06117 -25.06926 -25.13448 -25.34438
 -25.60288 -26.22893
 --------------------/ IGRD= 1  / IPRT= 0  /PLT     / Z1= 2   / DATE= 01.10.09
 -24.82905 -24.83389 -24.83445 -24.83444 -24.83406 -24.83447 -24.84603 -24.96205
 -25.45754 -26.26259
 -24.60591 -24.61714 -24.61847 -24.61872 -24.61921 -24.62389 -24.64526 -24.81559
 -25.36153 -26.15957
 -24.47852 -24.49859 -24.50104 -24.50154 -24.50278 -24.51077 -24.53814 -24.74220
 -25.31271 -26.11542
 -24.41081 -24.44122 -24.44499 -24.44575 -24.44745 -24.45714 -24.48657 -24.70790
 -25.29700 -26.11618
 -24.37781 -24.41935 -24.42464 -24.42560 -24.42745 -24.43761 -24.46675 -24.69563
 -25.30216 -26.14157
 -24.36419 -24.41737 -24.42434 -24.42547 -24.42734 -24.43727 -24.46518 -24.69594
 -25.31747 -26.17412
 -24.36116 -24.42637 -24.43523 -24.43655 -24.43838 -24.44786 -24.47431 -24.70331
 -25.33578 -26.20428
 -24.36540 -24.44305 -24.45404 -24.45557 -24.45733 -24.46616 -24.49117 -24.71534
 -25.35376 -26.22891
 -24.37503 -24.46541 -24.47885 -24.48064 -24.48230 -24.49045 -24.51396 -24.73069
 -25.37023 -26.24801
 -24.38788 -24.49117 -24.50744 -24.50953 -24.51110 -24.51856 -24.54067 -24.74810
 -25.38486 -26.26255
 -24.40260 -24.51880 -24.53834 -24.54077 -24.54228 -24.54908 -24.56991 -24.76681
 -25.39788 -26.27367
 -24.41840 -24.54732 -24.57063 -24.57347 -24.57494 -24.58114 -24.60081 -24.78651
 -25.40968 -26.28232
 -24.43487 -24.57602 -24.60368 -24.60701 -24.60846 -24.61409 -24.63275 -24.80693
 -25.42058 -26.28925
 -24.45183 -24.60442 -24.63709 -24.64101 -24.64244 -24.64759 -24.66533 -24.82799
 -25.43090 -26.29498
 -24.46924 -24.63214 -24.67055 -24.67518 -24.67663 -24.68131 -24.69826 -24.84959
 -25.44084 -26.29987
 -24.48713 -24.65895 -24.70387 -24.70935 -24.71086 -24.71512 -24.73136 -24.87171
 -25.45055 -26.30414
 -24.50562 -24.68463 -24.73691 -24.74340 -24.74495 -24.74886 -24.76445 -24.89427
 -25.46011 -26.30792
 -24.52480 -24.70905 -24.76956 -24.77726 -24.77891 -24.78249 -24.79748 -24.91730
 -25.46957 -26.31122
 -24.54476 -24.73214 -24.80173 -24.81088 -24.81263 -24.81595 -24.83035 -24.94077
 -25.47890 -26.31395
 -24.56556 -24.75386 -24.83336 -24.84422 -24.84610 -24.84921 -24.86302 -24.96465
 -25.48806 -26.31591
 --------------------/ IGRD= 1  / IPRT= 0  /PLT     / Z1= 3   / DATE= 01.10.09
 -24.95957 -24.95999 -24.96005 -24.96009 -24.96037 -24.96200 -24.96973 -25.01289
 -25.32080 -26.11702
 -24.66669 -24.66906 -24.66936 -24.66948 -24.67035 -24.67524 -24.69931 -24.78352
 -25.21959 -26.08494
 -24.48546 -24.49176 -24.49257 -24.49283 -24.49448 -24.50366 -24.54871 -24.66962
 -25.18553 -26.06970
 -24.38285 -24.39507 -24.39667 -24.39709 -24.39941 -24.41241 -24.47535 -24.61929
 -25.17310 -26.05548
 -24.33133 -24.35090 -24.35352 -24.35409 -24.35684 -24.37228 -24.44616 -24.60103
 -25.16866 -26.04272
 -24.31072 -24.33844 -24.34228 -24.34299 -24.34589 -24.36236 -24.44053 -24.59879
 -25.16810 -26.03272
 -24.30816 -24.34440 -24.34962 -24.35047 -24.35333 -24.36978 -24.44758 -24.60520
 -25.17000 -26.02572
 -24.31605 -24.36091 -24.36767 -24.36867 -24.37139 -24.38721 -24.46186 -24.61680
 -25.17363 -26.02141
 -24.33042 -24.38384 -24.39235 -24.39351 -24.39603 -24.41092 -24.48095 -24.63218
 -25.17857 -26.01930
 -24.34908 -24.41091 -24.42139 -24.42274 -24.42505 -24.43886 -24.50353 -24.65044
 -25.18452 -26.01892
 -24.37055 -24.44051 -24.45323 -24.45482 -24.45692 -24.46958 -24.52858 -24.67069
 -25.19117 -26.01987
 -24.39371 -24.47145 -24.48672 -24.48859 -24.49049 -24.50201 -24.55539 -24.69239
 -25.19829 -26.02182
 -24.41792 -24.50293 -24.52110 -24.52330 -24.52504 -24.53546 -24.58349 -24.71513
 -25.20573 -26.02453
 -24.44278 -24.53443 -24.55591 -24.55851 -24.56011 -24.56949 -24.61257 -24.73867
 -25.21339 -26.02782
 -24.46809 -24.56560 -24.59081 -24.59390 -24.59538 -24.60381 -24.64238 -24.76280
 -25.22122 -26.03155
 -24.49373 -24.59620 -24.62563 -24.62929 -24.63069 -24.63825 -24.67276 -24.78739
 -25.22920 -26.03564
 -24.51967 -24.62608 -24.66020 -24.66456 -24.66590 -24.67267 -24.70355 -24.81231
 -25.23734 -26.04001
 -24.54590 -24.65514 -24.69445 -24.69964 -24.70095 -24.70701 -24.73466 -24.83750
 -25.24564 -26.04460
 -24.57242 -24.68333 -24.72831 -24.73448 -24.73581 -24.74122 -24.76601 -24.86289
 -25.25415 -26.04935
 -24.59922 -24.71061 -24.76172 -24.76906 -24.77043 -24.77528 -24.79753 -24.88840
 -25.26288 -26.05420
 --------------------/ IGRD= 1  / IPRT= 0  /PLT     / Z1= 4   / DATE= 01.10.09
 -25.09589 -25.09297 -25.09258 -25.09306 -25.09394 -25.09654 -25.10436 -25.12412
 -25.26545 -25.88272
 -24.80581 -24.80660 -24.80689 -24.80835 -24.81060 -24.81751 -24.83435 -24.86329
 -25.06513 -25.80705
 -24.62829 -24.63576 -24.63720 -24.64005 -24.64406 -24.65657 -24.68279 -24.71934
 -24.98457 -25.81615
 -24.52936 -24.54624 -24.54923 -24.55349 -24.55912 -24.57653 -24.60901 -24.64816
 -24.95889 -25.84190
 -24.48107 -24.50934 -24.51416 -24.51955 -24.52633 -24.54688 -24.58205 -24.61921
 -24.95461 -25.86540
 -24.46292 -24.50370 -24.51053 -24.51669 -24.52407 -24.54596 -24.58139 -24.61411
 -24.95786 -25.88321
 -24.46176 -24.51550 -24.52447 -24.53108 -24.53868 -24.56061 -24.59514 -24.62272
 -24.96348 -25.89574
 -24.46979 -24.53654 -24.54784 -24.55468 -24.56222 -24.58344 -24.61669 -24.63951
 -24.96979 -25.90412
 -24.48279 -24.56243 -24.57630 -24.58324 -24.59058 -24.61067 -24.64266 -24.66161
 -24.97647 -25.90941
 -24.49915 -24.59138 -24.60812 -24.61511 -24.62217 -24.64092 -24.67176 -24.68780
 -24.98385 -25.91243
 -24.51851 -24.62285 -24.64283 -24.64987 -24.65663 -24.67395 -24.70372 -24.71767
 -24.99249 -25.91380
 -24.53959 -24.65539 -24.67907 -24.68620 -24.69266 -24.70854 -24.73722 -24.74976
 -25.00241 -25.91398
 -24.56156 -24.68797 -24.71585 -24.72316 -24.72932 -24.74380 -24.77136 -24.78304
 -25.01358 -25.91332
 -24.58418 -24.72012 -24.75278 -24.76036 -24.76624 -24.77940 -24.80579 -24.81704
 -25.02611 -25.91204
 -24.60733 -24.75150 -24.78957 -24.79754 -24.80318 -24.81510 -24.84027 -24.85140
 -25.04003 -25.91033
 -24.63103 -24.78192 -24.82604 -24.83457 -24.83999 -24.85077 -24.87470 -24.88592
 -25.05536 -25.90829
 -24.65532 -24.81124 -24.86208 -24.87134 -24.87658 -24.88632 -24.90898 -24.92044
 -25.07208 -25.90604
 -24.68026 -24.83938 -24.89759 -24.90780 -24.91290 -24.92170 -24.94309 -24.95485
 -25.09018 -25.90365
 -24.70592 -24.86632 -24.93252 -24.94392 -24.94891 -24.95687 -24.97700 -24.98908
 -25.10960 -25.90119
 -24.73233 -24.89207 -24.96680 -24.97967 -24.98460 -24.99181 -25.01070 -25.02308
 -25.13027 -25.89873
 --------------------/ IGRD= 1  / IPRT= 0  /PLT     / Z1= 5   / DATE= 01.10.09
 -25.10213 -25.10205 -25.10207 -25.10208 -25.10213 -25.10263 -25.10732 -25.14113
 -25.29941 -25.84968
 -24.81135 -24.81150 -24.81157 -24.81160 -24.81169 -24.81256 -24.82021 -24.86471
 -25.04941 -25.66406
 -24.61690 -24.61788 -24.61807 -24.61813 -24.61831 -24.61991 -24.63265 -24.69155
 -24.91300 -25.60696
 -24.49457 -24.49712 -24.49754 -24.49764 -24.49794 -24.50052 -24.51895 -24.59044
 -24.84415 -25.60152
 -24.42499 -24.43003 -24.43077 -24.43094 -24.43135 -24.43485 -24.45778 -24.53685
 -24.81164 -25.61057
 -24.39194 -24.40033 -24.40153 -24.40175 -24.40225 -24.40636 -24.43185 -24.51343
 -24.79796 -25.62106
 -24.38287 -24.39524 -24.39700 -24.39730 -24.39783 -24.40218 -24.42848 -24.50891
 -24.79428 -25.62939
 -24.38923 -24.40592 -24.40836 -24.40873 -24.40927 -24.41356 -24.43941 -24.51654
 -24.79642 -25.63501
 -24.40561 -24.42676 -24.42996 -24.43040 -24.43093 -24.43498 -24.45963 -24.53244
 -24.80250 -25.63829
 -24.42876 -24.45433 -24.45839 -24.45892 -24.45943 -24.46314 -24.48620 -24.55434
 -24.81177 -25.63976
 -24.45685 -24.48671 -24.49173 -24.49236 -24.49284 -24.49617 -24.51746 -24.58102
 -24.82400 -25.63989
 -24.48891 -24.52282 -24.52893 -24.52968 -24.53013 -24.53308 -24.55255 -24.61174
 -24.83919 -25.63905
 -24.52351 -24.56117 -24.56850 -24.56939 -24.56981 -24.57241 -24.59007 -24.64516
 -24.85680 -25.63758
 -24.55946 -24.60049 -24.60920 -24.61024 -24.61065 -24.61292 -24.62883 -24.68009
 -24.87623 -25.63579
 -24.59628 -24.64022 -24.65048 -24.65171 -24.65211 -24.65408 -24.66835 -24.71603
 -24.89726 -25.63387
 -24.63370 -24.68004 -24.69202 -24.69348 -24.69387 -24.69559 -24.70832 -24.75267
 -24.91974 -25.63199
 -24.67153 -24.71969 -24.73362 -24.73533 -24.73573 -24.73723 -24.74855 -24.78978
 -24.94353 -25.63029
 -24.70967 -24.75905 -24.77512 -24.77714 -24.77755 -24.77885 -24.78890 -24.82720
 -24.96852 -25.62891
 -24.74804 -24.79801 -24.81642 -24.81882 -24.81925 -24.82038 -24.82927 -24.86483
 -24.99461 -25.62795
 -24.78659 -24.83650 -24.85746 -24.86029 -24.86075 -24.86175 -24.86960 -24.90256
 -25.02171 -25.62752
 --------------------/ IGRD= 1  / IPRT= 0  /PLT     / Z1= 6   / DATE= 01.10.09
 -25.08557 -25.08557 -25.08558 -25.08563 -25.08608 -25.08976 -25.11093 -25.17762
 -25.39625 -25.97121
 -24.83092 -24.83092 -24.83093 -24.83105 -24.83204 -24.83939 -24.86914 -24.93770
 -25.15342 -25.72569
 -24.65947 -24.65948 -24.65950 -24.65970 -24.66143 -24.67321 -24.70902 -24.78019
 -24.99944 -25.58981
 -24.54818 -24.54818 -24.54821 -24.54852 -24.55101 -24.56691 -24.60670 -24.68083
 -24.90519 -25.52070
 -24.48021 -24.48021 -24.48025 -24.48064 -24.48376 -24.50281 -24.54513 -24.62155
 -24.84984 -25.48676
 -24.44463 -24.44464 -24.44468 -24.44512 -24.44864 -24.46944 -24.51283 -24.59005
 -24.81973 -25.47004
 -24.43208 -24.43208 -24.43213 -24.43259 -24.43626 -24.45767 -24.50130 -24.57820
 -24.80656 -25.46177
 -24.43559 -24.43559 -24.43564 -24.43609 -24.43970 -24.46078 -24.50384 -24.57940
 -24.80429 -25.45767
 -24.45100 -24.45101 -24.45105 -24.45148 -24.45488 -24.47493 -24.51681 -24.59022
 -24.80991 -25.45598
 -24.47533 -24.47534 -24.47538 -24.47577 -24.47889 -24.49753 -24.53784 -24.60858
 -24.82170 -25.45594
 -24.50616 -24.50617 -24.50621 -24.50655 -24.50936 -24.52640 -24.56491 -24.63256
 -24.83818 -25.45714
 -24.54190 -24.54191 -24.54194 -24.54224 -24.54473 -24.56015 -24.59675 -24.66107
 -24.85856 -25.45946
 -24.58149 -24.58149 -24.58152 -24.58178 -24.58397 -24.59780 -24.63251 -24.69345
 -24.88248 -25.46297
 -24.62352 -24.62353 -24.62355 -24.62378 -24.62569 -24.63803 -24.67085 -24.72843
 -24.90892 -25.46762
 -24.66681 -24.66682 -24.66684 -24.66703 -24.66870 -24.67964 -24.71055 -24.76485
 -24.93688 -25.47330
 -24.71085 -24.71085 -24.71087 -24.71104 -24.71249 -24.72216 -24.75117 -24.80228
 -24.96601 -25.48002
 -24.75529 -24.75530 -24.75532 -24.75546 -24.75672 -24.76524 -24.79239 -24.84044
 -24.99606 -25.48779
 -24.79991 -24.79993 -24.79994 -24.80007 -24.80115 -24.80866 -24.83399 -24.87914
 -25.02684 -25.49665
 -24.84456 -24.84457 -24.84459 -24.84469 -24.84564 -24.85224 -24.87582 -24.91823
 -25.05824 -25.50658
 -24.88911 -24.88913 -24.88914 -24.88923 -24.89005 -24.89585 -24.91777 -24.95761
 -25.09016 -25.51761
 --------------------/ IGRD= 1  / IPRT= 0  /PLT     / Z1= 7   / DATE= 01.10.09
 -25.02849 -25.02849 -25.02850 -25.02852 -25.02882 -25.03170 -25.05848 -25.21730
 -25.57688 -26.24367
 -24.81543 -24.81543 -24.81544 -24.81547 -24.81583 -24.81936 -24.85172 -25.02881
 -25.37157 -25.98260
 -24.67553 -24.67553 -24.67553 -24.67557 -24.67598 -24.67998 -24.71623 -24.90306
 -25.22732 -25.79068
 -24.58645 -24.58645 -24.58645 -24.58649 -24.58693 -24.59124 -24.62996 -24.82183
 -25.12899 -25.65835
 -24.53355 -24.53356 -24.53356 -24.53361 -24.53406 -24.53857 -24.57892 -24.77380
 -25.06530 -25.57334
 -24.50469 -24.50469 -24.50469 -24.50474 -24.50522 -24.50996 -24.55214 -24.74940
 -25.02576 -25.52074
 -24.48734 -24.48734 -24.48735 -24.48740 -24.48792 -24.49307 -24.53847 -24.73803
 -24.99995 -25.48690
 -24.47565 -24.47566 -24.47567 -24.47572 -24.47631 -24.48212 -24.53237 -24.73408
 -24.98268 -25.46363
 -24.46870 -24.46871 -24.46872 -24.46878 -24.46945 -24.47602 -24.53168 -24.73474
 -24.97076 -25.44701
 -24.46869 -24.46871 -24.46872 -24.46879 -24.46953 -24.47673 -24.53675 -24.74019
 -24.96436 -25.43620
 -24.47679 -24.47681 -24.47682 -24.47689 -24.47767 -24.48523 -24.54767 -24.75091
 -24.96413 -25.43080
 -24.49204 -24.49206 -24.49207 -24.49215 -24.49293 -24.50057 -24.56347 -24.76641
 -24.96992 -25.43012
 -24.51349 -24.51351 -24.51352 -24.51360 -24.51436 -24.52181 -24.58353 -24.78615
 -24.98154 -25.43354
 -24.54040 -24.54044 -24.54045 -24.54052 -24.54124 -24.54833 -24.60760 -24.80961
 -24.99872 -25.44052
 -24.57156 -24.57160 -24.57161 -24.57168 -24.57235 -24.57896 -24.63492 -24.83554
 -25.02028 -25.45016
 -24.60580 -24.60584 -24.60585 -24.60591 -24.60653 -24.61260 -24.66475 -24.86291
 -25.04515 -25.46170
 -24.64216 -24.64220 -24.64221 -24.64227 -24.64283 -24.64836 -24.69648 -24.89108
 -25.07257 -25.47462
 -24.67989 -24.67994 -24.67995 -24.68000 -24.68050 -24.68550 -24.72961 -24.91961
 -25.10193 -25.48853
 -24.71842 -24.71848 -24.71849 -24.71853 -24.71899 -24.72349 -24.76371 -24.94819
 -25.13269 -25.50317
 -24.75734 -24.75740 -24.75741 -24.75746 -24.75786 -24.76191 -24.79847 -24.97663
 -25.16441 -25.51831
 --------------------/ IGRD= 1  / IPRT= 0  /PLT     / Z1= 8   / DATE= 01.10.09
 -25.27813 -25.27813 -25.27813 -25.27813 -25.27820 -25.27886 -25.28539 -25.34495
 -25.68107 -26.43713
 -25.09715 -25.09715 -25.09715 -25.09716 -25.09722 -25.09785 -25.10411 -25.16076
 -25.47217 -26.16645
 -24.97987 -24.97987 -24.97987 -24.97987 -24.97993 -24.98054 -24.98648 -25.03994
 -25.32752 -25.94974
 -24.90660 -24.90660 -24.90660 -24.90661 -24.90667 -24.90723 -24.91279 -24.96270
 -25.22783 -25.78100
 -24.86312 -24.86312 -24.86312 -24.86313 -24.86318 -24.86370 -24.86885 -24.91500
 -25.15958 -25.65780
 -24.83584 -24.83584 -24.83584 -24.83585 -24.83589 -24.83637 -24.84112 -24.88364
 -25.11031 -25.56924
 -24.81023 -24.81023 -24.81023 -24.81023 -24.81028 -24.81074 -24.81521 -24.85502
 -25.06830 -25.50005
 -24.77849 -24.77849 -24.77849 -24.77850 -24.77855 -24.77900 -24.78339 -24.82187
 -25.02720 -25.44112
 -24.74433 -24.74433 -24.74433 -24.74434 -24.74439 -24.74485 -24.74927 -24.78713
 -24.98766 -25.39173
 -24.71625 -24.71625 -24.71625 -24.71626 -24.71631 -24.71679 -24.72126 -24.75872
 -24.95549 -25.35450
 -24.69924 -24.69924 -24.69924 -24.69925 -24.69930 -24.69979 -24.70427 -24.74104
 -24.93343 -25.32971
 -24.69450 -24.69450 -24.69450 -24.69450 -24.69455 -24.69504 -24.69944 -24.73501
 -24.92166 -25.31581
 -24.70069 -24.70069 -24.70070 -24.70070 -24.70075 -24.70122 -24.70544 -24.73931
 -24.91877 -25.31049
 -24.71536 -24.71536 -24.71536 -24.71537 -24.71542 -24.71587 -24.71983 -24.75165
 -24.92280 -25.31154
 -24.73630 -24.73630 -24.73630 -24.73630 -24.73635 -24.73677 -24.74045 -24.77000
 -24.93214 -25.31725
 -24.76208 -24.76208 -24.76208 -24.76208 -24.76212 -24.76251 -24.76589 -24.79310
 -24.94577 -25.32626
 -24.79132 -24.79132 -24.79132 -24.79132 -24.79136 -24.79172 -24.79479 -24.81968
 -24.96268 -25.33743
 -24.82283 -24.82283 -24.82283 -24.82283 -24.82287 -24.82319 -24.82597 -24.84862
 -24.98198 -25.34990
 -24.85573 -24.85573 -24.85573 -24.85573 -24.85577 -24.85606 -24.85857 -24.87911
 -25.00300 -25.36306
 -24.88939 -24.88939 -24.88939 -24.88939 -24.88942 -24.88969 -24.89195 -24.91052
 -25.02524 -25.37649
 --------------------/ IGRD= 1  / IPRT= 0  /PLT     / Z1= 9   / DATE= 01.10.09
 -36.26548 -36.26548 -36.26548 -36.26548 -36.26548 -36.26549 -36.26561 -36.26672
 -36.27254 -36.28066
 -32.79298 -32.79298 -32.79298 -32.79298 -32.79298 -32.79299 -32.79309 -32.79400
 -32.79940 -32.80811
 -30.31946 -30.31946 -30.31946 -30.31946 -30.31946 -30.31946 -30.31952 -30.32005
 -30.32356 -30.33020
 -28.57401 -28.57401 -28.57401 -28.57401 -28.57401 -28.57401 -28.57402 -28.57420
 -28.57580 -28.57965
 -27.34750 -27.34750 -27.34750 -27.34750 -27.34750 -27.34750 -27.34749 -27.34741
 -27.34751 -27.34880
 -26.49167 -26.49167 -26.49167 -26.49167 -26.49167 -26.49167 -26.49164 -26.49141
 -26.49056 -26.49039
 -25.90114 -25.90114 -25.90114 -25.90114 -25.90114 -25.90114 -25.90111 -25.90084
 -25.89987 -25.90105
 -25.50105 -25.50105 -25.50105 -25.50105 -25.50105 -25.50105 -25.50103 -25.50087
 -25.50078 -25.50768
 -25.23512 -25.23512 -25.23512 -25.23512 -25.23512 -25.23512 -25.23512 -25.23518
 -25.23679 -25.25331
 -25.06404 -25.06404 -25.06404 -25.06404 -25.06404 -25.06405 -25.06408 -25.06438
 -25.06795 -25.09547
 -24.95783 -24.95783 -24.95783 -24.95783 -24.95783 -24.95783 -24.95788 -24.95841
 -24.96368 -25.00103
 -24.89477 -24.89477 -24.89477 -24.89477 -24.89477 -24.89478 -24.89484 -24.89552
 -24.90199 -24.94671
 -24.86100 -24.86100 -24.86100 -24.86100 -24.86101 -24.86101 -24.86109 -24.86185
 -24.86897 -24.91833
 -24.84711 -24.84711 -24.84711 -24.84711 -24.84711 -24.84712 -24.84720 -24.84799
 -24.85531 -24.90690
 -24.84683 -24.84683 -24.84683 -24.84683 -24.84683 -24.84684 -24.84692 -24.84770
 -24.85489 -24.90683
 -24.85631 -24.85631 -24.85631 -24.85631 -24.85631 -24.85632 -24.85639 -24.85713
 -24.86399 -24.91488
 -24.87295 -24.87295 -24.87295 -24.87295 -24.87295 -24.87296 -24.87303 -24.87372
 -24.88011 -24.92892
 -24.89438 -24.89438 -24.89438 -24.89438 -24.89438 -24.89439 -24.89445 -24.89508
 -24.90095 -24.94704
 -24.91892 -24.91892 -24.91892 -24.91892 -24.91892 -24.91892 -24.91898 -24.91955
 -24.92488 -24.96791
 -24.94538 -24.94538 -24.94538 -24.94538 -24.94538 -24.94538 -24.94544 -24.94595
 -24.95077 -24.99060
 --------------------/ IGRD= 1  / IPRT= 0  /PLT     / Z1=10   / DATE= 01.10.09
 -28.48750 -28.48877 -28.50039 -28.55845 -28.61588 -28.62723 -28.62855 -28.62949
 -28.63747 -28.71006
 -27.69035 -27.69045 -27.69139 -27.69526 -27.69814 -27.69863 -27.69874 -27.69943
 -27.70613 -27.76802
 -27.07841 -27.07832 -27.07760 -27.07530 -27.07406 -27.07389 -27.07393 -27.07450
 -27.08017 -27.13315
 -26.66460 -26.66446 -26.66346 -26.66117 -26.66031 -26.66021 -26.66025 -26.66073
 -26.66558 -26.71129
 -26.37877 -26.37865 -26.37785 -26.37651 -26.37613 -26.37609 -26.37613 -26.37654
 -26.38059 -26.41901
 -26.12253 -26.12248 -26.12212 -26.12165 -26.12154 -26.12153 -26.12155 -26.12183
 -26.12465 -26.15191
 -25.82503 -25.82522 -25.82505 -25.82483 -25.82479 -25.82479 -25.82480 -25.82491
 -25.82623 -25.84069
 -25.53109 -25.53212 -25.53150 -25.53082 -25.53069 -25.53067 -25.53068 -25.53071
 -25.53123 -25.53850
 -25.30090 -25.30423 -25.30222 -25.30027 -25.29993 -25.29990 -25.29990 -25.29994
 -25.30048 -25.30625
 -25.14567 -25.15337 -25.14911 -25.14535 -25.14473 -25.14466 -25.14466 -25.14478
 -25.14576 -25.15282
 -25.05097 -25.06506 -25.05827 -25.05252 -25.05159 -25.05149 -25.05150 -25.05168
 -25.05317 -25.06218
 -24.99751 -25.01945 -25.01054 -25.00286 -25.00164 -25.00152 -25.00153 -25.00176
 -25.00364 -25.01428
 -24.97031 -25.00090 -24.99065 -24.98127 -24.97978 -24.97963 -24.97964 -24.97990
 -24.98202 -24.99372
 -24.95958 -24.99908 -24.98844 -24.97760 -24.97585 -24.97567 -24.97568 -24.97595
 -24.97817 -24.99040
 -24.95935 -25.00759 -24.99751 -24.98542 -24.98343 -24.98322 -24.98323 -24.98350
 -24.98572 -24.99811
 -24.96630 -25.02281 -25.01416 -25.00100 -24.99878 -24.99855 -24.99855 -24.99881
 -25.00098 -25.01324
 -24.97853 -25.04261 -25.03616 -25.02210 -25.01964 -25.01938 -25.01938 -25.01962
 -25.02168 -25.03361
 -24.99454 -25.06529 -25.06173 -25.04690 -25.04421 -25.04392 -25.04391 -25.04414
 -25.04607 -25.05752
 -25.01311 -25.08949 -25.08947 -25.07402 -25.07108 -25.07076 -25.07075 -25.07095
 -25.07275 -25.08364
 -25.03346 -25.11432 -25.11843 -25.10249 -25.09930 -25.09895 -25.09894 -25.09912
 -25.10078 -25.11107
 --------------------/ IGRD= 1  / IPRT= 0  /PLT     / Z1=11   / DATE= 01.10.09
 -27.96663 -27.96733 -27.96981 -27.98164 -28.01386 -28.05584 -28.06706 -28.06955
 -28.08135 -28.18310
 -27.18367 -27.18378 -27.18388 -27.18656 -27.20902 -27.23880 -27.24587 -27.24764
 -27.25740 -27.34340
 -26.64153 -26.64156 -26.64118 -26.64388 -26.66445 -26.68322 -26.68678 -26.68799
 -26.69624 -26.77019
 -26.28342 -26.28347 -26.28325 -26.28713 -26.30397 -26.31407 -26.31567 -26.31655
 -26.32371 -26.38872
 -26.05071 -26.05083 -26.05101 -26.05504 -26.06653 -26.07149 -26.07222 -26.07293
 -26.07928 -26.13729
 -25.88400 -25.88420 -25.88457 -25.88747 -25.89356 -25.89562 -25.89593 -25.89651
 -25.90194 -25.95154
 -25.71372 -25.71404 -25.71422 -25.71534 -25.71714 -25.71763 -25.71772 -25.71813
 -25.72214 -25.75854
 -25.51374 -25.51473 -25.51422 -25.51355 -25.51310 -25.51301 -25.51302 -25.51327
 -25.51582 -25.53884
 -25.32394 -25.32714 -25.32476 -25.32170 -25.31996 -25.31967 -25.31966 -25.31983
 -25.32156 -25.33647
 -25.17988 -25.18786 -25.18249 -25.17607 -25.17321 -25.17279 -25.17276 -25.17292
 -25.17439 -25.18569
 -25.08612 -25.10155 -25.09249 -25.08182 -25.07771 -25.07715 -25.07711 -25.07727
 -25.07872 -25.08851
 -25.03163 -25.05644 -25.04385 -25.02859 -25.02318 -25.02246 -25.02241 -25.02257
 -25.02405 -25.03306
 -25.00330 -25.03854 -25.02354 -25.00413 -24.99750 -24.99663 -24.99656 -24.99673
 -24.99820 -25.00666
 -24.99176 -25.03757 -25.02152 -24.99858 -24.99081 -24.98979 -24.98971 -24.98987
 -24.99131 -24.99926
 -24.99110 -25.04693 -25.03115 -25.00529 -24.99643 -24.99527 -24.99517 -24.99532
 -24.99670 -25.00417
 -24.99822 -25.06310 -25.04886 -25.02061 -25.01069 -25.00939 -25.00927 -25.00941
 -25.01070 -25.01774
 -25.01127 -25.08396 -25.07238 -25.04222 -25.03126 -25.02980 -25.02966 -25.02979
 -25.03100 -25.03761
 -25.02852 -25.10759 -25.09969 -25.06805 -25.05605 -25.05442 -25.05427 -25.05438
 -25.05550 -25.06169
 -25.04871 -25.13264 -25.12928 -25.09656 -25.08351 -25.08171 -25.08154 -25.08164
 -25.08266 -25.08846
 -25.07096 -25.15818 -25.16015 -25.12668 -25.11260 -25.11062 -25.11042 -25.11051
 -25.11144 -25.11685
 --------------------/ IGRD= 1  / IPRT= 0  /PLT     / Z1=12   / DATE= 01.10.09
 -27.42129 -27.42173 -27.42289 -27.42514 -27.43828 -27.50114 -27.56675 -27.58213
 -27.60323 -27.75955
 -26.74619 -26.74690 -26.74839 -26.75126 -26.76584 -26.82359 -26.86872 -26.87821
 -26.89575 -27.03020
 -26.29695 -26.29770 -26.29902 -26.30214 -26.31815 -26.36523 -26.38941 -26.39433
 -26.40921 -26.52669
 -26.00537 -26.00599 -26.00698 -26.00989 -26.02495 -26.05686 -26.06833 -26.07110
 -26.08436 -26.19103
 -25.82126 -25.82166 -25.82230 -25.82445 -25.83536 -25.85290 -25.85789 -25.85973
 -25.87214 -25.97302
 -25.70353 -25.70372 -25.70401 -25.70507 -25.71017 -25.71676 -25.71843 -25.71981
 -25.73147 -25.82641
 -25.60460 -25.60494 -25.60495 -25.60477 -25.60393 -25.60309 -25.60303 -25.60404
 -25.61407 -25.69492
 -25.48451 -25.48708 -25.48706 -25.48515 -25.47823 -25.47320 -25.47243 -25.47306
 -25.48031 -25.53889
 -25.35020 -25.36099 -25.36159 -25.35626 -25.34131 -25.33361 -25.33254 -25.33281
 -25.33720 -25.37549
 -25.23649 -25.26440 -25.26651 -25.25461 -25.22815 -25.21757 -25.21618 -25.21609
 -25.21805 -25.24191
 -25.15982 -25.21195 -25.21632 -25.19506 -25.15468 -25.14078 -25.13901 -25.13856
 -25.13840 -25.15204
 -25.11533 -25.19428 -25.20192 -25.17111 -25.11747 -25.10035 -25.09819 -25.09744
 -25.09550 -25.10146
 -25.09287 -25.19749 -25.20968 -25.17114 -25.10632 -25.08621 -25.08369 -25.08273
 -25.07945 -25.07967
 -25.08415 -25.21127 -25.22949 -25.18569 -25.11193 -25.08901 -25.08613 -25.08504
 -25.08088 -25.07703
 -25.08391 -25.22957 -25.25528 -25.20859 -25.12785 -25.10223 -25.09900 -25.09785
 -25.09322 -25.08662
 -25.08963 -25.24970 -25.28426 -25.23668 -25.15059 -25.12227 -25.11867 -25.11751
 -25.11273 -25.10441
 -25.10046 -25.27086 -25.31552 -25.26863 -25.17850 -25.14743 -25.14344 -25.14229
 -25.13758 -25.12830
 -25.11527 -25.29216 -25.34797 -25.30299 -25.20990 -25.17598 -25.17158 -25.17044
 -25.16595 -25.15623
 -25.13306 -25.31283 -25.38071 -25.33854 -25.24339 -25.20655 -25.20168 -25.20057
 -25.19636 -25.18657
 -25.15313 -25.33251 -25.41314 -25.37453 -25.27808 -25.23824 -25.23288 -25.23178
 -25.22790 -25.21827
 --------------------/ IGRD= 1  / IPRT= 0  /PLT     / Z1=13   / DATE= 01.10.09
 -27.27357 -27.27364 -27.27423 -27.27706 -27.29081 -27.31616 -27.32443 -27.32881
 -27.35953 -27.56057
 -26.63710 -26.63711 -26.63722 -26.63940 -26.65263 -26.66826 -26.67202 -26.67580
 -26.70523 -26.88274
 -26.19888 -26.19888 -26.19905 -26.20174 -26.21281 -26.22045 -26.22206 -26.22589
 -26.25690 -26.42575
 -25.90648 -25.90651 -25.90679 -25.90938 -25.91660 -25.91990 -25.92076 -25.92489
 -25.95875 -26.12998
 -25.71789 -25.71795 -25.71824 -25.71995 -25.72350 -25.72477 -25.72537 -25.72976
 -25.76620 -25.94392
 -25.59980 -25.59985 -25.59999 -25.60052 -25.60141 -25.60172 -25.60221 -25.60671
 -25.64403 -25.82392
 -25.51740 -25.51741 -25.51734 -25.51683 -25.51605 -25.51589 -25.51631 -25.52062
 -25.55485 -25.71857
 -25.43423 -25.43420 -25.43399 -25.43280 -25.43118 -25.43083 -25.43119 -25.43499
 -25.46159 -25.59022
 -25.33496 -25.33494 -25.33469 -25.33320 -25.33139 -25.33103 -25.33134 -25.33448
 -25.35317 -25.44704
 -25.23456 -25.23453 -25.23427 -25.23279 -25.23121 -25.23091 -25.23119 -25.23377
 -25.24707 -25.31606
 -25.15283 -25.15282 -25.15260 -25.15126 -25.14997 -25.14975 -25.15000 -25.15218
 -25.16224 -25.21540
 -25.09697 -25.09693 -25.09669 -25.09552 -25.09446 -25.09429 -25.09453 -25.09641
 -25.10451 -25.14767
 -25.06491 -25.06486 -25.06462 -25.06360 -25.06270 -25.06256 -25.06278 -25.06443
 -25.07125 -25.10766
 -25.05179 -25.05176 -25.05157 -25.05066 -25.04987 -25.04974 -25.04994 -25.05140
 -25.05726 -25.08858
 -25.05264 -25.05264 -25.05252 -25.05171 -25.05098 -25.05087 -25.05104 -25.05233
 -25.05744 -25.08467
 -25.06368 -25.06371 -25.06363 -25.06293 -25.06225 -25.06214 -25.06228 -25.06342
 -25.06791 -25.09171
 -25.08270 -25.08268 -25.08256 -25.08188 -25.08121 -25.08110 -25.08122 -25.08222
 -25.08618 -25.10702
 -25.10764 -25.10753 -25.10727 -25.10656 -25.10585 -25.10571 -25.10581 -25.10669
 -25.11020 -25.12846
 -25.13626 -25.13608 -25.13565 -25.13489 -25.13412 -25.13397 -25.13405 -25.13482
 -25.13794 -25.15399
 -25.16718 -25.16693 -25.16633 -25.16550 -25.16467 -25.16450 -25.16456 -25.16523
 -25.16803 -25.18217
 --------------------/ IGRD= 1  / IPRT= 0  /PLT     / Z1=14   / DATE= 01.10.09
 -27.11067 -27.11056 -27.10950 -27.10393 -27.09795 -27.09678 -27.09735 -27.10411
 -27.15645 -27.40762
 -26.49304 -26.49288 -26.49154 -26.48702 -26.48448 -26.48420 -26.48509 -26.49399
 -26.55805 -26.80558
 -26.06995 -26.06976 -26.06844 -26.06598 -26.06522 -26.06526 -26.06648 -26.07815
 -26.15930 -26.42317
 -25.79067 -25.79051 -25.78962 -25.78861 -25.78841 -25.78854 -25.79003 -25.80422
 -25.90181 -26.18884
 -25.61328 -25.61323 -25.61303 -25.61286 -25.61285 -25.61302 -25.61470 -25.63064
 -25.74041 -26.04812
 -25.50616 -25.50627 -25.50671 -25.50699 -25.50705 -25.50724 -25.50901 -25.52583
 -25.64172 -25.96026
 -25.44139 -25.44160 -25.44232 -25.44274 -25.44282 -25.44302 -25.44485 -25.46194
 -25.57458 -25.87445
 -25.39063 -25.39081 -25.39139 -25.39172 -25.39178 -25.39199 -25.39397 -25.41138
 -25.50854 -25.75001
 -25.33438 -25.33451 -25.33496 -25.33520 -25.33526 -25.33550 -25.33777 -25.35554
 -25.43131 -25.61065
 -25.27320 -25.27335 -25.27385 -25.27413 -25.27419 -25.27447 -25.27705 -25.29455
 -25.35194 -25.48613
 -25.21938 -25.21950 -25.21992 -25.22015 -25.22022 -25.22052 -25.22329 -25.23988
 -25.28461 -25.38966
 -25.18170 -25.18179 -25.18210 -25.18227 -25.18233 -25.18265 -25.18545 -25.20087
 -25.23745 -25.32360
 -25.15985 -25.15995 -25.16029 -25.16050 -25.16056 -25.16087 -25.16359 -25.17779
 -25.20904 -25.28254
 -25.15071 -25.15082 -25.15123 -25.15149 -25.15156 -25.15185 -25.15441 -25.16743
 -25.19507 -25.25958
 -25.15094 -25.15105 -25.15147 -25.15175 -25.15183 -25.15210 -25.15445 -25.16639
 -25.19150 -25.24933
 -25.15859 -25.15868 -25.15905 -25.15932 -25.15939 -25.15964 -25.16178 -25.17271
 -25.19595 -25.24860
 -25.17296 -25.17304 -25.17336 -25.17362 -25.17369 -25.17391 -25.17582 -25.18578
 -25.20749 -25.25579
 -25.19358 -25.19365 -25.19395 -25.19421 -25.19428 -25.19447 -25.19616 -25.20516
 -25.22547 -25.26988
 -25.21913 -25.21919 -25.21945 -25.21971 -25.21977 -25.21994 -25.22141 -25.22949
 -25.24850 -25.28935
 -25.24839 -25.24843 -25.24865 -25.24887 -25.24892 -25.24907 -25.25034 -25.25755
 -25.27532 -25.31290
 --------------------/ IGRD= 1  / IPRT= 0  /PLT     / Z1=15   / DATE= 01.10.09
 -26.98484 -26.98484 -26.98484 -26.98485 -26.98486 -26.98496 -26.98594 -26.99518
 -27.05834 -27.32804
 -26.39249 -26.39249 -26.39250 -26.39252 -26.39254 -26.39271 -26.39435 -26.40941
 -26.49729 -26.77544
 -26.00003 -26.00004 -26.00006 -26.00010 -26.00013 -26.00038 -26.00284 -26.02488
 -26.13858 -26.42776
 -25.74756 -25.74757 -25.74761 -25.74768 -25.74773 -25.74805 -25.75126 -25.77946
 -25.91342 -26.21270
 -25.59103 -25.59104 -25.59112 -25.59121 -25.59126 -25.59164 -25.59539 -25.62790
 -25.77535 -26.08247
 -25.49965 -25.49967 -25.49978 -25.49988 -25.49994 -25.50036 -25.50440 -25.53918
 -25.69402 -26.00526
 -25.44951 -25.44953 -25.44966 -25.44978 -25.44984 -25.45026 -25.45437 -25.48952
 -25.64579 -25.95475
 -25.41718 -25.41721 -25.41735 -25.41748 -25.41755 -25.41795 -25.42190 -25.45564
 -25.60607 -25.90228
 -25.38260 -25.38263 -25.38279 -25.38293 -25.38299 -25.38336 -25.38701 -25.41785
 -25.55514 -25.82840
 -25.34039 -25.34043 -25.34060 -25.34075 -25.34082 -25.34115 -25.34441 -25.37171
 -25.49239 -25.74011
 -25.29935 -25.29939 -25.29957 -25.29975 -25.29982 -25.30012 -25.30300 -25.32688
 -25.43175 -25.65768
 -25.27077 -25.27081 -25.27102 -25.27123 -25.27129 -25.27156 -25.27412 -25.29509
 -25.38626 -25.59403
 -25.25726 -25.25731 -25.25753 -25.25777 -25.25784 -25.25808 -25.26034 -25.27885
 -25.35901 -25.55151
 -25.25843 -25.25848 -25.25871 -25.25898 -25.25906 -25.25927 -25.26127 -25.27762
 -25.34863 -25.52721
 -25.27157 -25.27161 -25.27186 -25.27216 -25.27224 -25.27243 -25.27418 -25.28863
 -25.35178 -25.51692
 -25.29315 -25.29319 -25.29344 -25.29377 -25.29386 -25.29403 -25.29556 -25.30834
 -25.36488 -25.51737
 -25.32132 -25.32136 -25.32160 -25.32196 -25.32206 -25.32221 -25.32355 -25.33482
 -25.38572 -25.52627
 -25.35572 -25.35575 -25.35599 -25.35638 -25.35649 -25.35662 -25.35778 -25.36768
 -25.41342 -25.54219
 -25.39422 -25.39426 -25.39449 -25.39490 -25.39502 -25.39514 -25.39614 -25.40480
 -25.44592 -25.56338
 -25.43439 -25.43442 -25.43464 -25.43507 -25.43521 -25.43532 -25.43618 -25.44376
 -25.48089 -25.58800
 --------------------/ IGRD= 1  / IPRT= 0  /PLT     / Z1=16   / DATE= 01.10.09
 -26.64979 -26.64979 -26.64979 -26.64979 -26.64980 -26.64993 -26.65121 -26.66380
 -26.77252 -27.27636
 -26.27385 -26.27385 -26.27385 -26.27385 -26.27386 -26.27399 -26.27524 -26.28756
 -26.39425 -26.89313
 -26.03189 -26.03189 -26.03189 -26.03189 -26.03190 -26.03203 -26.03334 -26.04616
 -26.15666 -26.66466
 -25.88248 -25.88248 -25.88248 -25.88249 -25.88250 -25.88264 -25.88401 -25.89753
 -26.01326 -26.53340
 -25.79633 -25.79633 -25.79633 -25.79633 -25.79634 -25.79648 -25.79791 -25.81187
 -25.93093 -26.45855
 -25.75317 -25.75317 -25.75317 -25.75317 -25.75318 -25.75333 -25.75475 -25.76872
 -25.88780 -26.41437
 -25.73663 -25.73663 -25.73663 -25.73663 -25.73664 -25.73678 -25.73815 -25.75159
 -25.86646 -26.37312
 -25.72814 -25.72814 -25.72814 -25.72814 -25.72815 -25.72828 -25.72952 -25.74171
 -25.84593 -26.29008
 -25.70893 -25.70893 -25.70893 -25.70893 -25.70894 -25.70904 -25.71007 -25.72021
 -25.80628 -26.14668
 -25.67382 -25.67382 -25.67382 -25.67382 -25.67383 -25.67391 -25.67469 -25.68241
 -25.74736 -25.98616
 -25.63342 -25.63342 -25.63342 -25.63342 -25.63343 -25.63349 -25.63405 -25.63963
 -25.68636 -25.85175
 -25.59923 -25.59923 -25.59923 -25.59923 -25.59923 -25.59927 -25.59968 -25.60367
 -25.63722 -25.75560
 -25.57466 -25.57466 -25.57466 -25.57466 -25.57467 -25.57470 -25.57499 -25.57791
 -25.60257 -25.69183
 -25.55579 -25.55579 -25.55579 -25.55579 -25.55580 -25.55582 -25.55604 -25.55826
 -25.57724 -25.64921
 -25.53961 -25.53961 -25.53961 -25.53961 -25.53961 -25.53963 -25.53981 -25.54162
 -25.55730 -25.62033
 -25.52804 -25.52804 -25.52804 -25.52804 -25.52804 -25.52806 -25.52821 -25.52977
 -25.54345 -25.60213
 -25.52403 -25.52403 -25.52403 -25.52403 -25.52404 -25.52405 -25.52419 -25.52556
 -25.53778 -25.59387
 -25.52898 -25.52898 -25.52898 -25.52898 -25.52899 -25.52900 -25.52912 -25.53033
 -25.54131 -25.59516
 -25.54249 -25.54249 -25.54249 -25.54249 -25.54249 -25.54250 -25.54261 -25.54368
 -25.55350 -25.60494
 -25.56348 -25.56348 -25.56349 -25.56349 -25.56349 -25.56350 -25.56359 -25.56453
 -25.57324 -25.62169
 --------------------/ IGRD= 1  / IPRT= 0  /PLT     / Z1=17   / DATE= 01.10.09
 -74.00000 -74.00000 -74.00000 -74.00000 -74.00000 -74.00000 -74.00000 -74.00000
 -74.00000 -74.00000
 -74.00000 -74.00000 -74.00000 -74.00000 -74.00000 -74.00000 -74.00000 -74.00000
 -74.00000 -74.00000
 -74.00000 -74.00000 -74.00000 -74.00000 -74.00000 -74.00000 -74.00000 -74.00000
 -74.00000 -74.00000
 -74.00000 -74.00000 -74.00000 -74.00000 -74.00000 -74.00000 -74.00000 -74.00000
 -74.00000 -74.00000
 -74.00000 -74.00000 -56.79165 -56.79100 -56.79319 -56.79212 -56.79218 -56.79219
 -56.79219 -56.79219
 -47.17016 -47.17016 -47.17016 -47.17016 -47.17016 -47.17016 -47.17016 -47.17016
 -47.17016 -47.17016
 -40.50185 -40.50185 -40.50185 -40.50185 -40.50185 -40.50185 -40.50185 -40.50185
 -40.50185 -40.50185
 -35.89310 -35.89310 -35.89310 -35.89310 -35.89310 -35.89310 -35.89310 -35.89310
 -35.89310 -35.89310
 -32.70534 -32.70534 -32.70534 -32.70534 -32.70534 -32.70534 -32.70534 -32.70534
 -32.70534 -32.70534
 -30.50600 -30.50600 -30.50600 -30.50600 -30.50600 -30.50600 -30.50600 -30.50600
 -30.50600 -30.50599
 -28.99036 -28.99036 -28.99036 -28.99036 -28.99036 -28.99036 -28.99036 -28.99036
 -28.99035 -28.99034
 -27.94997 -27.94997 -27.94997 -27.94997 -27.94997 -27.94997 -27.94997 -27.94997
 -27.94996 -27.94994
 -27.24152 -27.24152 -27.24152 -27.24152 -27.24152 -27.24152 -27.24152 -27.24152
 -27.24150 -27.24145
 -26.76544 -26.76544 -26.76544 -26.76544 -26.76544 -26.76544 -26.76544 -26.76544
 -26.76542 -26.76535
 -26.45101 -26.45101 -26.45101 -26.45101 -26.45101 -26.45101 -26.45101 -26.45100
 -26.45098 -26.45090
 -26.24794 -26.24794 -26.24794 -26.24794 -26.24794 -26.24794 -26.24794 -26.24794
 -26.24791 -26.24783
 -26.12103 -26.12103 -26.12103 -26.12103 -26.12103 -26.12103 -26.12103 -26.12102
 -26.12100 -26.12092
 -26.04534 -26.04534 -26.04534 -26.04534 -26.04534 -26.04534 -26.04534 -26.04534
 -26.04532 -26.04525
 -26.00395 -26.00395 -26.00395 -26.00395 -26.00395 -26.00395 -26.00395 -26.00395
 -26.00393 -26.00387
 -25.98844 -25.98844 -25.98844 -25.98844 -25.98844 -25.98844 -25.98844 -25.98844
 -25.98842 -25.98837
 --------------------/ IGRD= 1  / IPRT= 0  /PLT     / Z1=18   / DATE= 01.10.09
 -74.00000 -74.00000 -74.00000 -74.00000 -74.00000 -74.00000 -74.00000 -74.00000
 -74.00000 -74.00000
 -74.00000 -74.00000 -74.00000 -74.00000 -74.00000 -74.00000 -74.00000 -74.00000
 -74.00000 -74.00000
 -74.00000 -74.00000 -74.00000 -74.00000 -74.00000 -74.00000 -74.00000 -74.00000
 -74.00000 -74.00000
 -74.00000 -74.00000 -74.00000 -74.00000 -74.00000 -74.00000 -74.00000 -74.00000
 -74.00000 -74.00000
 -74.00000 -74.00000 -74.00000 -74.00000 -59.00586 -58.94488 -58.94486 -58.94449
 -58.94454 -58.94454
 -48.75161 -48.75161 -48.75161 -48.75161 -48.75161 -48.75161 -48.75161 -48.75161
 -48.75161 -48.75161
 -41.68666 -41.68666 -41.68666 -41.68666 -41.68666 -41.68666 -41.68666 -41.68666
 -41.68666 -41.68666
 -36.80294 -36.80294 -36.80294 -36.80294 -36.80294 -36.80294 -36.80294 -36.80294
 -36.80294 -36.80294
 -33.42517 -33.42517 -33.42517 -33.42517 -33.42517 -33.42517 -33.42517 -33.42517
 -33.42517 -33.42517
 -31.09513 -31.09513 -31.09513 -31.09513 -31.09513 -31.09513 -31.09513 -31.09513
 -31.09513 -31.09513
 -29.48851 -29.48851 -29.48851 -29.48851 -29.48851 -29.48851 -29.48851 -29.48851
 -29.48851 -29.48851
 -28.38698 -28.38698 -28.38698 -28.38698 -28.38698 -28.38698 -28.38698 -28.38698
 -28.38698 -28.38698
 -27.63554 -27.63554 -27.63554 -27.63554 -27.63554 -27.63554 -27.63554 -27.63554
 -27.63554 -27.63553
 -27.12798 -27.12798 -27.12798 -27.12798 -27.12798 -27.12798 -27.12798 -27.12798
 -27.12798 -27.12798
 -26.79132 -26.79132 -26.79132 -26.79132 -26.79132 -26.79132 -26.79132 -26.79132
 -26.79132 -26.79132
 -26.57301 -26.57301 -26.57301 -26.57301 -26.57301 -26.57301 -26.57301 -26.57301
 -26.57301 -26.57301
 -26.43572 -26.43572 -26.43572 -26.43572 -26.43572 -26.43572 -26.43572 -26.43572
 -26.43572 -26.43572
 -26.35291 -26.35291 -26.35291 -26.35291 -26.35291 -26.35291 -26.35291 -26.35291
 -26.35291 -26.35291
 -26.30602 -26.30602 -26.30602 -26.30602 -26.30602 -26.30602 -26.30602 -26.30602
 -26.30602 -26.30602
 -26.28524 -26.28524 -26.28524 -26.28524 -26.28524 -26.28524 -26.28524 -26.28524
 -26.28524 -26.28523
C-------------------------------------------------------------------------------
C Generated from ADAS810 data in ar
C and expanded configuration count PLT data in ar_large
C by Adam Foster
C on 01/10/09
C-------------------------------------------------------------------------------
C  Code:     write_adf11.pro
C  Producer: Adam Foster
C  Date:     01/10/09
C-------------------------------------------------------------------------------

C-----------------------------------------------------------------------
C                               OPEN-ADAS
C                               +++++++++
C
C This file has been downloaded from OPEN-ADAS (http://open.adas.ac.uk)
C on 24-Jul-2013.
C
C TERMS AND CONDITIONS
C --------------------
C
C The user of the OPEN-ADAS system and data (hereinafter "the User")
C accepts the following terms and conditions:
C
C   1. The University of Strathclyde uses all reasonable endeavours to
C      ensure the accuracy of the data provided and any information
C      given, but the University makes no warranty, expressed or implied
C      as to its accuracy, integrity, fitness for purpose and shall not
C      be responsible for the use to which the data is put by the User
C      and/or any consequences arising out of any inaccuracies or
C      omissions.
C
C   2. Any downloaded OPEN-ADAS file is made available for the
C      personal use of the User only.  It must not be used for any
C      commercial application, incorporated into any web site or in
C      any form re-distributed without express prior written permission
C      from the ADAS Project. In particular, but not by way of
C      limitation, it must not be:
C        *  inserted into a managed database structure,
C        *  redistributed along with a modelling or analysis code,
C        *  made available on a public website.
C
C Permission for OPEN-ADAS data incorporation in non-commercial
C code/system development for scientific advance will not be
C unreasonably withheld, but will be subject to written agreement
C on a case by case basis.
C
C The User will indemnify the University of Strathclyde and keep it
C fully and effectively indemnified against each and every claim made
C against the University as a result of the User's use of the data.
C
C-----------------------------------------------------------------------
