   74    5   20    1   74     /TUNGSTEN           /ABELS-VAN MAANEN 1985   ADF11
 -------------------------------------------------------------------------------
  11.00000  12.00000  13.00000  14.00000  15.00000
   1.00000   1.19468   1.38937   1.58405   1.77873   1.97341   2.16810   2.36278
   2.55746   2.75214   2.94683   3.14151   3.33619   3.53087   3.72556   3.92024
   4.11492   4.30960   4.50429   4.69897
 --------------------/ IGRD= 1  / IPRT= 0  /PLT     / Z1= 1   / DATE= 10.10.14
 -74.00000 -74.00000 -74.00000 -74.00000 -74.00000
 -74.00000 -74.00000 -74.00000 -74.00000 -74.00000
 -74.00000 -74.00000 -74.00000 -74.00000 -74.00000
 -74.00000 -74.00000 -74.00000 -74.00000 -74.00000
 -74.00000 -74.00000 -74.00000 -74.00000 -74.00000
 -74.00000 -74.00000 -74.00000 -74.00000 -74.00000
 -74.00000 -74.00000 -74.00000 -74.00000 -74.00000
 -74.00000 -74.00000 -74.00000 -74.00000 -74.00000
 -74.00000 -74.00000 -74.00000 -74.00000 -74.00000
 -74.00000 -74.00000 -74.00000 -74.00000 -74.00000
 -74.00000 -74.00000 -74.00000 -74.00000 -74.00000
 -74.00000 -74.00000 -74.00000 -74.00000 -74.00000
 -74.00000 -74.00000 -74.00000 -74.00000 -74.00000
 -74.00000 -74.00000 -74.00000 -74.00000 -74.00000
 -74.00000 -74.00000 -74.00000 -74.00000 -74.00000
 -74.00000 -74.00000 -74.00000 -74.00000 -74.00000
 -74.00000 -74.00000 -74.00000 -74.00000 -74.00000
 -74.00000 -74.00000 -74.00000 -74.00000 -74.00000
 -74.00000 -74.00000 -74.00000 -74.00000 -74.00000
 -74.00000 -74.00000 -74.00000 -74.00000 -74.00000
 --------------------/ IGRD= 1  / IPRT= 0  /PLT     / Z1= 2   / DATE= 10.10.14
 -74.00000 -74.00000 -74.00000 -74.00000 -74.00000
 -74.00000 -74.00000 -74.00000 -74.00000 -74.00000
 -74.00000 -74.00000 -74.00000 -74.00000 -74.00000
 -74.00000 -74.00000 -74.00000 -74.00000 -74.00000
 -74.00000 -74.00000 -74.00000 -74.00000 -74.00000
 -74.00000 -74.00000 -74.00000 -74.00000 -74.00000
 -74.00000 -74.00000 -74.00000 -74.00000 -74.00000
 -74.00000 -74.00000 -74.00000 -74.00000 -74.00000
 -74.00000 -74.00000 -74.00000 -74.00000 -74.00000
 -74.00000 -74.00000 -74.00000 -74.00000 -74.00000
 -74.00000 -74.00000 -74.00000 -74.00000 -74.00000
 -74.00000 -74.00000 -74.00000 -74.00000 -74.00000
 -74.00000 -74.00000 -74.00000 -74.00000 -74.00000
 -74.00000 -74.00000 -74.00000 -74.00000 -74.00000
 -74.00000 -74.00000 -74.00000 -74.00000 -74.00000
 -74.00000 -74.00000 -74.00000 -74.00000 -74.00000
 -74.00000 -74.00000 -74.00000 -74.00000 -74.00000
 -74.00000 -74.00000 -74.00000 -74.00000 -74.00000
 -74.00000 -74.00000 -74.00000 -74.00000 -74.00000
 -74.00000 -74.00000 -74.00000 -74.00000 -74.00000
 --------------------/ IGRD= 1  / IPRT= 0  /PLT     / Z1= 3   / DATE= 10.10.14
 -74.00000 -74.00000 -74.00000 -74.00000 -74.00000
 -74.00000 -74.00000 -74.00000 -74.00000 -74.00000
 -74.00000 -74.00000 -74.00000 -74.00000 -74.00000
 -74.00000 -74.00000 -74.00000 -74.00000 -74.00000
 -74.00000 -74.00000 -74.00000 -74.00000 -74.00000
 -74.00000 -74.00000 -74.00000 -74.00000 -74.00000
 -74.00000 -74.00000 -74.00000 -74.00000 -74.00000
 -74.00000 -74.00000 -74.00000 -74.00000 -74.00000
 -74.00000 -74.00000 -74.00000 -74.00000 -74.00000
 -74.00000 -74.00000 -74.00000 -74.00000 -74.00000
 -74.00000 -74.00000 -74.00000 -74.00000 -74.00000
 -74.00000 -74.00000 -74.00000 -74.00000 -74.00000
 -74.00000 -74.00000 -74.00000 -74.00000 -74.00000
 -74.00000 -74.00000 -74.00000 -74.00000 -74.00000
 -74.00000 -74.00000 -74.00000 -74.00000 -74.00000
 -74.00000 -74.00000 -74.00000 -74.00000 -74.00000
 -74.00000 -74.00000 -74.00000 -74.00000 -74.00000
 -74.00000 -74.00000 -74.00000 -74.00000 -74.00000
 -74.00000 -74.00000 -74.00000 -74.00000 -74.00000
 -74.00000 -74.00000 -74.00000 -74.00000 -74.00000
 --------------------/ IGRD= 1  / IPRT= 0  /PLT     / Z1= 4   / DATE= 10.10.14
 -74.00000 -74.00000 -74.00000 -74.00000 -74.00000
 -74.00000 -74.00000 -74.00000 -74.00000 -74.00000
 -74.00000 -74.00000 -74.00000 -74.00000 -74.00000
 -74.00000 -74.00000 -74.00000 -74.00000 -74.00000
 -74.00000 -74.00000 -74.00000 -74.00000 -74.00000
 -74.00000 -74.00000 -74.00000 -74.00000 -74.00000
 -74.00000 -74.00000 -74.00000 -74.00000 -74.00000
 -74.00000 -74.00000 -74.00000 -74.00000 -74.00000
 -74.00000 -74.00000 -74.00000 -74.00000 -74.00000
 -74.00000 -74.00000 -74.00000 -74.00000 -74.00000
 -74.00000 -74.00000 -74.00000 -74.00000 -74.00000
 -74.00000 -74.00000 -74.00000 -74.00000 -74.00000
 -74.00000 -74.00000 -74.00000 -74.00000 -74.00000
 -74.00000 -74.00000 -74.00000 -74.00000 -74.00000
 -74.00000 -74.00000 -74.00000 -74.00000 -74.00000
 -74.00000 -74.00000 -74.00000 -74.00000 -74.00000
 -74.00000 -74.00000 -74.00000 -74.00000 -74.00000
 -74.00000 -74.00000 -74.00000 -74.00000 -74.00000
 -74.00000 -74.00000 -74.00000 -74.00000 -74.00000
 -74.00000 -74.00000 -74.00000 -74.00000 -74.00000
 --------------------/ IGRD= 1  / IPRT= 0  /PLT     / Z1= 5   / DATE= 10.10.14
 -74.00000 -74.00000 -74.00000 -74.00000 -74.00000
 -74.00000 -74.00000 -74.00000 -74.00000 -74.00000
 -74.00000 -74.00000 -74.00000 -74.00000 -74.00000
 -74.00000 -74.00000 -74.00000 -74.00000 -74.00000
 -74.00000 -74.00000 -74.00000 -74.00000 -74.00000
 -74.00000 -74.00000 -74.00000 -74.00000 -74.00000
 -74.00000 -74.00000 -74.00000 -74.00000 -74.00000
 -74.00000 -74.00000 -74.00000 -74.00000 -74.00000
 -74.00000 -74.00000 -74.00000 -74.00000 -74.00000
 -74.00000 -74.00000 -74.00000 -74.00000 -74.00000
 -74.00000 -74.00000 -74.00000 -74.00000 -74.00000
 -74.00000 -74.00000 -74.00000 -74.00000 -74.00000
 -74.00000 -74.00000 -74.00000 -74.00000 -74.00000
 -74.00000 -74.00000 -74.00000 -74.00000 -74.00000
 -74.00000 -74.00000 -74.00000 -74.00000 -74.00000
 -74.00000 -74.00000 -74.00000 -74.00000 -74.00000
 -74.00000 -74.00000 -74.00000 -74.00000 -74.00000
 -74.00000 -74.00000 -74.00000 -74.00000 -74.00000
 -74.00000 -74.00000 -74.00000 -74.00000 -74.00000
 -74.00000 -74.00000 -74.00000 -74.00000 -74.00000
 --------------------/ IGRD= 1  / IPRT= 0  /PLT     / Z1= 6   / DATE= 10.10.14
 -74.00000 -74.00000 -74.00000 -74.00000 -74.00000
 -74.00000 -74.00000 -74.00000 -74.00000 -74.00000
 -74.00000 -74.00000 -74.00000 -74.00000 -74.00000
 -74.00000 -74.00000 -74.00000 -74.00000 -74.00000
 -74.00000 -74.00000 -74.00000 -74.00000 -74.00000
 -74.00000 -74.00000 -74.00000 -74.00000 -74.00000
 -74.00000 -74.00000 -74.00000 -74.00000 -74.00000
 -74.00000 -74.00000 -74.00000 -74.00000 -74.00000
 -74.00000 -74.00000 -74.00000 -74.00000 -74.00000
 -74.00000 -74.00000 -74.00000 -74.00000 -74.00000
 -74.00000 -74.00000 -74.00000 -74.00000 -74.00000
 -74.00000 -74.00000 -74.00000 -74.00000 -74.00000
 -74.00000 -74.00000 -74.00000 -74.00000 -74.00000
 -74.00000 -74.00000 -74.00000 -74.00000 -74.00000
 -74.00000 -74.00000 -74.00000 -74.00000 -74.00000
 -74.00000 -74.00000 -74.00000 -74.00000 -74.00000
 -74.00000 -74.00000 -74.00000 -74.00000 -74.00000
 -74.00000 -74.00000 -74.00000 -74.00000 -74.00000
 -74.00000 -74.00000 -74.00000 -74.00000 -74.00000
 -74.00000 -74.00000 -74.00000 -74.00000 -74.00000
 --------------------/ IGRD= 1  / IPRT= 0  /PLT     / Z1= 7   / DATE= 10.10.14
 -74.00000 -74.00000 -74.00000 -74.00000 -74.00000
 -74.00000 -74.00000 -74.00000 -74.00000 -74.00000
 -74.00000 -74.00000 -74.00000 -74.00000 -74.00000
 -74.00000 -74.00000 -74.00000 -74.00000 -74.00000
 -73.86770 -73.86770 -73.86770 -73.86770 -73.86770
 -73.74467 -73.74467 -73.74467 -73.74467 -73.74467
 -73.70124 -73.70124 -73.70124 -73.70124 -73.70124
 -73.70868 -73.70868 -73.70868 -73.70868 -73.70868
 -73.74859 -73.74859 -73.74859 -73.74859 -73.74859
 -73.80925 -73.80925 -73.80925 -73.80925 -73.80925
 -73.88316 -73.88316 -73.88316 -73.88316 -73.88316
 -73.96554 -73.96554 -73.96554 -73.96554 -73.96554
 -74.00000 -74.00000 -74.00000 -74.00000 -74.00000
 -74.00000 -74.00000 -74.00000 -74.00000 -74.00000
 -74.00000 -74.00000 -74.00000 -74.00000 -74.00000
 -74.00000 -74.00000 -74.00000 -74.00000 -74.00000
 -74.00000 -74.00000 -74.00000 -74.00000 -74.00000
 -74.00000 -74.00000 -74.00000 -74.00000 -74.00000
 -74.00000 -74.00000 -74.00000 -74.00000 -74.00000
 -74.00000 -74.00000 -74.00000 -74.00000 -74.00000
 --------------------/ IGRD= 1  / IPRT= 0  /PLT     / Z1= 8   / DATE= 10.10.14
 -62.72567 -62.72567 -62.72567 -62.72567 -62.72567
 -61.32904 -61.32904 -61.32904 -61.32904 -61.32904
 -60.47213 -60.47213 -60.47213 -60.47213 -60.47213
 -59.95996 -59.95996 -59.95996 -59.95996 -59.95996
 -59.66799 -59.66799 -59.66799 -59.66799 -59.66799
 -59.51667 -59.51667 -59.51667 -59.51667 -59.51667
 -59.45518 -59.45518 -59.45518 -59.45518 -59.45518
 -59.45107 -59.45107 -59.45107 -59.45107 -59.45107
 -59.48362 -59.48362 -59.48362 -59.48362 -59.48362
 -59.53957 -59.53957 -59.53957 -59.53957 -59.53957
 -59.61047 -59.61047 -59.61047 -59.61047 -59.61047
 -59.69093 -59.69093 -59.69093 -59.69093 -59.69093
 -59.77748 -59.77748 -59.77748 -59.77748 -59.77748
 -59.86794 -59.86794 -59.86794 -59.86794 -59.86794
 -59.96088 -59.96088 -59.96088 -59.96088 -59.96088
 -60.05541 -60.05541 -60.05541 -60.05541 -60.05541
 -60.15096 -60.15096 -60.15096 -60.15096 -60.15096
 -60.24715 -60.24715 -60.24715 -60.24715 -60.24715
 -60.34376 -60.34376 -60.34376 -60.34376 -60.34376
 -60.44063 -60.44063 -60.44063 -60.44063 -60.44063
 --------------------/ IGRD= 1  / IPRT= 0  /PLT     / Z1= 9   / DATE= 10.10.14
 -74.00000 -74.00000 -74.00000 -74.00000 -74.00000
 -74.00000 -74.00000 -74.00000 -74.00000 -74.00000
 -74.00000 -74.00000 -74.00000 -74.00000 -74.00000
 -74.00000 -74.00000 -74.00000 -74.00000 -74.00000
 -74.00000 -74.00000 -74.00000 -74.00000 -74.00000
 -74.00000 -74.00000 -74.00000 -74.00000 -74.00000
 -74.00000 -74.00000 -74.00000 -74.00000 -74.00000
 -74.00000 -74.00000 -74.00000 -74.00000 -74.00000
 -74.00000 -74.00000 -74.00000 -74.00000 -74.00000
 -74.00000 -74.00000 -74.00000 -74.00000 -74.00000
 -74.00000 -74.00000 -74.00000 -74.00000 -74.00000
 -74.00000 -74.00000 -74.00000 -74.00000 -74.00000
 -74.00000 -74.00000 -74.00000 -74.00000 -74.00000
 -74.00000 -74.00000 -74.00000 -74.00000 -74.00000
 -74.00000 -74.00000 -74.00000 -74.00000 -74.00000
 -74.00000 -74.00000 -74.00000 -74.00000 -74.00000
 -74.00000 -74.00000 -74.00000 -74.00000 -74.00000
 -74.00000 -74.00000 -74.00000 -74.00000 -74.00000
 -74.00000 -74.00000 -74.00000 -74.00000 -74.00000
 -74.00000 -74.00000 -74.00000 -74.00000 -74.00000
 --------------------/ IGRD= 1  / IPRT= 0  /PLT     / Z1=10   / DATE= 10.10.14
 -74.00000 -74.00000 -74.00000 -74.00000 -74.00000
 -74.00000 -74.00000 -74.00000 -74.00000 -74.00000
 -74.00000 -74.00000 -74.00000 -74.00000 -74.00000
 -74.00000 -74.00000 -74.00000 -74.00000 -74.00000
 -74.00000 -74.00000 -74.00000 -74.00000 -74.00000
 -74.00000 -74.00000 -74.00000 -74.00000 -74.00000
 -74.00000 -74.00000 -74.00000 -74.00000 -74.00000
 -74.00000 -74.00000 -74.00000 -74.00000 -74.00000
 -74.00000 -74.00000 -74.00000 -74.00000 -74.00000
 -74.00000 -74.00000 -74.00000 -74.00000 -74.00000
 -74.00000 -74.00000 -74.00000 -74.00000 -74.00000
 -74.00000 -74.00000 -74.00000 -74.00000 -74.00000
 -74.00000 -74.00000 -74.00000 -74.00000 -74.00000
 -74.00000 -74.00000 -74.00000 -74.00000 -74.00000
 -74.00000 -74.00000 -74.00000 -74.00000 -74.00000
 -74.00000 -74.00000 -74.00000 -74.00000 -74.00000
 -74.00000 -74.00000 -74.00000 -74.00000 -74.00000
 -74.00000 -74.00000 -74.00000 -74.00000 -74.00000
 -74.00000 -74.00000 -74.00000 -74.00000 -74.00000
 -74.00000 -74.00000 -74.00000 -74.00000 -74.00000
 --------------------/ IGRD= 1  / IPRT= 0  /PLT     / Z1=11   / DATE= 10.10.14
 -74.00000 -74.00000 -74.00000 -74.00000 -74.00000
 -74.00000 -74.00000 -74.00000 -74.00000 -74.00000
 -74.00000 -74.00000 -74.00000 -74.00000 -74.00000
 -74.00000 -74.00000 -74.00000 -74.00000 -74.00000
 -74.00000 -74.00000 -74.00000 -74.00000 -74.00000
 -74.00000 -74.00000 -74.00000 -74.00000 -74.00000
 -74.00000 -74.00000 -74.00000 -74.00000 -74.00000
 -74.00000 -74.00000 -74.00000 -74.00000 -74.00000
 -74.00000 -74.00000 -74.00000 -74.00000 -74.00000
 -74.00000 -74.00000 -74.00000 -74.00000 -74.00000
 -74.00000 -74.00000 -74.00000 -74.00000 -74.00000
 -74.00000 -74.00000 -74.00000 -74.00000 -74.00000
 -74.00000 -74.00000 -74.00000 -74.00000 -74.00000
 -74.00000 -74.00000 -74.00000 -74.00000 -74.00000
 -74.00000 -74.00000 -74.00000 -74.00000 -74.00000
 -74.00000 -74.00000 -74.00000 -74.00000 -74.00000
 -74.00000 -74.00000 -74.00000 -74.00000 -74.00000
 -74.00000 -74.00000 -74.00000 -74.00000 -74.00000
 -74.00000 -74.00000 -74.00000 -74.00000 -74.00000
 -74.00000 -74.00000 -74.00000 -74.00000 -74.00000
 --------------------/ IGRD= 1  / IPRT= 0  /PLT     / Z1=12   / DATE= 10.10.14
 -62.56684 -62.56684 -62.56684 -62.56684 -62.56684
 -61.15379 -61.15379 -61.15379 -61.15379 -61.15379
 -60.28640 -60.28640 -60.28640 -60.28640 -60.28640
 -59.76754 -59.76754 -59.76754 -59.76754 -59.76754
 -59.47129 -59.47129 -59.47129 -59.47129 -59.47129
 -59.31724 -59.31724 -59.31724 -59.31724 -59.31724
 -59.25400 -59.25400 -59.25400 -59.25400 -59.25400
 -59.24878 -59.24878 -59.24878 -59.24878 -59.24878
 -59.28061 -59.28061 -59.28061 -59.28061 -59.28061
 -59.33611 -59.33611 -59.33611 -59.33611 -59.33611
 -59.40672 -59.40672 -59.40672 -59.40672 -59.40672
 -59.48699 -59.48699 -59.48699 -59.48699 -59.48699
 -59.57343 -59.57343 -59.57343 -59.57343 -59.57343
 -59.66381 -59.66381 -59.66381 -59.66381 -59.66381
 -59.75670 -59.75670 -59.75670 -59.75670 -59.75670
 -59.85120 -59.85120 -59.85120 -59.85120 -59.85120
 -59.94673 -59.94673 -59.94673 -59.94673 -59.94673
 -60.04291 -60.04291 -60.04291 -60.04291 -60.04291
 -60.13951 -60.13951 -60.13951 -60.13951 -60.13951
 -60.23638 -60.23638 -60.23638 -60.23638 -60.23638
 --------------------/ IGRD= 1  / IPRT= 0  /PLT     / Z1=13   / DATE= 10.10.14
 -74.00000 -74.00000 -74.00000 -74.00000 -74.00000
 -74.00000 -74.00000 -74.00000 -74.00000 -74.00000
 -74.00000 -74.00000 -74.00000 -74.00000 -74.00000
 -74.00000 -74.00000 -74.00000 -74.00000 -74.00000
 -74.00000 -74.00000 -74.00000 -74.00000 -74.00000
 -74.00000 -74.00000 -74.00000 -74.00000 -74.00000
 -74.00000 -74.00000 -74.00000 -74.00000 -74.00000
 -74.00000 -74.00000 -74.00000 -74.00000 -74.00000
 -74.00000 -74.00000 -74.00000 -74.00000 -74.00000
 -74.00000 -74.00000 -74.00000 -74.00000 -74.00000
 -74.00000 -74.00000 -74.00000 -74.00000 -74.00000
 -74.00000 -74.00000 -74.00000 -74.00000 -74.00000
 -74.00000 -74.00000 -74.00000 -74.00000 -74.00000
 -74.00000 -74.00000 -74.00000 -74.00000 -74.00000
 -74.00000 -74.00000 -74.00000 -74.00000 -74.00000
 -74.00000 -74.00000 -74.00000 -74.00000 -74.00000
 -74.00000 -74.00000 -74.00000 -74.00000 -74.00000
 -74.00000 -74.00000 -74.00000 -74.00000 -74.00000
 -74.00000 -74.00000 -74.00000 -74.00000 -74.00000
 -74.00000 -74.00000 -74.00000 -74.00000 -74.00000
 --------------------/ IGRD= 1  / IPRT= 0  /PLT     / Z1=14   / DATE= 10.10.14
 -74.00000 -74.00000 -74.00000 -74.00000 -74.00000
 -74.00000 -74.00000 -74.00000 -74.00000 -74.00000
 -74.00000 -74.00000 -74.00000 -74.00000 -74.00000
 -74.00000 -74.00000 -74.00000 -74.00000 -74.00000
 -74.00000 -74.00000 -74.00000 -74.00000 -74.00000
 -74.00000 -74.00000 -74.00000 -74.00000 -74.00000
 -74.00000 -74.00000 -74.00000 -74.00000 -74.00000
 -74.00000 -74.00000 -74.00000 -74.00000 -74.00000
 -74.00000 -74.00000 -74.00000 -74.00000 -74.00000
 -74.00000 -74.00000 -74.00000 -74.00000 -74.00000
 -74.00000 -74.00000 -74.00000 -74.00000 -74.00000
 -74.00000 -74.00000 -74.00000 -74.00000 -74.00000
 -74.00000 -74.00000 -74.00000 -74.00000 -74.00000
 -74.00000 -74.00000 -74.00000 -74.00000 -74.00000
 -74.00000 -74.00000 -74.00000 -74.00000 -74.00000
 -74.00000 -74.00000 -74.00000 -74.00000 -74.00000
 -74.00000 -74.00000 -74.00000 -74.00000 -74.00000
 -74.00000 -74.00000 -74.00000 -74.00000 -74.00000
 -74.00000 -74.00000 -74.00000 -74.00000 -74.00000
 -74.00000 -74.00000 -74.00000 -74.00000 -74.00000
 --------------------/ IGRD= 1  / IPRT= 0  /PLT     / Z1=15   / DATE= 10.10.14
 -74.00000 -74.00000 -74.00000 -74.00000 -74.00000
 -74.00000 -74.00000 -74.00000 -74.00000 -74.00000
 -74.00000 -74.00000 -74.00000 -74.00000 -74.00000
 -74.00000 -74.00000 -74.00000 -74.00000 -74.00000
 -74.00000 -74.00000 -74.00000 -74.00000 -74.00000
 -74.00000 -74.00000 -74.00000 -74.00000 -74.00000
 -74.00000 -74.00000 -74.00000 -74.00000 -74.00000
 -74.00000 -74.00000 -74.00000 -74.00000 -74.00000
 -74.00000 -74.00000 -74.00000 -74.00000 -74.00000
 -74.00000 -74.00000 -74.00000 -74.00000 -74.00000
 -74.00000 -74.00000 -74.00000 -74.00000 -74.00000
 -74.00000 -74.00000 -74.00000 -74.00000 -74.00000
 -74.00000 -74.00000 -74.00000 -74.00000 -74.00000
 -74.00000 -74.00000 -74.00000 -74.00000 -74.00000
 -74.00000 -74.00000 -74.00000 -74.00000 -74.00000
 -74.00000 -74.00000 -74.00000 -74.00000 -74.00000
 -74.00000 -74.00000 -74.00000 -74.00000 -74.00000
 -74.00000 -74.00000 -74.00000 -74.00000 -74.00000
 -74.00000 -74.00000 -74.00000 -74.00000 -74.00000
 -74.00000 -74.00000 -74.00000 -74.00000 -74.00000
 --------------------/ IGRD= 1  / IPRT= 0  /PLT     / Z1=16   / DATE= 10.10.14
 -74.00000 -74.00000 -74.00000 -74.00000 -74.00000
 -74.00000 -74.00000 -74.00000 -74.00000 -74.00000
 -74.00000 -74.00000 -74.00000 -74.00000 -74.00000
 -74.00000 -74.00000 -74.00000 -74.00000 -74.00000
 -74.00000 -74.00000 -74.00000 -74.00000 -74.00000
 -74.00000 -74.00000 -74.00000 -74.00000 -74.00000
 -74.00000 -74.00000 -74.00000 -74.00000 -74.00000
 -74.00000 -74.00000 -74.00000 -74.00000 -74.00000
 -74.00000 -74.00000 -74.00000 -74.00000 -74.00000
 -74.00000 -74.00000 -74.00000 -74.00000 -74.00000
 -74.00000 -74.00000 -74.00000 -74.00000 -74.00000
 -74.00000 -74.00000 -74.00000 -74.00000 -74.00000
 -74.00000 -74.00000 -74.00000 -74.00000 -74.00000
 -74.00000 -74.00000 -74.00000 -74.00000 -74.00000
 -74.00000 -74.00000 -74.00000 -74.00000 -74.00000
 -74.00000 -74.00000 -74.00000 -74.00000 -74.00000
 -74.00000 -74.00000 -74.00000 -74.00000 -74.00000
 -74.00000 -74.00000 -74.00000 -74.00000 -74.00000
 -74.00000 -74.00000 -74.00000 -74.00000 -74.00000
 -74.00000 -74.00000 -74.00000 -74.00000 -74.00000
 --------------------/ IGRD= 1  / IPRT= 0  /PLT     / Z1=17   / DATE= 10.10.14
 -74.00000 -74.00000 -74.00000 -74.00000 -74.00000
 -74.00000 -74.00000 -74.00000 -74.00000 -74.00000
 -74.00000 -74.00000 -74.00000 -74.00000 -74.00000
 -74.00000 -74.00000 -74.00000 -74.00000 -74.00000
 -74.00000 -74.00000 -74.00000 -74.00000 -74.00000
 -74.00000 -74.00000 -74.00000 -74.00000 -74.00000
 -74.00000 -74.00000 -74.00000 -74.00000 -74.00000
 -74.00000 -74.00000 -74.00000 -74.00000 -74.00000
 -74.00000 -74.00000 -74.00000 -74.00000 -74.00000
 -74.00000 -74.00000 -74.00000 -74.00000 -74.00000
 -74.00000 -74.00000 -74.00000 -74.00000 -74.00000
 -74.00000 -74.00000 -74.00000 -74.00000 -74.00000
 -74.00000 -74.00000 -74.00000 -74.00000 -74.00000
 -74.00000 -74.00000 -74.00000 -74.00000 -74.00000
 -74.00000 -74.00000 -74.00000 -74.00000 -74.00000
 -74.00000 -74.00000 -74.00000 -74.00000 -74.00000
 -74.00000 -74.00000 -74.00000 -74.00000 -74.00000
 -74.00000 -74.00000 -74.00000 -74.00000 -74.00000
 -74.00000 -74.00000 -74.00000 -74.00000 -74.00000
 -74.00000 -74.00000 -74.00000 -74.00000 -74.00000
 --------------------/ IGRD= 1  / IPRT= 0  /PLT     / Z1=18   / DATE= 10.10.14
 -74.00000 -74.00000 -74.00000 -74.00000 -74.00000
 -74.00000 -74.00000 -74.00000 -74.00000 -74.00000
 -74.00000 -74.00000 -74.00000 -74.00000 -74.00000
 -74.00000 -74.00000 -74.00000 -74.00000 -74.00000
 -74.00000 -74.00000 -74.00000 -74.00000 -74.00000
 -74.00000 -74.00000 -74.00000 -74.00000 -74.00000
 -74.00000 -74.00000 -74.00000 -74.00000 -74.00000
 -74.00000 -74.00000 -74.00000 -74.00000 -74.00000
 -74.00000 -74.00000 -74.00000 -74.00000 -74.00000
 -74.00000 -74.00000 -74.00000 -74.00000 -74.00000
 -74.00000 -74.00000 -74.00000 -74.00000 -74.00000
 -74.00000 -74.00000 -74.00000 -74.00000 -74.00000
 -74.00000 -74.00000 -74.00000 -74.00000 -74.00000
 -74.00000 -74.00000 -74.00000 -74.00000 -74.00000
 -74.00000 -74.00000 -74.00000 -74.00000 -74.00000
 -74.00000 -74.00000 -74.00000 -74.00000 -74.00000
 -74.00000 -74.00000 -74.00000 -74.00000 -74.00000
 -74.00000 -74.00000 -74.00000 -74.00000 -74.00000
 -74.00000 -74.00000 -74.00000 -74.00000 -74.00000
 -74.00000 -74.00000 -74.00000 -74.00000 -74.00000
 --------------------/ IGRD= 1  / IPRT= 0  /PLT     / Z1=19   / DATE= 10.10.14
 -74.00000 -74.00000 -74.00000 -74.00000 -74.00000
 -74.00000 -74.00000 -74.00000 -74.00000 -74.00000
 -74.00000 -74.00000 -74.00000 -74.00000 -74.00000
 -74.00000 -74.00000 -74.00000 -74.00000 -74.00000
 -74.00000 -74.00000 -74.00000 -74.00000 -74.00000
 -74.00000 -74.00000 -74.00000 -74.00000 -74.00000
 -74.00000 -74.00000 -74.00000 -74.00000 -74.00000
 -74.00000 -74.00000 -74.00000 -74.00000 -74.00000
 -74.00000 -74.00000 -74.00000 -74.00000 -74.00000
 -74.00000 -74.00000 -74.00000 -74.00000 -74.00000
 -74.00000 -74.00000 -74.00000 -74.00000 -74.00000
 -74.00000 -74.00000 -74.00000 -74.00000 -74.00000
 -74.00000 -74.00000 -74.00000 -74.00000 -74.00000
 -74.00000 -74.00000 -74.00000 -74.00000 -74.00000
 -74.00000 -74.00000 -74.00000 -74.00000 -74.00000
 -74.00000 -74.00000 -74.00000 -74.00000 -74.00000
 -74.00000 -74.00000 -74.00000 -74.00000 -74.00000
 -74.00000 -74.00000 -74.00000 -74.00000 -74.00000
 -74.00000 -74.00000 -74.00000 -74.00000 -74.00000
 -74.00000 -74.00000 -74.00000 -74.00000 -74.00000
 --------------------/ IGRD= 1  / IPRT= 0  /PLT     / Z1=20   / DATE= 10.10.14
 -74.00000 -74.00000 -74.00000 -74.00000 -74.00000
 -74.00000 -74.00000 -74.00000 -74.00000 -74.00000
 -74.00000 -74.00000 -74.00000 -74.00000 -74.00000
 -74.00000 -74.00000 -74.00000 -74.00000 -74.00000
 -74.00000 -74.00000 -74.00000 -74.00000 -74.00000
 -74.00000 -74.00000 -74.00000 -74.00000 -74.00000
 -74.00000 -74.00000 -74.00000 -74.00000 -74.00000
 -74.00000 -74.00000 -74.00000 -74.00000 -74.00000
 -74.00000 -74.00000 -74.00000 -74.00000 -74.00000
 -74.00000 -74.00000 -74.00000 -74.00000 -74.00000
 -74.00000 -74.00000 -74.00000 -74.00000 -74.00000
 -74.00000 -74.00000 -74.00000 -74.00000 -74.00000
 -74.00000 -74.00000 -74.00000 -74.00000 -74.00000
 -74.00000 -74.00000 -74.00000 -74.00000 -74.00000
 -74.00000 -74.00000 -74.00000 -74.00000 -74.00000
 -74.00000 -74.00000 -74.00000 -74.00000 -74.00000
 -74.00000 -74.00000 -74.00000 -74.00000 -74.00000
 -74.00000 -74.00000 -74.00000 -74.00000 -74.00000
 -74.00000 -74.00000 -74.00000 -74.00000 -74.00000
 -74.00000 -74.00000 -74.00000 -74.00000 -74.00000
 --------------------/ IGRD= 1  / IPRT= 0  /PLT     / Z1=21   / DATE= 10.10.14
 -74.00000 -74.00000 -74.00000 -74.00000 -74.00000
 -74.00000 -74.00000 -74.00000 -74.00000 -74.00000
 -74.00000 -74.00000 -74.00000 -74.00000 -74.00000
 -74.00000 -74.00000 -74.00000 -74.00000 -74.00000
 -74.00000 -74.00000 -74.00000 -74.00000 -74.00000
 -74.00000 -74.00000 -74.00000 -74.00000 -74.00000
 -74.00000 -74.00000 -74.00000 -74.00000 -74.00000
 -74.00000 -74.00000 -74.00000 -74.00000 -74.00000
 -74.00000 -74.00000 -74.00000 -74.00000 -74.00000
 -74.00000 -74.00000 -74.00000 -74.00000 -74.00000
 -74.00000 -74.00000 -74.00000 -74.00000 -74.00000
 -74.00000 -74.00000 -74.00000 -74.00000 -74.00000
 -74.00000 -74.00000 -74.00000 -74.00000 -74.00000
 -74.00000 -74.00000 -74.00000 -74.00000 -74.00000
 -74.00000 -74.00000 -74.00000 -74.00000 -74.00000
 -74.00000 -74.00000 -74.00000 -74.00000 -74.00000
 -74.00000 -74.00000 -74.00000 -74.00000 -74.00000
 -74.00000 -74.00000 -74.00000 -74.00000 -74.00000
 -74.00000 -74.00000 -74.00000 -74.00000 -74.00000
 -74.00000 -74.00000 -74.00000 -74.00000 -74.00000
 --------------------/ IGRD= 1  / IPRT= 0  /PLT     / Z1=22   / DATE= 10.10.14
 -74.00000 -74.00000 -74.00000 -74.00000 -74.00000
 -74.00000 -74.00000 -74.00000 -74.00000 -74.00000
 -74.00000 -74.00000 -74.00000 -74.00000 -74.00000
 -74.00000 -74.00000 -74.00000 -74.00000 -74.00000
 -74.00000 -74.00000 -74.00000 -74.00000 -74.00000
 -74.00000 -74.00000 -74.00000 -74.00000 -74.00000
 -74.00000 -74.00000 -74.00000 -74.00000 -74.00000
 -74.00000 -74.00000 -74.00000 -74.00000 -74.00000
 -74.00000 -74.00000 -74.00000 -74.00000 -74.00000
 -74.00000 -74.00000 -74.00000 -74.00000 -74.00000
 -74.00000 -74.00000 -74.00000 -74.00000 -74.00000
 -74.00000 -74.00000 -74.00000 -74.00000 -74.00000
 -74.00000 -74.00000 -74.00000 -74.00000 -74.00000
 -74.00000 -74.00000 -74.00000 -74.00000 -74.00000
 -74.00000 -74.00000 -74.00000 -74.00000 -74.00000
 -74.00000 -74.00000 -74.00000 -74.00000 -74.00000
 -74.00000 -74.00000 -74.00000 -74.00000 -74.00000
 -74.00000 -74.00000 -74.00000 -74.00000 -74.00000
 -74.00000 -74.00000 -74.00000 -74.00000 -74.00000
 -74.00000 -74.00000 -74.00000 -74.00000 -74.00000
 --------------------/ IGRD= 1  / IPRT= 0  /PLT     / Z1=23   / DATE= 10.10.14
 -74.00000 -74.00000 -74.00000 -74.00000 -74.00000
 -74.00000 -74.00000 -74.00000 -74.00000 -74.00000
 -74.00000 -74.00000 -74.00000 -74.00000 -74.00000
 -74.00000 -74.00000 -74.00000 -74.00000 -74.00000
 -74.00000 -74.00000 -74.00000 -74.00000 -74.00000
 -74.00000 -74.00000 -74.00000 -74.00000 -74.00000
 -74.00000 -74.00000 -74.00000 -74.00000 -74.00000
 -74.00000 -74.00000 -74.00000 -74.00000 -74.00000
 -74.00000 -74.00000 -74.00000 -74.00000 -74.00000
 -74.00000 -74.00000 -74.00000 -74.00000 -74.00000
 -74.00000 -74.00000 -74.00000 -74.00000 -74.00000
 -74.00000 -74.00000 -74.00000 -74.00000 -74.00000
 -74.00000 -74.00000 -74.00000 -74.00000 -74.00000
 -74.00000 -74.00000 -74.00000 -74.00000 -74.00000
 -74.00000 -74.00000 -74.00000 -74.00000 -74.00000
 -74.00000 -74.00000 -74.00000 -74.00000 -74.00000
 -74.00000 -74.00000 -74.00000 -74.00000 -74.00000
 -74.00000 -74.00000 -74.00000 -74.00000 -74.00000
 -74.00000 -74.00000 -74.00000 -74.00000 -74.00000
 -74.00000 -74.00000 -74.00000 -74.00000 -74.00000
 --------------------/ IGRD= 1  / IPRT= 0  /PLT     / Z1=24   / DATE= 10.10.14
 -74.00000 -74.00000 -74.00000 -74.00000 -74.00000
 -74.00000 -74.00000 -74.00000 -74.00000 -74.00000
 -74.00000 -74.00000 -74.00000 -74.00000 -74.00000
 -74.00000 -74.00000 -74.00000 -74.00000 -74.00000
 -74.00000 -74.00000 -74.00000 -74.00000 -74.00000
 -74.00000 -74.00000 -74.00000 -74.00000 -74.00000
 -74.00000 -74.00000 -74.00000 -74.00000 -74.00000
 -74.00000 -74.00000 -74.00000 -74.00000 -74.00000
 -74.00000 -74.00000 -74.00000 -74.00000 -74.00000
 -74.00000 -74.00000 -74.00000 -74.00000 -74.00000
 -74.00000 -74.00000 -74.00000 -74.00000 -74.00000
 -74.00000 -74.00000 -74.00000 -74.00000 -74.00000
 -74.00000 -74.00000 -74.00000 -74.00000 -74.00000
 -74.00000 -74.00000 -74.00000 -74.00000 -74.00000
 -74.00000 -74.00000 -74.00000 -74.00000 -74.00000
 -74.00000 -74.00000 -74.00000 -74.00000 -74.00000
 -74.00000 -74.00000 -74.00000 -74.00000 -74.00000
 -74.00000 -74.00000 -74.00000 -74.00000 -74.00000
 -74.00000 -74.00000 -74.00000 -74.00000 -74.00000
 -74.00000 -74.00000 -74.00000 -74.00000 -74.00000
 --------------------/ IGRD= 1  / IPRT= 0  /PLT     / Z1=25   / DATE= 10.10.14
 -74.00000 -74.00000 -74.00000 -74.00000 -74.00000
 -73.70368 -73.70368 -73.70368 -73.70368 -73.70368
 -69.96601 -69.96601 -69.96601 -69.96601 -69.96601
 -67.61382 -67.61382 -67.61382 -67.61382 -67.61382
 -66.14657 -66.14657 -66.14657 -66.14657 -66.14657
 -65.24456 -65.24456 -65.24456 -65.24456 -65.24456
 -64.70359 -64.70359 -64.70359 -64.70359 -64.70359
 -64.39322 -64.39322 -64.39322 -64.39322 -64.39322
 -64.23014 -64.23014 -64.23014 -64.23014 -64.23014
 -64.16115 -64.16115 -64.16115 -64.16115 -64.16115
 -64.15225 -64.15225 -64.15225 -64.15225 -64.15225
 -64.18173 -64.18173 -64.18173 -64.18173 -64.18173
 -64.23572 -64.23572 -64.23572 -64.23572 -64.23572
 -64.30538 -64.30538 -64.30538 -64.30538 -64.30538
 -64.38504 -64.38504 -64.38504 -64.38504 -64.38504
 -64.47108 -64.47108 -64.47108 -64.47108 -64.47108
 -64.56121 -64.56121 -64.56121 -64.56121 -64.56121
 -64.65394 -64.65394 -64.65394 -64.65394 -64.65394
 -64.74834 -64.74834 -64.74834 -64.74834 -64.74834
 -64.84380 -64.84380 -64.84380 -64.84380 -64.84380
 --------------------/ IGRD= 1  / IPRT= 0  /PLT     / Z1=26   / DATE= 10.10.14
 -63.64787 -63.64787 -63.64787 -63.64787 -63.64787
 -55.62236 -55.62236 -55.62236 -55.62236 -55.62236
 -50.53139 -50.53139 -50.53139 -50.53139 -50.53139
 -47.31480 -47.31480 -47.31480 -47.31480 -47.31480
 -45.29544 -45.29544 -45.29544 -45.29544 -45.29544
 -44.04077 -44.04077 -44.04077 -44.04077 -44.04077
 -43.27455 -43.27455 -43.27455 -43.27455 -43.27455
 -42.82031 -42.82031 -42.82031 -42.82031 -42.82031
 -42.56533 -42.56533 -42.56533 -42.56533 -42.56533
 -42.43764 -42.43764 -42.43764 -42.43764 -42.43764
 -42.39125 -42.39125 -42.39125 -42.39125 -42.39125
 -42.39678 -42.39678 -42.39678 -42.39678 -42.39678
 -42.43548 -42.43548 -42.43548 -42.43548 -42.43548
 -42.49537 -42.49537 -42.49537 -42.49537 -42.49537
 -42.56878 -42.56878 -42.56878 -42.56878 -42.56878
 -42.65084 -42.65084 -42.65084 -42.65084 -42.65084
 -42.73842 -42.73842 -42.73842 -42.73842 -42.73842
 -42.82953 -42.82953 -42.82953 -42.82953 -42.82953
 -42.92289 -42.92289 -42.92289 -42.92289 -42.92289
 -43.01769 -43.01769 -43.01769 -43.01769 -43.01769
 --------------------/ IGRD= 1  / IPRT= 0  /PLT     / Z1=27   / DATE= 10.10.14
 -66.39083 -66.39083 -66.39083 -66.39083 -66.39083
 -59.11625 -59.11625 -59.11625 -59.11625 -59.11625
 -54.50492 -54.50492 -54.50492 -54.50492 -54.50492
 -51.59469 -51.59469 -51.59469 -51.59469 -51.59469
 -49.77101 -49.77101 -49.77101 -49.77101 -49.77101
 -48.64133 -48.64133 -48.64133 -48.64133 -48.64133
 -47.95494 -47.95494 -47.95494 -47.95494 -47.95494
 -47.55169 -47.55169 -47.55169 -47.55169 -47.55169
 -47.32928 -47.32928 -47.32928 -47.32928 -47.32928
 -47.22240 -47.22240 -47.22240 -47.22240 -47.22240
 -47.18929 -47.18929 -47.18929 -47.18929 -47.18929
 -47.20331 -47.20331 -47.20331 -47.20331 -47.20331
 -47.24743 -47.24743 -47.24743 -47.24743 -47.24743
 -47.31078 -47.31078 -47.31078 -47.31078 -47.31078
 -47.38641 -47.38641 -47.38641 -47.38641 -47.38641
 -47.46988 -47.46988 -47.46988 -47.46988 -47.46988
 -47.55836 -47.55836 -47.55836 -47.55836 -47.55836
 -47.65005 -47.65005 -47.65005 -47.65005 -47.65005
 -47.74378 -47.74378 -47.74378 -47.74378 -47.74378
 -47.83881 -47.83881 -47.83881 -47.83881 -47.83881
 --------------------/ IGRD= 1  / IPRT= 0  /PLT     / Z1=28   / DATE= 10.10.14
 -61.66796 -61.66796 -61.66796 -61.66796 -61.66796
 -52.42150 -52.42150 -52.42150 -52.42150 -52.42150
 -46.55068 -46.55068 -46.55068 -46.55068 -46.55068
 -42.83597 -42.83597 -42.83597 -42.83597 -42.83597
 -40.49845 -40.49845 -40.49845 -40.49845 -40.49845
 -39.04056 -39.04056 -39.04056 -39.04056 -39.04056
 -38.14454 -38.14454 -38.14454 -38.14454 -38.14454
 -37.60738 -37.60738 -37.60738 -37.60738 -37.60738
 -37.29945 -37.29945 -37.29945 -37.29945 -37.29945
 -37.13794 -37.13794 -37.13794 -37.13794 -37.13794
 -37.06994 -37.06994 -37.06994 -37.06994 -37.06994
 -37.06167 -37.06167 -37.06167 -37.06167 -37.06167
 -37.09156 -37.09156 -37.09156 -37.09156 -37.09156
 -37.14581 -37.14581 -37.14581 -37.14581 -37.14581
 -37.21563 -37.21563 -37.21563 -37.21563 -37.21563
 -37.29540 -37.29540 -37.29540 -37.29540 -37.29540
 -37.38151 -37.38151 -37.38151 -37.38151 -37.38151
 -37.47168 -37.47168 -37.47168 -37.47168 -37.47168
 -37.56444 -37.56444 -37.56444 -37.56444 -37.56444
 -37.65886 -37.65886 -37.65886 -37.65886 -37.65886
 --------------------/ IGRD= 1  / IPRT= 0  /PLT     / Z1=29   / DATE= 10.10.14
 -61.13240 -61.13240 -61.13240 -61.13240 -61.13240
 -50.42198 -50.42198 -50.42198 -50.42198 -50.42198
 -43.61608 -43.61608 -43.61608 -43.61608 -43.61608
 -39.30411 -39.30411 -39.30411 -39.30411 -39.30411
 -36.58510 -36.58510 -36.58510 -36.58510 -36.58510
 -34.88355 -34.88355 -34.88355 -34.88355 -34.88355
 -33.83188 -33.83188 -33.83188 -33.83188 -33.83188
 -33.19532 -33.19532 -33.19532 -33.19532 -33.19532
 -32.82389 -32.82389 -32.82389 -32.82389 -32.82389
 -32.62182 -32.62182 -32.62182 -32.62182 -32.62182
 -32.52791 -32.52791 -32.52791 -32.52791 -32.52791
 -32.50310 -32.50310 -32.50310 -32.50310 -32.50310
 -32.52242 -32.52242 -32.52242 -32.52242 -32.52242
 -32.56992 -32.56992 -32.56992 -32.56992 -32.56992
 -32.63543 -32.63543 -32.63543 -32.63543 -32.63543
 -32.71244 -32.71244 -32.71244 -32.71244 -32.71244
 -32.79679 -32.79679 -32.79679 -32.79679 -32.79679
 -32.88584 -32.88584 -32.88584 -32.88584 -32.88584
 -32.97788 -32.97788 -32.97788 -32.97788 -32.97788
 -33.07184 -33.07184 -33.07184 -33.07184 -33.07184
 --------------------/ IGRD= 1  / IPRT= 0  /PLT     / Z1=30   / DATE= 10.10.14
 -61.34090 -61.34090 -61.34090 -61.34090 -61.34090
 -51.02506 -51.02506 -51.02506 -51.02506 -51.02506
 -44.47119 -44.47119 -44.47119 -44.47119 -44.47119
 -40.32020 -40.32020 -40.32020 -40.32020 -40.32020
 -37.70401 -37.70401 -37.70401 -37.70401 -37.70401
 -36.06813 -36.06813 -36.06813 -36.06813 -36.06813
 -35.05842 -35.05842 -35.05842 -35.05842 -35.05842
 -34.44865 -34.44865 -34.44865 -34.44865 -34.44865
 -34.09433 -34.09433 -34.09433 -34.09433 -34.09433
 -33.90319 -33.90319 -33.90319 -33.90319 -33.90319
 -33.81627 -33.81627 -33.81627 -33.81627 -33.81627
 -33.79591 -33.79591 -33.79591 -33.79591 -33.79591
 -33.81808 -33.81808 -33.81808 -33.81808 -33.81808
 -33.86741 -33.86741 -33.86741 -33.86741 -33.86741
 -33.93408 -33.93408 -33.93408 -33.93408 -33.93408
 -34.01183 -34.01183 -34.01183 -34.01183 -34.01183
 -34.09666 -34.09666 -34.09666 -34.09666 -34.09666
 -34.18601 -34.18601 -34.18601 -34.18601 -34.18601
 -34.27824 -34.27824 -34.27824 -34.27824 -34.27824
 -34.37232 -34.37232 -34.37232 -34.37232 -34.37232
 --------------------/ IGRD= 1  / IPRT= 0  /PLT     / Z1=31   / DATE= 10.10.14
 -61.54152 -61.54152 -61.54152 -61.54152 -61.54152
 -51.74230 -51.74230 -51.74230 -51.74230 -51.74230
 -45.51841 -45.51841 -45.51841 -45.51841 -45.51841
 -41.57819 -41.57819 -41.57819 -41.57819 -41.57819
 -39.09662 -39.09662 -39.09662 -39.09662 -39.09662
 -37.54673 -37.54673 -37.54673 -37.54673 -37.54673
 -36.59194 -36.59194 -36.59194 -36.59194 -36.59194
 -36.01725 -36.01725 -36.01725 -36.01725 -36.01725
 -35.68535 -35.68535 -35.68535 -35.68535 -35.68535
 -35.50852 -35.50852 -35.50852 -35.50852 -35.50852
 -35.43074 -35.43074 -35.43074 -35.43074 -35.43074
 -35.41622 -35.41622 -35.41622 -35.41622 -35.41622
 -35.44212 -35.44212 -35.44212 -35.44212 -35.44212
 -35.49382 -35.49382 -35.49382 -35.49382 -35.49382
 -35.56202 -35.56202 -35.56202 -35.56202 -35.56202
 -35.64074 -35.64074 -35.64074 -35.64074 -35.64074
 -35.72619 -35.72619 -35.72619 -35.72619 -35.72619
 -35.81594 -35.81594 -35.81594 -35.81594 -35.81594
 -35.90843 -35.90843 -35.90843 -35.90843 -35.90843
 -36.00267 -36.00267 -36.00267 -36.00267 -36.00267
 --------------------/ IGRD= 1  / IPRT= 0  /PLT     / Z1=32   / DATE= 10.10.14
 -67.25941 -67.25941 -67.25941 -67.25941 -67.25941
 -59.98756 -59.98756 -59.98756 -59.98756 -59.98756
 -55.37797 -55.37797 -55.37797 -55.37797 -55.37797
 -52.46886 -52.46886 -52.46886 -52.46886 -52.46886
 -50.64589 -50.64589 -50.64589 -50.64589 -50.64589
 -49.51667 -49.51667 -49.51667 -49.51667 -49.51667
 -48.83057 -48.83057 -48.83057 -48.83057 -48.83057
 -48.42750 -48.42750 -48.42750 -48.42750 -48.42750
 -48.20522 -48.20522 -48.20522 -48.20522 -48.20522
 -48.09840 -48.09840 -48.09840 -48.09840 -48.09840
 -48.06534 -48.06534 -48.06534 -48.06534 -48.06534
 -48.07939 -48.07939 -48.07939 -48.07939 -48.07939
 -48.12354 -48.12354 -48.12354 -48.12354 -48.12354
 -48.18690 -48.18690 -48.18690 -48.18690 -48.18690
 -48.26253 -48.26253 -48.26253 -48.26253 -48.26253
 -48.34601 -48.34601 -48.34601 -48.34601 -48.34601
 -48.43450 -48.43450 -48.43450 -48.43450 -48.43450
 -48.52618 -48.52618 -48.52618 -48.52618 -48.52618
 -48.61991 -48.61991 -48.61991 -48.61991 -48.61991
 -48.71495 -48.71495 -48.71495 -48.71495 -48.71495
 --------------------/ IGRD= 1  / IPRT= 0  /PLT     / Z1=33   / DATE= 10.10.14
 -65.50624 -65.50624 -65.50624 -65.50624 -65.50624
 -57.97480 -57.97480 -57.97480 -57.97480 -57.97480
 -53.19941 -53.19941 -53.19941 -53.19941 -53.19941
 -50.18439 -50.18439 -50.18439 -50.18439 -50.18439
 -48.29378 -48.29378 -48.29378 -48.29378 -48.29378
 -47.12135 -47.12135 -47.12135 -47.12135 -47.12135
 -46.40765 -46.40765 -46.40765 -46.40765 -46.40765
 -45.98696 -45.98696 -45.98696 -45.98696 -45.98696
 -45.75341 -45.75341 -45.75341 -45.75341 -45.75341
 -45.63941 -45.63941 -45.63941 -45.63941 -45.63941
 -45.60176 -45.60176 -45.60176 -45.60176 -45.60176
 -45.61287 -45.61287 -45.61287 -45.61287 -45.61287
 -45.65514 -45.65514 -45.65514 -45.65514 -45.65514
 -45.71731 -45.71731 -45.71731 -45.71731 -45.71731
 -45.79218 -45.79218 -45.79218 -45.79218 -45.79218
 -45.87517 -45.87517 -45.87517 -45.87517 -45.87517
 -45.96334 -45.96334 -45.96334 -45.96334 -45.96334
 -46.05483 -46.05483 -46.05483 -46.05483 -46.05483
 -46.14843 -46.14843 -46.14843 -46.14843 -46.14843
 -46.24338 -46.24338 -46.24338 -46.24338 -46.24338
 --------------------/ IGRD= 1  / IPRT= 0  /PLT     / Z1=34   / DATE= 10.10.14
 -74.00000 -74.00000 -74.00000 -74.00000 -74.00000
 -74.00000 -74.00000 -74.00000 -74.00000 -74.00000
 -74.00000 -74.00000 -74.00000 -74.00000 -74.00000
 -74.00000 -74.00000 -74.00000 -74.00000 -74.00000
 -74.00000 -74.00000 -74.00000 -74.00000 -74.00000
 -74.00000 -74.00000 -74.00000 -74.00000 -74.00000
 -74.00000 -74.00000 -74.00000 -74.00000 -74.00000
 -74.00000 -74.00000 -74.00000 -74.00000 -74.00000
 -74.00000 -74.00000 -74.00000 -74.00000 -74.00000
 -74.00000 -74.00000 -74.00000 -74.00000 -74.00000
 -74.00000 -74.00000 -74.00000 -74.00000 -74.00000
 -74.00000 -74.00000 -74.00000 -74.00000 -74.00000
 -74.00000 -74.00000 -74.00000 -74.00000 -74.00000
 -74.00000 -74.00000 -74.00000 -74.00000 -74.00000
 -74.00000 -74.00000 -74.00000 -74.00000 -74.00000
 -74.00000 -74.00000 -74.00000 -74.00000 -74.00000
 -74.00000 -74.00000 -74.00000 -74.00000 -74.00000
 -74.00000 -74.00000 -74.00000 -74.00000 -74.00000
 -74.00000 -74.00000 -74.00000 -74.00000 -74.00000
 -74.00000 -74.00000 -74.00000 -74.00000 -74.00000
 --------------------/ IGRD= 1  / IPRT= 0  /PLT     / Z1=35   / DATE= 10.10.14
 -61.64091 -61.64091 -61.64091 -61.64091 -61.64091
 -51.36604 -51.36604 -51.36604 -51.36604 -51.36604
 -44.83834 -44.83834 -44.83834 -44.83834 -44.83834
 -40.70406 -40.70406 -40.70406 -40.70406 -40.70406
 -38.09854 -38.09854 -38.09854 -38.09854 -38.09854
 -36.46949 -36.46949 -36.46949 -36.46949 -36.46949
 -35.46412 -35.46412 -35.46412 -35.46412 -35.46412
 -34.85714 -34.85714 -34.85714 -34.85714 -34.85714
 -34.50460 -34.50460 -34.50460 -34.50460 -34.50460
 -34.31459 -34.31459 -34.31459 -34.31459 -34.31459
 -34.22840 -34.22840 -34.22840 -34.22840 -34.22840
 -34.20851 -34.20851 -34.20851 -34.20851 -34.20851
 -34.23097 -34.23097 -34.23097 -34.23097 -34.23097
 -34.28048 -34.28048 -34.28048 -34.28048 -34.28048
 -34.34727 -34.34727 -34.34727 -34.34727 -34.34727
 -34.42510 -34.42510 -34.42510 -34.42510 -34.42510
 -34.50998 -34.50998 -34.50998 -34.50998 -34.50998
 -34.59936 -34.59936 -34.59936 -34.59936 -34.59936
 -34.69162 -34.69162 -34.69162 -34.69162 -34.69162
 -34.78571 -34.78571 -34.78571 -34.78571 -34.78571
 --------------------/ IGRD= 1  / IPRT= 0  /PLT     / Z1=36   / DATE= 10.10.14
 -62.55360 -62.55360 -62.55360 -62.55360 -62.55360
 -51.34216 -51.34216 -51.34216 -51.34216 -51.34216
 -44.21625 -44.21625 -44.21625 -44.21625 -44.21625
 -39.69987 -39.69987 -39.69987 -39.69987 -39.69987
 -36.85030 -36.85030 -36.85030 -36.85030 -36.85030
 -35.06536 -35.06536 -35.06536 -35.06536 -35.06536
 -33.96042 -33.96042 -33.96042 -33.96042 -33.96042
 -33.28984 -33.28984 -33.28984 -33.28984 -33.28984
 -32.89668 -32.89668 -32.89668 -32.89668 -32.89668
 -32.68073 -32.68073 -32.68073 -32.68073 -32.68073
 -32.57796 -32.57796 -32.57796 -32.57796 -32.57796
 -32.54748 -32.54748 -32.54748 -32.54748 -32.54748
 -32.56318 -32.56318 -32.56318 -32.56318 -32.56318
 -32.60838 -32.60838 -32.60838 -32.60838 -32.60838
 -32.67241 -32.67241 -32.67241 -32.67241 -32.67241
 -32.74848 -32.74848 -32.74848 -32.74848 -32.74848
 -32.83223 -32.83223 -32.83223 -32.83223 -32.83223
 -32.92089 -32.92089 -32.92089 -32.92089 -32.92089
 -33.01269 -33.01269 -33.01269 -33.01269 -33.01269
 -33.10649 -33.10649 -33.10649 -33.10649 -33.10649
 --------------------/ IGRD= 1  / IPRT= 0  /PLT     / Z1=37   / DATE= 10.10.14
 -65.68747 -65.68747 -65.68747 -65.68747 -65.68747
 -52.42550 -52.42550 -52.42550 -52.42550 -52.42550
 -43.98985 -43.98985 -43.98985 -43.98985 -43.98985
 -38.63692 -38.63692 -38.63692 -38.63692 -38.63692
 -35.25300 -35.25300 -35.25300 -35.25300 -35.25300
 -33.12676 -33.12676 -33.12676 -33.12676 -33.12676
 -31.80383 -31.80383 -31.80383 -31.80383 -31.80383
 -30.99400 -30.99400 -30.99400 -30.99400 -30.99400
 -30.51191 -30.51191 -30.51191 -30.51191 -30.51191
 -30.23915 -30.23915 -30.23915 -30.23915 -30.23915
 -30.10009 -30.10009 -30.10009 -30.10009 -30.10009
 -30.04644 -30.04644 -30.04644 -30.04644 -30.04644
 -30.04734 -30.04734 -30.04734 -30.04734 -30.04734
 -30.08308 -30.08308 -30.08308 -30.08308 -30.08308
 -30.14107 -30.14107 -30.14107 -30.14107 -30.14107
 -30.21328 -30.21328 -30.21328 -30.21328 -30.21328
 -30.29457 -30.29457 -30.29457 -30.29457 -30.29457
 -30.38166 -30.38166 -30.38166 -30.38166 -30.38166
 -30.47245 -30.47245 -30.47245 -30.47245 -30.47245
 -30.56561 -30.56561 -30.56561 -30.56561 -30.56561
 --------------------/ IGRD= 1  / IPRT= 0  /PLT     / Z1=38   / DATE= 10.10.14
 -67.62843 -67.62843 -67.62843 -67.62843 -67.62843
 -53.26903 -53.26903 -53.26903 -53.26903 -53.26903
 -44.13242 -44.13242 -44.13242 -44.13242 -44.13242
 -38.33175 -38.33175 -38.33175 -38.33175 -38.33175
 -34.66186 -34.66186 -34.66186 -34.66186 -34.66186
 -32.35296 -32.35296 -32.35296 -32.35296 -32.35296
 -30.91336 -30.91336 -30.91336 -30.91336 -30.91336
 -30.02901 -30.02901 -30.02901 -30.02901 -30.02901
 -29.49931 -29.49931 -29.49931 -29.49931 -29.49931
 -29.19615 -29.19615 -29.19615 -29.19615 -29.19615
 -29.03767 -29.03767 -29.03767 -29.03767 -29.03767
 -28.97162 -28.97162 -28.97162 -28.97162 -28.97162
 -28.96459 -28.96459 -28.96459 -28.96459 -28.96459
 -28.99527 -28.99527 -28.99527 -28.99527 -28.99527
 -29.05003 -29.05003 -29.05003 -29.05003 -29.05003
 -29.12018 -29.12018 -29.12018 -29.12018 -29.12018
 -29.20015 -29.20015 -29.20015 -29.20015 -29.20015
 -29.28640 -29.28640 -29.28640 -29.28640 -29.28640
 -29.37665 -29.37665 -29.37665 -29.37665 -29.37665
 -29.46946 -29.46946 -29.46946 -29.46946 -29.46946
 --------------------/ IGRD= 1  / IPRT= 0  /PLT     / Z1=39   / DATE= 10.10.14
 -74.00000 -74.00000 -74.00000 -74.00000 -74.00000
 -74.00000 -74.00000 -74.00000 -74.00000 -74.00000
 -58.93958 -58.93958 -58.93958 -58.93958 -58.93958
 -46.38854 -46.38854 -46.38854 -46.38854 -46.38854
 -38.40698 -38.40698 -38.40698 -38.40698 -38.40698
 -33.34409 -33.34409 -33.34409 -33.34409 -33.34409
 -30.14543 -30.14543 -30.14543 -30.14543 -30.14543
 -28.13752 -28.13752 -28.13752 -28.13752 -28.13752
 -26.89017 -26.89017 -26.89017 -26.89017 -26.89017
 -26.12862 -26.12862 -26.12862 -26.12862 -26.12862
 -25.67736 -25.67736 -25.67736 -25.67736 -25.67736
 -25.42429 -25.42429 -25.42429 -25.42429 -25.42429
 -25.29782 -25.29782 -25.29782 -25.29782 -25.29782
 -25.25220 -25.25220 -25.25220 -25.25220 -25.25220
 -25.25823 -25.25823 -25.25823 -25.25823 -25.25823
 -25.29725 -25.29725 -25.29725 -25.29725 -25.29725
 -25.35733 -25.35733 -25.35733 -25.35733 -25.35733
 -25.43088 -25.43088 -25.43088 -25.43088 -25.43088
 -25.51302 -25.51302 -25.51302 -25.51302 -25.51302
 -25.60066 -25.60066 -25.60066 -25.60066 -25.60066
 --------------------/ IGRD= 1  / IPRT= 0  /PLT     / Z1=40   / DATE= 10.10.14
 -74.00000 -74.00000 -74.00000 -74.00000 -74.00000
 -74.00000 -74.00000 -74.00000 -74.00000 -74.00000
 -62.41677 -62.41677 -62.41677 -62.41677 -62.41677
 -48.75720 -48.75720 -48.75720 -48.75720 -48.75720
 -40.06758 -40.06758 -40.06758 -40.06758 -40.06758
 -34.55243 -34.55243 -34.55243 -34.55243 -34.55243
 -31.06490 -31.06490 -31.06490 -31.06490 -31.06490
 -28.87248 -28.87248 -28.87248 -28.87248 -28.87248
 -27.50728 -27.50728 -27.50728 -27.50728 -27.50728
 -26.67046 -26.67046 -26.67046 -26.67046 -26.67046
 -26.17112 -26.17112 -26.17112 -26.17112 -26.17112
 -25.88734 -25.88734 -25.88734 -25.88734 -25.88734
 -25.74125 -25.74125 -25.74125 -25.74125 -25.74125
 -25.68310 -25.68310 -25.68310 -25.68310 -25.68310
 -25.68113 -25.68113 -25.68113 -25.68113 -25.68113
 -25.71504 -25.71504 -25.71504 -25.71504 -25.71504
 -25.77186 -25.77186 -25.77186 -25.77186 -25.77186
 -25.84332 -25.84332 -25.84332 -25.84332 -25.84332
 -25.92413 -25.92413 -25.92413 -25.92413 -25.92413
 -26.01092 -26.01092 -26.01092 -26.01092 -26.01092
 --------------------/ IGRD= 1  / IPRT= 0  /PLT     / Z1=41   / DATE= 10.10.14
 -74.00000 -74.00000 -74.00000 -74.00000 -74.00000
 -74.00000 -74.00000 -74.00000 -74.00000 -74.00000
 -56.78029 -56.78029 -56.78029 -56.78029 -56.78029
 -45.21797 -45.21797 -45.21797 -45.21797 -45.21797
 -37.86793 -37.86793 -37.86793 -37.86793 -37.86793
 -33.20841 -33.20841 -33.20841 -33.20841 -33.20841
 -30.26740 -30.26740 -30.26740 -30.26740 -30.26740
 -28.42405 -28.42405 -28.42405 -28.42405 -28.42405
 -27.28182 -27.28182 -27.28182 -27.28182 -27.28182
 -26.58741 -26.58741 -26.58741 -26.58741 -26.58741
 -26.17903 -26.17903 -26.17903 -26.17903 -26.17903
 -25.95335 -25.95335 -25.95335 -25.95335 -25.95335
 -25.84438 -25.84438 -25.84438 -25.84438 -25.84438
 -25.80993 -25.80993 -25.80993 -25.80993 -25.80993
 -25.82310 -25.82310 -25.82310 -25.82310 -25.82310
 -25.86668 -25.86668 -25.86668 -25.86668 -25.86668
 -25.92968 -25.92968 -25.92968 -25.92968 -25.92968
 -26.00509 -26.00509 -26.00509 -26.00509 -26.00509
 -26.08842 -26.08842 -26.08842 -26.08842 -26.08842
 -26.17681 -26.17681 -26.17681 -26.17681 -26.17681
 --------------------/ IGRD= 1  / IPRT= 0  /PLT     / Z1=42   / DATE= 10.10.14
 -72.95425 -72.95425 -72.95425 -72.95425 -72.95425
 -56.27662 -56.27662 -56.27662 -56.27662 -56.27662
 -45.65929 -45.65929 -45.65929 -45.65929 -45.65929
 -38.91284 -38.91284 -38.91284 -38.91284 -38.91284
 -34.63885 -34.63885 -34.63885 -34.63885 -34.63885
 -31.94409 -31.94409 -31.94409 -31.94409 -31.94409
 -30.25803 -30.25803 -30.25803 -30.25803 -30.25803
 -29.21626 -29.21626 -29.21626 -29.21626 -29.21626
 -28.58602 -28.58602 -28.58602 -28.58602 -28.58602
 -28.21863 -28.21863 -28.21863 -28.21863 -28.21863
 -28.01914 -28.01914 -28.01914 -28.01914 -28.01914
 -27.92688 -27.92688 -27.92688 -27.92688 -27.92688
 -27.90312 -27.90312 -27.90312 -27.90312 -27.90312
 -27.92311 -27.92311 -27.92311 -27.92311 -27.92311
 -27.97104 -27.97104 -27.97104 -27.97104 -27.97104
 -28.03683 -28.03683 -28.03683 -28.03683 -28.03683
 -28.11401 -28.11401 -28.11401 -28.11401 -28.11401
 -28.19848 -28.19848 -28.19848 -28.19848 -28.19848
 -28.28760 -28.28760 -28.28760 -28.28760 -28.28760
 -28.37968 -28.37968 -28.37968 -28.37968 -28.37968
 --------------------/ IGRD= 1  / IPRT= 0  /PLT     / Z1=43   / DATE= 10.10.14
 -74.00000 -74.00000 -74.00000 -74.00000 -74.00000
 -74.00000 -74.00000 -74.00000 -74.00000 -74.00000
 -58.50181 -58.50181 -58.50181 -58.50181 -58.50181
 -46.20330 -46.20330 -46.20330 -46.20330 -46.20330
 -38.38303 -38.38303 -38.38303 -38.38303 -38.38303
 -33.42316 -33.42316 -33.42316 -33.42316 -33.42316
 -30.29031 -30.29031 -30.29031 -30.29031 -30.29031
 -28.32443 -28.32443 -28.32443 -28.32443 -28.32443
 -27.10393 -27.10393 -27.10393 -27.10393 -27.10393
 -26.35953 -26.35953 -26.35953 -26.35953 -26.35953
 -25.91922 -25.91922 -25.91922 -25.91922 -25.91922
 -25.67315 -25.67315 -25.67315 -25.67315 -25.67315
 -25.55114 -25.55114 -25.55114 -25.55114 -25.55114
 -25.50838 -25.50838 -25.50838 -25.50838 -25.50838
 -25.51623 -25.51623 -25.51623 -25.51623 -25.51623
 -25.55641 -25.55641 -25.55641 -25.55641 -25.55641
 -25.61725 -25.61725 -25.61725 -25.61725 -25.61725
 -25.69127 -25.69127 -25.69127 -25.69127 -25.69127
 -25.77371 -25.77371 -25.77371 -25.77371 -25.77371
 -25.86154 -25.86154 -25.86154 -25.86154 -25.86154
 --------------------/ IGRD= 1  / IPRT= 0  /PLT     / Z1=44   / DATE= 10.10.14
 -74.00000 -74.00000 -74.00000 -74.00000 -74.00000
 -74.00000 -74.00000 -74.00000 -74.00000 -74.00000
 -63.76260 -63.76260 -63.76260 -63.76260 -63.76260
 -49.46013 -49.46013 -49.46013 -49.46013 -49.46013
 -40.35987 -40.35987 -40.35987 -40.35987 -40.35987
 -34.58243 -34.58243 -34.58243 -34.58243 -34.58243
 -30.92737 -30.92737 -30.92737 -30.92737 -30.92737
 -28.62794 -28.62794 -28.62794 -28.62794 -28.62794
 -27.19440 -27.19440 -27.19440 -27.19440 -27.19440
 -26.31391 -26.31391 -26.31391 -26.31391 -26.31391
 -25.78669 -25.78669 -25.78669 -25.78669 -25.78669
 -25.48510 -25.48510 -25.48510 -25.48510 -25.48510
 -25.32763 -25.32763 -25.32763 -25.32763 -25.32763
 -25.26222 -25.26222 -25.26222 -25.26222 -25.26222
 -25.25561 -25.25561 -25.25561 -25.25561 -25.25561
 -25.28655 -25.28655 -25.28655 -25.28655 -25.28655
 -25.34148 -25.34148 -25.34148 -25.34148 -25.34148
 -25.41173 -25.41173 -25.41173 -25.41173 -25.41173
 -25.49177 -25.49177 -25.49177 -25.49177 -25.49177
 -25.57806 -25.57806 -25.57806 -25.57806 -25.57806
 --------------------/ IGRD= 1  / IPRT= 0  /PLT     / Z1=45   / DATE= 10.10.14
 -74.00000 -74.00000 -74.00000 -74.00000 -74.00000
 -74.00000 -74.00000 -74.00000 -74.00000 -74.00000
 -64.22797 -64.22797 -64.22797 -64.22797 -64.22797
 -49.71810 -49.71810 -49.71810 -49.71810 -49.71810
 -40.48539 -40.48539 -40.48539 -40.48539 -40.48539
 -34.62334 -34.62334 -34.62334 -34.62334 -34.62334
 -30.91424 -30.91424 -30.91424 -30.91424 -30.91424
 -28.58029 -28.58029 -28.58029 -28.58029 -28.58029
 -27.12469 -27.12469 -27.12469 -27.12469 -27.12469
 -26.23013 -26.23013 -26.23013 -26.23013 -26.23013
 -25.69391 -25.69391 -25.69391 -25.69391 -25.69391
 -25.38657 -25.38657 -25.38657 -25.38657 -25.38657
 -25.22544 -25.22544 -25.22544 -25.22544 -25.22544
 -25.15768 -25.15768 -25.15768 -25.15768 -25.15768
 -25.14957 -25.14957 -25.14957 -25.14957 -25.14957
 -25.17956 -25.17956 -25.17956 -25.17956 -25.17956
 -25.23387 -25.23387 -25.23387 -25.23387 -25.23387
 -25.30374 -25.30374 -25.30374 -25.30374 -25.30374
 -25.38353 -25.38353 -25.38353 -25.38353 -25.38353
 -25.46966 -25.46966 -25.46966 -25.46966 -25.46966
 --------------------/ IGRD= 1  / IPRT= 0  /PLT     / Z1=46   / DATE= 10.10.14
 -59.65917 -59.65917 -59.65917 -59.65917 -59.65917
 -58.19421 -58.19421 -58.19421 -58.19421 -58.19421
 -57.29366 -57.29366 -57.29366 -57.29366 -57.29366
 -50.50152 -50.50152 -50.50152 -50.50152 -50.50152
 -41.00400 -41.00400 -41.00400 -41.00400 -41.00400
 -34.97281 -34.97281 -34.97281 -34.97281 -34.97281
 -31.15567 -31.15567 -31.15567 -31.15567 -31.15567
 -28.75272 -28.75272 -28.75272 -28.75272 -28.75272
 -27.25305 -27.25305 -27.25305 -27.25305 -27.25305
 -26.33033 -26.33033 -26.33033 -26.33033 -26.33033
 -25.77613 -25.77613 -25.77613 -25.77613 -25.77613
 -25.45731 -25.45731 -25.45731 -25.45731 -25.45731
 -25.28884 -25.28884 -25.28884 -25.28884 -25.28884
 -25.21639 -25.21639 -25.21639 -25.21639 -25.21639
 -25.20529 -25.20529 -25.20529 -25.20529 -25.20529
 -25.23336 -25.23336 -25.23336 -25.23336 -25.23336
 -25.28646 -25.28646 -25.28646 -25.28646 -25.28646
 -25.35554 -25.35554 -25.35554 -25.35554 -25.35554
 -25.43483 -25.43483 -25.43483 -25.43483 -25.43483
 -25.52065 -25.52065 -25.52065 -25.52065 -25.52065
 --------------------/ IGRD= 1  / IPRT= 0  /PLT     / Z1=47   / DATE= 10.10.14
 -74.00000 -74.00000 -74.00000 -74.00000 -74.00000
 -74.00000 -74.00000 -74.00000 -74.00000 -74.00000
 -56.96462 -56.96462 -56.96462 -56.96462 -56.96462
 -45.77409 -45.77409 -45.77409 -45.77409 -45.77409
 -38.64421 -38.64421 -38.64421 -38.64421 -38.64421
 -33.96837 -33.96837 -33.96837 -33.96837 -33.96837
 -30.73685 -30.73685 -30.73685 -30.73685 -30.73685
 -28.56867 -28.56867 -28.56867 -28.56867 -28.56867
 -27.16048 -27.16048 -27.16048 -27.16048 -27.16048
 -26.25739 -26.25739 -26.25739 -26.25739 -26.25739
 -25.69054 -25.69054 -25.69054 -25.69054 -25.69054
 -25.34998 -25.34998 -25.34998 -25.34998 -25.34998
 -25.16111 -25.16111 -25.16111 -25.16111 -25.16111
 -25.07277 -25.07277 -25.07277 -25.07277 -25.07277
 -25.05029 -25.05029 -25.05029 -25.05029 -25.05029
 -25.07058 -25.07058 -25.07058 -25.07058 -25.07058
 -25.11850 -25.11850 -25.11850 -25.11850 -25.11850
 -25.18419 -25.18419 -25.18419 -25.18419 -25.18419
 -25.26128 -25.26128 -25.26128 -25.26128 -25.26128
 -25.34567 -25.34567 -25.34567 -25.34567 -25.34567
 --------------------/ IGRD= 1  / IPRT= 0  /PLT     / Z1=48   / DATE= 10.10.14
 -74.00000 -74.00000 -74.00000 -74.00000 -74.00000
 -74.00000 -74.00000 -74.00000 -74.00000 -74.00000
 -65.96291 -65.96291 -65.96291 -65.96291 -65.96291
 -50.84085 -50.84085 -50.84085 -50.84085 -50.84085
 -41.21710 -41.21710 -41.21710 -41.21710 -41.21710
 -35.10528 -35.10528 -35.10528 -35.10528 -35.10528
 -31.23665 -31.23665 -31.23665 -31.23665 -31.23665
 -28.80081 -28.80081 -28.80081 -28.80081 -28.80081
 -27.28013 -27.28013 -27.28013 -27.28013 -27.28013
 -26.34399 -26.34399 -26.34399 -26.34399 -26.34399
 -25.78121 -25.78121 -25.78121 -25.78121 -25.78121
 -25.45692 -25.45692 -25.45692 -25.45692 -25.45692
 -25.28495 -25.28495 -25.28495 -25.28495 -25.28495
 -25.21028 -25.21028 -25.21028 -25.21028 -25.21028
 -25.19774 -25.19774 -25.19774 -25.19774 -25.19774
 -25.22491 -25.22491 -25.22491 -25.22491 -25.22491
 -25.27742 -25.27742 -25.27742 -25.27742 -25.27742
 -25.34613 -25.34613 -25.34613 -25.34613 -25.34613
 -25.42519 -25.42519 -25.42519 -25.42519 -25.42519
 -25.51085 -25.51085 -25.51085 -25.51085 -25.51085
 --------------------/ IGRD= 1  / IPRT= 0  /PLT     / Z1=49   / DATE= 10.10.14
 -74.00000 -74.00000 -74.00000 -74.00000 -74.00000
 -74.00000 -74.00000 -74.00000 -74.00000 -74.00000
 -66.06990 -66.06990 -66.06990 -66.06990 -66.06990
 -50.98276 -50.98276 -50.98276 -50.98276 -50.98276
 -41.38132 -41.38132 -41.38132 -41.38132 -41.38132
 -35.28376 -35.28376 -35.28376 -35.28376 -35.28376
 -31.42422 -31.42422 -31.42422 -31.42422 -31.42422
 -28.99419 -28.99419 -28.99419 -28.99419 -28.99419
 -27.47722 -27.47722 -27.47722 -27.47722 -27.47722
 -26.54346 -26.54346 -26.54346 -26.54346 -26.54346
 -25.98220 -25.98220 -25.98220 -25.98220 -25.98220
 -25.65887 -25.65887 -25.65887 -25.65887 -25.65887
 -25.48752 -25.48752 -25.48752 -25.48752 -25.48752
 -25.41324 -25.41324 -25.41324 -25.41324 -25.41324
 -25.40096 -25.40096 -25.40096 -25.40096 -25.40096
 -25.42828 -25.42828 -25.42828 -25.42828 -25.42828
 -25.48090 -25.48090 -25.48090 -25.48090 -25.48090
 -25.54968 -25.54968 -25.54968 -25.54968 -25.54968
 -25.62878 -25.62878 -25.62878 -25.62878 -25.62878
 -25.71446 -25.71446 -25.71446 -25.71446 -25.71446
 --------------------/ IGRD= 1  / IPRT= 0  /PLT     / Z1=50   / DATE= 10.10.14
 -74.00000 -74.00000 -74.00000 -74.00000 -74.00000
 -74.00000 -74.00000 -74.00000 -74.00000 -74.00000
 -64.73047 -64.73047 -64.73047 -64.73047 -64.73047
 -50.18629 -50.18629 -50.18629 -50.18629 -50.18629
 -40.93165 -40.93165 -40.93165 -40.93165 -40.93165
 -35.05560 -35.05560 -35.05560 -35.05560 -35.05560
 -31.33756 -31.33756 -31.33756 -31.33756 -31.33756
 -28.99790 -28.99790 -28.99790 -28.99790 -28.99790
 -27.53866 -27.53866 -27.53866 -27.53866 -27.53866
 -26.64176 -26.64176 -26.64176 -26.64176 -26.64176
 -26.10405 -26.10405 -26.10405 -26.10405 -26.10405
 -25.79577 -25.79577 -25.79577 -25.79577 -25.79577
 -25.63402 -25.63402 -25.63402 -25.63402 -25.63402
 -25.56588 -25.56588 -25.56588 -25.56588 -25.56588
 -25.55752 -25.55752 -25.55752 -25.55752 -25.55752
 -25.58735 -25.58735 -25.58735 -25.58735 -25.58735
 -25.64157 -25.64157 -25.64157 -25.64157 -25.64157
 -25.71136 -25.71136 -25.71136 -25.71136 -25.71136
 -25.79111 -25.79111 -25.79111 -25.79111 -25.79111
 -25.87722 -25.87722 -25.87722 -25.87722 -25.87722
 --------------------/ IGRD= 1  / IPRT= 0  /PLT     / Z1=51   / DATE= 10.10.14
 -66.24557 -66.24557 -66.24557 -66.24557 -66.24557
 -58.45692 -58.45692 -58.45692 -58.45692 -58.45692
 -53.51723 -53.51723 -53.51723 -53.51723 -53.51723
 -50.29955 -50.29955 -50.29955 -50.29955 -50.29955
 -41.47267 -41.47267 -41.47267 -41.47267 -41.47267
 -35.42547 -35.42547 -35.42547 -35.42547 -35.42547
 -31.59810 -31.59810 -31.59810 -31.59810 -31.59810
 -29.18862 -29.18862 -29.18862 -29.18862 -29.18862
 -27.68478 -27.68478 -27.68478 -27.68478 -27.68478
 -26.75939 -26.75939 -26.75939 -26.75939 -26.75939
 -26.20349 -26.20349 -26.20349 -26.20349 -26.20349
 -25.88358 -25.88358 -25.88358 -25.88358 -25.88358
 -25.71441 -25.71441 -25.71441 -25.71441 -25.71441
 -25.64153 -25.64153 -25.64153 -25.64153 -25.64153
 -25.63014 -25.63014 -25.63014 -25.63014 -25.63014
 -25.65803 -25.65803 -25.65803 -25.65803 -25.65803
 -25.71101 -25.71101 -25.71101 -25.71101 -25.71101
 -25.78002 -25.78002 -25.78002 -25.78002 -25.78002
 -25.85927 -25.85927 -25.85927 -25.85927 -25.85927
 -25.94505 -25.94505 -25.94505 -25.94505 -25.94505
 --------------------/ IGRD= 1  / IPRT= 0  /PLT     / Z1=52   / DATE= 10.10.14
 -66.71263 -66.71263 -66.71263 -66.71263 -66.71263
 -59.07092 -59.07092 -59.07092 -59.07092 -59.07092
 -54.22510 -54.22510 -54.22510 -54.22510 -54.22510
 -51.03830 -51.03830 -51.03830 -51.03830 -51.03830
 -41.90397 -41.90397 -41.90397 -41.90397 -41.90397
 -35.72373 -35.72373 -35.72373 -35.72373 -35.72373
 -31.81140 -31.81140 -31.81140 -31.81140 -31.81140
 -29.34764 -29.34764 -29.34764 -29.34764 -29.34764
 -27.80913 -27.80913 -27.80913 -27.80913 -27.80913
 -26.86160 -26.86160 -26.86160 -26.86160 -26.86160
 -26.29156 -26.29156 -26.29156 -26.29156 -26.29156
 -25.96262 -25.96262 -25.96262 -25.96262 -25.96262
 -25.78768 -25.78768 -25.78768 -25.78768 -25.78768
 -25.71111 -25.71111 -25.71111 -25.71111 -25.71111
 -25.69737 -25.69737 -25.69737 -25.69737 -25.69737
 -25.72375 -25.72375 -25.72375 -25.72375 -25.72375
 -25.77578 -25.77578 -25.77578 -25.77578 -25.77578
 -25.84417 -25.84417 -25.84417 -25.84417 -25.84417
 -25.92302 -25.92302 -25.92302 -25.92302 -25.92302
 -26.00855 -26.00855 -26.00855 -26.00855 -26.00855
 --------------------/ IGRD= 1  / IPRT= 0  /PLT     / Z1=53   / DATE= 10.10.14
 -74.00000 -74.00000 -74.00000 -74.00000 -74.00000
 -67.95166 -67.95166 -67.95166 -67.95166 -67.95166
 -63.96716 -63.96716 -63.96716 -63.96716 -63.96716
 -52.16849 -52.16849 -52.16849 -52.16849 -52.16849
 -42.26498 -42.26498 -42.26498 -42.26498 -42.26498
 -35.97447 -35.97447 -35.97447 -35.97447 -35.97447
 -31.99171 -31.99171 -31.99171 -31.99171 -31.99171
 -29.48296 -29.48296 -29.48296 -29.48296 -29.48296
 -27.91572 -27.91572 -27.91572 -27.91572 -27.91572
 -26.94984 -26.94984 -26.94984 -26.94984 -26.94984
 -26.36807 -26.36807 -26.36807 -26.36807 -26.36807
 -26.03164 -26.03164 -26.03164 -26.03164 -26.03164
 -25.85192 -25.85192 -25.85192 -25.85192 -25.85192
 -25.77229 -25.77229 -25.77229 -25.77229 -25.77229
 -25.75660 -25.75660 -25.75660 -25.75660 -25.75660
 -25.78174 -25.78174 -25.78174 -25.78174 -25.78174
 -25.83297 -25.83297 -25.83297 -25.83297 -25.83297
 -25.90085 -25.90085 -25.90085 -25.90085 -25.90085
 -25.97938 -25.97938 -25.97938 -25.97938 -25.97938
 -26.06470 -26.06470 -26.06470 -26.06470 -26.06470
 --------------------/ IGRD= 1  / IPRT= 0  /PLT     / Z1=54   / DATE= 10.10.14
 -61.71294 -61.71294 -61.71294 -61.71294 -61.71294
 -51.66458 -51.66458 -51.66458 -51.66458 -51.66458
 -45.28156 -45.28156 -45.28156 -45.28156 -45.28156
 -41.23970 -41.23970 -41.23970 -41.23970 -41.23970
 -38.69321 -38.69321 -38.69321 -38.69321 -38.69321
 -36.86548 -36.86548 -36.86548 -36.86548 -36.86548
 -32.77539 -32.77539 -32.77539 -32.77539 -32.77539
 -29.95760 -29.95760 -29.95760 -29.95760 -29.95760
 -28.19283 -28.19283 -28.19283 -28.19283 -28.19283
 -27.10079 -27.10079 -27.10079 -27.10079 -27.10079
 -26.43843 -26.43843 -26.43843 -26.43843 -26.43843
 -26.05053 -26.05053 -26.05053 -26.05053 -26.05053
 -25.83794 -25.83794 -25.83794 -25.83794 -25.83794
 -25.73731 -25.73731 -25.73731 -25.73731 -25.73731
 -25.70821 -25.70821 -25.70821 -25.70821 -25.70821
 -25.72478 -25.72478 -25.72478 -25.72478 -25.72478
 -25.77054 -25.77054 -25.77054 -25.77054 -25.77054
 -25.83493 -25.83493 -25.83493 -25.83493 -25.83493
 -25.91122 -25.91122 -25.91122 -25.91122 -25.91122
 -25.99512 -25.99512 -25.99512 -25.99512 -25.99512
 --------------------/ IGRD= 1  / IPRT= 0  /PLT     / Z1=55   / DATE= 10.10.14
 -61.39722 -61.39722 -61.39722 -61.39722 -61.39722
 -51.49517 -51.49517 -51.49517 -51.49517 -51.49517
 -45.20560 -45.20560 -45.20560 -45.20560 -45.20560
 -41.22342 -41.22342 -41.22342 -41.22342 -41.22342
 -38.71506 -38.71506 -38.71506 -38.71506 -38.71506
 -37.01715 -37.01715 -37.01715 -37.01715 -37.01715
 -33.03106 -33.03106 -33.03106 -33.03106 -33.03106
 -30.14728 -30.14728 -30.14728 -30.14728 -30.14728
 -28.34029 -28.34029 -28.34029 -28.34029 -28.34029
 -27.22127 -27.22127 -27.22127 -27.22127 -27.22127
 -26.54169 -26.54169 -26.54169 -26.54169 -26.54169
 -26.14279 -26.14279 -26.14279 -26.14279 -26.14279
 -25.92317 -25.92317 -25.92317 -25.92317 -25.92317
 -25.81805 -25.81805 -25.81805 -25.81805 -25.81805
 -25.78608 -25.78608 -25.78608 -25.78608 -25.78608
 -25.80083 -25.80083 -25.80083 -25.80083 -25.80083
 -25.84541 -25.84541 -25.84541 -25.84541 -25.84541
 -25.90905 -25.90905 -25.90905 -25.90905 -25.90905
 -25.98487 -25.98487 -25.98487 -25.98487 -25.98487
 -26.06846 -26.06846 -26.06846 -26.06846 -26.06846
 --------------------/ IGRD= 1  / IPRT= 0  /PLT     / Z1=56   / DATE= 10.10.14
 -61.07812 -61.07812 -61.07812 -61.07812 -61.07812
 -51.32991 -51.32991 -51.32991 -51.32991 -51.32991
 -45.13860 -45.13860 -45.13860 -45.13860 -45.13860
 -41.21919 -41.21919 -41.21919 -41.21919 -41.21919
 -38.75091 -38.75091 -38.75091 -38.75091 -38.75091
 -37.18243 -37.18243 -37.18243 -37.18243 -37.18243
 -33.51330 -33.51330 -33.51330 -33.51330 -33.51330
 -30.42782 -30.42782 -30.42782 -30.42782 -30.42782
 -28.49170 -28.49170 -28.49170 -28.49170 -28.49170
 -27.29020 -27.29020 -27.29020 -27.29020 -27.29020
 -26.55794 -26.55794 -26.55794 -26.55794 -26.55794
 -26.12539 -26.12539 -26.12539 -26.12539 -26.12539
 -25.88427 -25.88427 -25.88427 -25.88427 -25.88427
 -25.76543 -25.76543 -25.76543 -25.76543 -25.76543
 -25.72469 -25.72469 -25.72469 -25.72469 -25.72469
 -25.73383 -25.73383 -25.73383 -25.73383 -25.73383
 -25.77484 -25.77484 -25.77484 -25.77484 -25.77484
 -25.83620 -25.83620 -25.83620 -25.83620 -25.83620
 -25.91055 -25.91055 -25.91055 -25.91055 -25.91055
 -25.99322 -25.99322 -25.99322 -25.99322 -25.99322
 --------------------/ IGRD= 1  / IPRT= 0  /PLT     / Z1=57   / DATE= 10.10.14
 -61.10030 -61.10030 -61.10030 -61.10030 -61.10030
 -51.50632 -51.50632 -51.50632 -51.50632 -51.50632
 -45.41352 -45.41352 -45.41352 -45.41352 -45.41352
 -41.55703 -41.55703 -41.55703 -41.55703 -41.55703
 -39.12894 -39.12894 -39.12894 -39.12894 -39.12894
 -37.60919 -37.60919 -37.60919 -37.60919 -37.60919
 -34.25315 -34.25315 -34.25315 -34.25315 -34.25315
 -30.84768 -30.84768 -30.84768 -30.84768 -30.84768
 -28.70663 -28.70663 -28.70663 -28.70663 -28.70663
 -27.37424 -27.37424 -27.37424 -27.37424 -27.37424
 -26.55838 -26.55838 -26.55838 -26.55838 -26.55838
 -26.07242 -26.07242 -26.07242 -26.07242 -26.07242
 -25.79720 -25.79720 -25.79720 -25.79720 -25.79720
 -25.65657 -25.65657 -25.65657 -25.65657 -25.65657
 -25.60191 -25.60191 -25.60191 -25.60191 -25.60191
 -25.60216 -25.60216 -25.60216 -25.60216 -25.60216
 -25.63749 -25.63749 -25.63749 -25.63749 -25.63749
 -25.69523 -25.69523 -25.69523 -25.69523 -25.69523
 -25.76727 -25.76727 -25.76727 -25.76727 -25.76727
 -25.84845 -25.84845 -25.84845 -25.84845 -25.84845
 --------------------/ IGRD= 1  / IPRT= 0  /PLT     / Z1=58   / DATE= 10.10.14
 -61.16395 -61.16395 -61.16395 -61.16395 -61.16395
 -51.66298 -51.66298 -51.66298 -51.66298 -51.66298
 -45.62959 -45.62959 -45.62959 -45.62959 -45.62959
 -41.81105 -41.81105 -41.81105 -41.81105 -41.81105
 -39.40719 -39.40719 -39.40719 -39.40719 -39.40719
 -37.88517 -37.88517 -37.88517 -37.88517 -37.88517
 -33.87693 -33.87693 -33.87693 -33.87693 -33.87693
 -30.51531 -30.51531 -30.51531 -30.51531 -30.51531
 -28.40309 -28.40309 -28.40309 -28.40309 -28.40309
 -27.08912 -27.08912 -27.08912 -27.08912 -27.08912
 -26.28501 -26.28501 -26.28501 -26.28501 -26.28501
 -25.80657 -25.80657 -25.80657 -25.80657 -25.80657
 -25.53614 -25.53614 -25.53614 -25.53614 -25.53614
 -25.39858 -25.39858 -25.39858 -25.39858 -25.39858
 -25.34588 -25.34588 -25.34588 -25.34588 -25.34588
 -25.34739 -25.34739 -25.34739 -25.34739 -25.34739
 -25.38351 -25.38351 -25.38351 -25.38351 -25.38351
 -25.44176 -25.44176 -25.44176 -25.44176 -25.44176
 -25.51412 -25.51412 -25.51412 -25.51412 -25.51412
 -25.59551 -25.59551 -25.59551 -25.59551 -25.59551
 --------------------/ IGRD= 1  / IPRT= 0  /PLT     / Z1=59   / DATE= 10.10.14
 -61.50231 -61.50231 -61.50231 -61.50231 -61.50231
 -52.00123 -52.00123 -52.00123 -52.00123 -52.00123
 -45.96297 -45.96297 -45.96297 -45.96297 -45.96297
 -42.14087 -42.14087 -42.14087 -42.14087 -42.14087
 -39.73467 -39.73467 -39.73467 -39.73467 -39.73467
 -38.20933 -38.20933 -38.20933 -38.20933 -38.20933
 -34.01911 -34.01911 -34.01911 -34.01911 -34.01911
 -30.56251 -30.56251 -30.56251 -30.56251 -30.56251
 -28.38970 -28.38970 -28.38970 -28.38970 -28.38970
 -27.03703 -27.03703 -27.03703 -27.03703 -27.03703
 -26.20820 -26.20820 -26.20820 -26.20820 -26.20820
 -25.71397 -25.71397 -25.71397 -25.71397 -25.71397
 -25.43346 -25.43346 -25.43346 -25.43346 -25.43346
 -25.28945 -25.28945 -25.28945 -25.28945 -25.28945
 -25.23264 -25.23264 -25.23264 -25.23264 -25.23264
 -25.23152 -25.23152 -25.23152 -25.23152 -25.23152
 -25.26597 -25.26597 -25.26597 -25.26597 -25.26597
 -25.32314 -25.32314 -25.32314 -25.32314 -25.32314
 -25.39482 -25.39482 -25.39482 -25.39482 -25.39482
 -25.47577 -25.47577 -25.47577 -25.47577 -25.47577
 --------------------/ IGRD= 1  / IPRT= 0  /PLT     / Z1=60   / DATE= 10.10.14
 -60.96344 -60.96344 -60.96344 -60.96344 -60.96344
 -51.54017 -51.54017 -51.54017 -51.54017 -51.54017
 -45.55336 -45.55336 -45.55336 -45.55336 -45.55336
 -41.76431 -41.76431 -41.76431 -41.76431 -41.76431
 -39.37926 -39.37926 -39.37926 -39.37926 -39.37926
 -37.89048 -37.89048 -37.89048 -37.89048 -37.89048
 -35.13384 -35.13384 -35.13384 -35.13384 -35.13384
 -31.56041 -31.56041 -31.56041 -31.56041 -31.56041
 -29.30911 -29.30911 -29.30911 -29.30911 -29.30911
 -27.90630 -27.90630 -27.90630 -27.90630 -27.90630
 -27.04544 -27.04544 -27.04544 -27.04544 -27.04544
 -26.53076 -26.53076 -26.53076 -26.53076 -26.53076
 -26.23718 -26.23718 -26.23718 -26.23718 -26.23718
 -26.08483 -26.08483 -26.08483 -26.08483 -26.08483
 -26.02268 -26.02268 -26.02268 -26.02268 -26.02268
 -26.01816 -26.01816 -26.01816 -26.01816 -26.01816
 -26.05043 -26.05043 -26.05043 -26.05043 -26.05043
 -26.10621 -26.10621 -26.10621 -26.10621 -26.10621
 -26.17701 -26.17701 -26.17701 -26.17701 -26.17701
 -26.25739 -26.25739 -26.25739 -26.25739 -26.25739
 --------------------/ IGRD= 1  / IPRT= 0  /PLT     / Z1=61   / DATE= 10.10.14
 -60.99367 -60.99367 -60.99367 -60.99367 -60.99367
 -51.79580 -51.79580 -51.79580 -51.79580 -51.79580
 -45.95602 -45.95602 -45.95602 -45.95602 -45.95602
 -42.26114 -42.26114 -42.26114 -42.26114 -42.26114
 -39.93627 -39.93627 -39.93627 -39.93627 -39.93627
 -38.48628 -38.48628 -38.48628 -38.48628 -38.48628
 -35.73735 -35.73735 -35.73735 -35.73735 -35.73735
 -31.89532 -31.89532 -31.89532 -31.89532 -31.89532
 -29.47260 -29.47260 -29.47260 -29.47260 -29.47260
 -27.96030 -27.96030 -27.96030 -27.96030 -27.96030
 -27.02952 -27.02952 -27.02952 -27.02952 -27.02952
 -26.47016 -26.47016 -26.47016 -26.47016 -26.47016
 -26.14805 -26.14805 -26.14805 -26.14805 -26.14805
 -25.97748 -25.97748 -25.97748 -25.97748 -25.97748
 -25.90369 -25.90369 -25.90369 -25.90369 -25.90369
 -25.89173 -25.89173 -25.89173 -25.89173 -25.89173
 -25.91926 -25.91926 -25.91926 -25.91926 -25.91926
 -25.97201 -25.97201 -25.97201 -25.97201 -25.97201
 -26.04087 -26.04087 -26.04087 -26.04087 -26.04087
 -26.12001 -26.12001 -26.12001 -26.12001 -26.12001
 --------------------/ IGRD= 1  / IPRT= 0  /PLT     / Z1=62   / DATE= 10.10.14
 -61.41107 -61.41107 -61.41107 -61.41107 -61.41107
 -52.54255 -52.54255 -52.54255 -52.54255 -52.54255
 -46.91312 -46.91312 -46.91312 -46.91312 -46.91312
 -43.35260 -43.35260 -43.35260 -43.35260 -43.35260
 -41.11356 -41.11356 -41.11356 -41.11356 -41.11356
 -39.71760 -39.71760 -39.71760 -39.71760 -39.71760
 -36.18550 -36.18550 -36.18550 -36.18550 -36.18550
 -32.27656 -32.27656 -32.27656 -32.27656 -32.27656
 -29.81439 -29.81439 -29.81439 -29.81439 -29.81439
 -28.27689 -28.27689 -28.27689 -28.27689 -28.27689
 -27.33001 -27.33001 -27.33001 -27.33001 -27.33001
 -26.76038 -26.76038 -26.76038 -26.76038 -26.76038
 -26.43170 -26.43170 -26.43170 -26.43170 -26.43170
 -26.25693 -26.25693 -26.25693 -26.25693 -26.25693
 -26.18047 -26.18047 -26.18047 -26.18047 -26.18047
 -26.16680 -26.16680 -26.16680 -26.16680 -26.16680
 -26.19323 -26.19323 -26.19323 -26.19323 -26.19323
 -26.24528 -26.24528 -26.24528 -26.24528 -26.24528
 -26.31369 -26.31369 -26.31369 -26.31369 -26.31369
 -26.39256 -26.39256 -26.39256 -26.39256 -26.39256
 --------------------/ IGRD= 1  / IPRT= 0  /PLT     / Z1=63   / DATE= 10.10.14
 -62.37837 -62.37837 -62.37837 -62.37837 -62.37837
 -53.97639 -53.97639 -53.97639 -53.97639 -53.97639
 -48.64495 -48.64495 -48.64495 -48.64495 -48.64495
 -45.27477 -45.27477 -45.27477 -45.27477 -45.27477
 -43.15730 -43.15730 -43.15730 -43.15730 -43.15730
 -41.83998 -41.83998 -41.83998 -41.83998 -41.83998
 -41.03373 -41.03373 -41.03373 -41.03373 -41.03373
 -40.54196 -40.54196 -40.54196 -40.54196 -40.54196
 -35.88861 -35.88861 -35.88861 -35.88861 -35.88861
 -31.95126 -31.95126 -31.95126 -31.95126 -31.95126
 -29.47152 -29.47152 -29.47152 -29.47152 -29.47152
 -27.92279 -27.92279 -27.92279 -27.92279 -27.92279
 -26.96875 -26.96875 -26.96875 -26.96875 -26.96875
 -26.39453 -26.39453 -26.39453 -26.39453 -26.39453
 -26.06293 -26.06293 -26.06293 -26.06293 -26.06293
 -25.88629 -25.88629 -25.88629 -25.88629 -25.88629
 -25.80864 -25.80864 -25.80864 -25.80864 -25.80864
 -25.79420 -25.79420 -25.79420 -25.79420 -25.79420
 -25.82015 -25.82015 -25.82015 -25.82015 -25.82015
 -25.87189 -25.87189 -25.87189 -25.87189 -25.87189
 --------------------/ IGRD= 1  / IPRT= 0  /PLT     / Z1=64   / DATE= 10.10.14
 -62.76789 -62.76789 -62.76789 -62.76789 -62.76789
 -54.44355 -54.44355 -54.44355 -54.44355 -54.44355
 -49.16171 -49.16171 -49.16171 -49.16171 -49.16171
 -45.82321 -45.82321 -45.82321 -45.82321 -45.82321
 -43.72597 -43.72597 -43.72597 -43.72597 -43.72597
 -42.42157 -42.42157 -42.42157 -42.42157 -42.42157
 -41.62358 -41.62358 -41.62358 -41.62358 -41.62358
 -41.14667 -41.14667 -41.14667 -41.14667 -41.14667
 -36.75646 -36.75646 -36.75646 -36.75646 -36.75646
 -32.54179 -32.54179 -32.54179 -32.54179 -32.54179
 -29.88490 -29.88490 -29.88490 -29.88490 -29.88490
 -28.22303 -28.22303 -28.22303 -28.22303 -28.22303
 -27.19671 -27.19671 -27.19671 -27.19671 -27.19671
 -26.57634 -26.57634 -26.57634 -26.57634 -26.57634
 -26.21525 -26.21525 -26.21525 -26.21525 -26.21525
 -26.01978 -26.01978 -26.01978 -26.01978 -26.01978
 -25.93010 -25.93010 -25.93010 -25.93010 -25.93010
 -25.90798 -25.90798 -25.90798 -25.90798 -25.90798
 -25.92902 -25.92902 -25.92902 -25.92902 -25.92902
 -25.97762 -25.97762 -25.97762 -25.97762 -25.97762
 --------------------/ IGRD= 1  / IPRT= 0  /PLT     / Z1=65   / DATE= 10.10.14
 -74.00000 -74.00000 -74.00000 -74.00000 -74.00000
 -74.00000 -74.00000 -74.00000 -74.00000 -74.00000
 -74.00000 -74.00000 -74.00000 -74.00000 -74.00000
 -74.00000 -74.00000 -74.00000 -74.00000 -74.00000
 -74.00000 -74.00000 -74.00000 -74.00000 -74.00000
 -66.61020 -66.61020 -66.61020 -66.61020 -66.61020
 -51.61578 -51.61578 -51.61578 -51.61578 -51.61578
 -42.07295 -42.07295 -42.07295 -42.07295 -42.07295
 -36.00828 -36.00828 -36.00828 -36.00828 -36.00828
 -32.15625 -32.15625 -32.15625 -32.15625 -32.15625
 -29.70911 -29.70911 -29.70911 -29.70911 -29.70911
 -28.15705 -28.15705 -28.15705 -28.15705 -28.15705
 -27.18006 -27.18006 -27.18006 -27.18006 -27.18006
 -26.57651 -26.57651 -26.57651 -26.57651 -26.57651
 -26.21744 -26.21744 -26.21744 -26.21744 -26.21744
 -26.01874 -26.01874 -26.01874 -26.01874 -26.01874
 -25.92486 -25.92486 -25.92486 -25.92486 -25.92486
 -25.89910 -25.89910 -25.89910 -25.89910 -25.89910
 -25.91740 -25.91740 -25.91740 -25.91740 -25.91740
 -25.96408 -25.96408 -25.96408 -25.96408 -25.96408
 --------------------/ IGRD= 1  / IPRT= 0  /PLT     / Z1=66   / DATE= 10.10.14
 -74.00000 -74.00000 -74.00000 -74.00000 -74.00000
 -74.00000 -74.00000 -74.00000 -74.00000 -74.00000
 -59.20596 -59.20596 -59.20596 -59.20596 -59.20596
 -47.18897 -47.18897 -47.18897 -47.18897 -47.18897
 -39.54852 -39.54852 -39.54852 -39.54852 -39.54852
 -34.70350 -34.70350 -34.70350 -34.70350 -34.70350
 -31.64401 -31.64401 -31.64401 -31.64401 -31.64401
 -29.72499 -29.72499 -29.72499 -29.72499 -29.72499
 -28.53441 -28.53441 -28.53441 -28.53441 -28.53441
 -27.80912 -27.80912 -27.80912 -27.80912 -27.80912
 -27.38051 -27.38051 -27.38051 -27.38051 -27.38051
 -27.12548 -27.12548 -27.12548 -27.12548 -27.12548
 -26.88365 -26.88365 -26.88365 -26.88365 -26.88365
 -26.56555 -26.56555 -26.56555 -26.56555 -26.56555
 -26.28848 -26.28848 -26.28848 -26.28848 -26.28848
 -26.11436 -26.11436 -26.11436 -26.11436 -26.11436
 -26.02955 -26.02955 -26.02955 -26.02955 -26.02955
 -26.00795 -26.00795 -26.00795 -26.00795 -26.00795
 -26.02847 -26.02847 -26.02847 -26.02847 -26.02847
 -26.07643 -26.07643 -26.07643 -26.07643 -26.07643
 --------------------/ IGRD= 1  / IPRT= 0  /PLT     / Z1=67   / DATE= 10.10.14
 -74.00000 -74.00000 -74.00000 -74.00000 -74.00000
 -74.00000 -74.00000 -74.00000 -74.00000 -74.00000
 -58.55338 -58.55338 -58.55338 -58.55338 -58.55338
 -46.67934 -46.67934 -46.67934 -46.67934 -46.67934
 -39.13020 -39.13020 -39.13020 -39.13020 -39.13020
 -34.34350 -34.34350 -34.34350 -34.34350 -34.34350
 -31.32126 -31.32126 -31.32126 -31.32126 -31.32126
 -29.42603 -29.42603 -29.42603 -29.42603 -29.42603
 -28.25066 -28.25066 -28.25066 -28.25066 -28.25066
 -27.53508 -27.53508 -27.53508 -27.53508 -27.53508
 -27.11304 -27.11304 -27.11304 -27.11304 -27.11304
 -26.87337 -26.87337 -26.87337 -26.87337 -26.87337
 -26.71054 -26.71054 -26.71054 -26.71054 -26.71054
 -26.52586 -26.52586 -26.52586 -26.52586 -26.52586
 -26.33553 -26.33553 -26.33553 -26.33553 -26.33553
 -26.19988 -26.19988 -26.19988 -26.19988 -26.19988
 -26.13158 -26.13158 -26.13158 -26.13158 -26.13158
 -26.11757 -26.11757 -26.11757 -26.11757 -26.11757
 -26.14187 -26.14187 -26.14187 -26.14187 -26.14187
 -26.19187 -26.19187 -26.19187 -26.19187 -26.19187
 --------------------/ IGRD= 1  / IPRT= 0  /PLT     / Z1=68   / DATE= 10.10.14
 -74.00000 -74.00000 -74.00000 -74.00000 -74.00000
 -74.00000 -74.00000 -74.00000 -74.00000 -74.00000
 -57.97444 -57.97444 -57.97444 -57.97444 -57.97444
 -46.26584 -46.26584 -46.26584 -46.26584 -46.26584
 -38.82237 -38.82237 -38.82237 -38.82237 -38.82237
 -34.10316 -34.10316 -34.10316 -34.10316 -34.10316
 -31.12403 -31.12403 -31.12403 -31.12403 -31.12403
 -29.25634 -29.25634 -29.25634 -29.25634 -29.25634
 -28.09855 -28.09855 -28.09855 -28.09855 -28.09855
 -27.39421 -27.39421 -27.39421 -27.39421 -27.39421
 -26.97944 -26.97944 -26.97944 -26.97944 -26.97944
 -26.74768 -26.74768 -26.74768 -26.74768 -26.74768
 -26.61430 -26.61430 -26.61430 -26.61430 -26.61430
 -26.49704 -26.49704 -26.49704 -26.49704 -26.49704
 -26.37137 -26.37137 -26.37137 -26.37137 -26.37137
 -26.27231 -26.27231 -26.27231 -26.27231 -26.27231
 -26.22140 -26.22140 -26.22140 -26.22140 -26.22140
 -26.21561 -26.21561 -26.21561 -26.21561 -26.21561
 -26.24399 -26.24399 -26.24399 -26.24399 -26.24399
 -26.29614 -26.29614 -26.29614 -26.29614 -26.29614
 --------------------/ IGRD= 1  / IPRT= 0  /PLT     / Z1=69   / DATE= 10.10.14
 -74.00000 -74.00000 -74.00000 -74.00000 -74.00000
 -74.00000 -74.00000 -74.00000 -74.00000 -74.00000
 -57.45103 -57.45103 -57.45103 -57.45103 -57.45103
 -45.90888 -45.90888 -45.90888 -45.90888 -45.90888
 -38.57172 -38.57172 -38.57172 -38.57172 -38.57172
 -33.92043 -33.92043 -33.92043 -33.92043 -33.92043
 -30.98468 -30.98468 -30.98468 -30.98468 -30.98468
 -29.14469 -29.14469 -29.14469 -29.14469 -29.14469
 -28.00460 -28.00460 -28.00460 -28.00460 -28.00460
 -27.31155 -27.31155 -27.31155 -27.31155 -27.31155
 -26.90404 -26.90404 -26.90404 -26.90404 -26.90404
 -26.67807 -26.67807 -26.67807 -26.67807 -26.67807
 -26.55808 -26.55808 -26.55808 -26.55808 -26.55808
 -26.47288 -26.47288 -26.47288 -26.47288 -26.47288
 -26.38371 -26.38371 -26.38371 -26.38371 -26.38371
 -26.30751 -26.30751 -26.30751 -26.30751 -26.30751
 -26.26715 -26.26715 -26.26715 -26.26715 -26.26715
 -26.26571 -26.26571 -26.26571 -26.26571 -26.26571
 -26.29581 -26.29581 -26.29581 -26.29581 -26.29581
 -26.34862 -26.34862 -26.34862 -26.34862 -26.34862
 --------------------/ IGRD= 1  / IPRT= 0  /PLT     / Z1=70   / DATE= 10.10.14
 -74.00000 -74.00000 -74.00000 -74.00000 -74.00000
 -74.00000 -74.00000 -74.00000 -74.00000 -74.00000
 -74.00000 -74.00000 -74.00000 -74.00000 -74.00000
 -74.00000 -74.00000 -74.00000 -74.00000 -74.00000
 -74.00000 -74.00000 -74.00000 -74.00000 -74.00000
 -74.00000 -74.00000 -74.00000 -74.00000 -74.00000
 -56.78902 -56.78902 -56.78902 -56.78902 -56.78902
 -45.26444 -45.26444 -45.26444 -45.26444 -45.26444
 -37.93851 -37.93851 -37.93851 -37.93851 -37.93851
 -33.29439 -33.29439 -33.29439 -33.29439 -33.29439
 -30.36321 -30.36321 -30.36321 -30.36321 -30.36321
 -28.52615 -28.52615 -28.52615 -28.52615 -28.52615
 -27.38793 -27.38793 -27.38793 -27.38793 -27.38793
 -26.69608 -26.69608 -26.69608 -26.69608 -26.69608
 -26.28934 -26.28934 -26.28934 -26.28934 -26.28934
 -26.06471 -26.06471 -26.06471 -26.06471 -26.06471
 -25.95640 -25.95640 -25.95640 -25.95640 -25.95640
 -25.92238 -25.92238 -25.92238 -25.92238 -25.92238
 -25.93582 -25.93582 -25.93582 -25.93582 -25.93582
 -25.97957 -25.97957 -25.97957 -25.97957 -25.97957
 --------------------/ IGRD= 1  / IPRT= 0  /PLT     / Z1=71   / DATE= 10.10.14
 -74.00000 -74.00000 -74.00000 -74.00000 -74.00000
 -74.00000 -74.00000 -74.00000 -74.00000 -74.00000
 -74.00000 -74.00000 -74.00000 -74.00000 -74.00000
 -74.00000 -74.00000 -74.00000 -74.00000 -74.00000
 -74.00000 -74.00000 -74.00000 -74.00000 -74.00000
 -72.24729 -72.24729 -72.24729 -72.24729 -72.24729
 -55.14032 -55.14032 -55.14032 -55.14032 -55.14032
 -44.24875 -44.24875 -44.24875 -44.24875 -44.24875
 -37.32714 -37.32714 -37.32714 -37.32714 -37.32714
 -32.94127 -32.94127 -32.94127 -32.94127 -32.94127
 -30.17505 -30.17505 -30.17505 -30.17505 -30.17505
 -28.44334 -28.44334 -28.44334 -28.44334 -28.44334
 -27.37242 -27.37242 -27.37242 -27.37242 -27.37242
 -26.72355 -26.72355 -26.72355 -26.72355 -26.72355
 -26.34427 -26.34427 -26.34427 -26.34427 -26.34427
 -26.13718 -26.13718 -26.13718 -26.13718 -26.13718
 -26.04007 -26.04007 -26.04007 -26.04007 -26.04007
 -26.01321 -26.01321 -26.01321 -26.01321 -26.01321
 -26.03122 -26.03122 -26.03122 -26.03122 -26.03122
 -26.07789 -26.07789 -26.07789 -26.07789 -26.07789
 --------------------/ IGRD= 1  / IPRT= 0  /PLT     / Z1=72   / DATE= 10.10.14
 -74.00000 -74.00000 -74.00000 -74.00000 -74.00000
 -74.00000 -74.00000 -74.00000 -74.00000 -74.00000
 -74.00000 -74.00000 -74.00000 -74.00000 -74.00000
 -74.00000 -74.00000 -74.00000 -74.00000 -74.00000
 -74.00000 -74.00000 -74.00000 -74.00000 -74.00000
 -74.00000 -74.00000 -74.00000 -74.00000 -74.00000
 -74.00000 -74.00000 -74.00000 -74.00000 -74.00000
 -74.00000 -74.00000 -74.00000 -74.00000 -74.00000
 -74.00000 -74.00000 -74.00000 -74.00000 -74.00000
 -57.87721 -57.87721 -57.87721 -57.87721 -57.87721
 -46.39154 -46.39154 -46.39154 -46.39154 -46.39154
 -39.09047 -39.09047 -39.09047 -39.09047 -39.09047
 -34.46223 -34.46223 -34.46223 -34.46223 -34.46223
 -31.54119 -31.54119 -31.54119 -31.54119 -31.54119
 -29.71061 -29.71061 -29.71061 -29.71061 -29.71061
 -28.57652 -28.57652 -28.57652 -28.57652 -28.57652
 -27.88732 -27.88732 -27.88732 -27.88732 -27.88732
 -27.48227 -27.48227 -27.48227 -27.48227 -27.48227
 -27.25871 -27.25871 -27.25871 -27.25871 -27.25871
 -27.15109 -27.15109 -27.15109 -27.15109 -27.15109
 --------------------/ IGRD= 1  / IPRT= 0  /PLT     / Z1=73   / DATE= 10.10.14
 -74.00000 -74.00000 -74.00000 -74.00000 -74.00000
 -74.00000 -74.00000 -74.00000 -74.00000 -74.00000
 -74.00000 -74.00000 -74.00000 -74.00000 -74.00000
 -74.00000 -74.00000 -74.00000 -74.00000 -74.00000
 -74.00000 -74.00000 -74.00000 -74.00000 -74.00000
 -74.00000 -74.00000 -74.00000 -74.00000 -74.00000
 -74.00000 -74.00000 -74.00000 -74.00000 -74.00000
 -74.00000 -74.00000 -74.00000 -74.00000 -74.00000
 -74.00000 -74.00000 -74.00000 -74.00000 -74.00000
 -73.33788 -73.33788 -73.33788 -73.33788 -73.33788
 -56.71462 -56.71462 -56.71462 -56.71462 -56.71462
 -46.13196 -46.13196 -46.13196 -46.13196 -46.13196
 -39.40691 -39.40691 -39.40691 -39.40691 -39.40691
 -35.14273 -35.14273 -35.14273 -35.14273 -35.14273
 -32.44506 -32.44506 -32.44506 -32.44506 -32.44506
 -30.74490 -30.74490 -30.74490 -30.74490 -30.74490
 -29.68346 -29.68346 -29.68346 -29.68346 -29.68346
 -29.03376 -29.03376 -29.03376 -29.03376 -29.03376
 -28.65024 -28.65024 -28.65024 -28.65024 -28.65024
 -28.43866 -28.43866 -28.43866 -28.43866 -28.43866
 --------------------/ IGRD= 1  / IPRT= 0  /PLT     / Z1=74   / DATE= 10.10.14
 -74.00000 -74.00000 -74.00000 -74.00000 -74.00000
 -74.00000 -74.00000 -74.00000 -74.00000 -74.00000
 -74.00000 -74.00000 -74.00000 -74.00000 -74.00000
 -74.00000 -74.00000 -74.00000 -74.00000 -74.00000
 -74.00000 -74.00000 -74.00000 -74.00000 -74.00000
 -74.00000 -74.00000 -74.00000 -74.00000 -74.00000
 -74.00000 -74.00000 -74.00000 -74.00000 -74.00000
 -74.00000 -74.00000 -74.00000 -74.00000 -74.00000
 -74.00000 -74.00000 -74.00000 -74.00000 -74.00000
 -74.00000 -74.00000 -74.00000 -74.00000 -74.00000
 -57.43583 -57.43583 -57.43583 -57.43583 -57.43583
 -46.70016 -46.70016 -46.70016 -46.70016 -46.70016
 -39.87748 -39.87748 -39.87748 -39.87748 -39.87748
 -35.55131 -35.55131 -35.55131 -35.55131 -35.55131
 -32.81460 -32.81460 -32.81460 -32.81460 -32.81460
 -31.08995 -31.08995 -31.08995 -31.08995 -31.08995
 -30.01305 -30.01305 -30.01305 -30.01305 -30.01305
 -29.35349 -29.35349 -29.35349 -29.35349 -29.35349
 -28.96364 -28.96364 -28.96364 -28.96364 -28.96364
 -28.74801 -28.74801 -28.74801 -28.74801 -28.74801
C-------------------------------------------------------------------------------
C
C  Generate total line power from : 
C     /home/mog/adas/adf03/adam_w_Mar08.dat
C  with filter : filter_50_cmod.dat                   
C
C
C  CODE     : ADAS408
C  PRODUCER : Martin O'Mullane              
C  DATE     : 10.10.14
C
C-------------------------------------------------------------------------------
