   74    5   20    1   74     /TUNGSTEN           /ABELS-VAN MAANEN 1985   ADF11
 -------------------------------------------------------------------------------
  11.00000  12.00000  13.00000  14.00000  15.00000
   1.00000   1.19468   1.38937   1.58405   1.77873   1.97341   2.16810   2.36278
   2.55746   2.75214   2.94683   3.14151   3.33619   3.53087   3.72556   3.92024
   4.11492   4.30960   4.50429   4.69897
 --------------------/ IPRT= 1  / IGRD= 1  /PRB CALC/ Z1= 1   / DATE= 10.10.14
 -74.00000 -74.00000 -74.00000 -74.00000 -74.00000
 -56.87361 -56.87491 -56.87491 -56.87491 -56.87491
 -49.00015 -49.00104 -49.00104 -49.00104 -49.00104
 -43.56177 -43.56237 -43.56237 -43.56237 -43.56237
 -39.69581 -39.69620 -39.69620 -39.69620 -39.69620
 -36.92670 -36.92713 -36.92713 -36.92713 -36.92713
 -34.94240 -34.94268 -34.94268 -34.94268 -34.94268
 -33.51571 -33.51589 -33.51589 -33.51589 -33.51589
 -32.48704 -32.48716 -32.48716 -32.48716 -32.48716
 -31.74141 -31.74144 -31.74149 -31.74149 -31.74149
 -31.19675 -31.19679 -31.19682 -31.19682 -31.19682
 -30.79804 -30.79806 -30.79808 -30.79808 -30.79808
 -30.50801 -30.50802 -30.50804 -30.50804 -30.50804
 -30.30588 -30.30589 -30.30590 -30.30590 -30.30590
 -30.17663 -30.17664 -30.17665 -30.17665 -30.17665
 -30.10626 -30.10626 -30.10627 -30.10627 -30.10627
 -30.08184 -30.08184 -30.08185 -30.08185 -30.08185
 -30.09098 -30.09098 -30.09098 -30.09098 -30.09098
 -30.12181 -30.12181 -30.12182 -30.12182 -30.12182
 -30.16403 -30.16403 -30.16403 -30.16404 -30.16404
 --------------------/ IPRT= 1  / IGRD= 1  /PRB CALC/ Z1= 2   / DATE= 10.10.14
 -74.00000 -74.00000 -74.00000 -74.00000 -74.00000
 -56.12823 -56.13051 -56.13497 -56.13900 -56.13900
 -48.32903 -48.33088 -48.33446 -48.33767 -48.33767
 -42.92064 -42.92239 -42.92492 -42.92717 -42.92717
 -39.06669 -39.06787 -39.06956 -39.07106 -39.07106
 -36.30003 -36.30081 -36.30192 -36.30290 -36.30290
 -34.31102 -34.31141 -34.31235 -34.31299 -34.31299
 -32.87950 -32.87975 -32.88009 -32.88078 -32.88078
 -31.84801 -31.84817 -31.84839 -31.84884 -31.84884
 -31.10378 -31.10391 -31.10406 -31.10435 -31.10435
 -30.56182 -30.56187 -30.56200 -30.56219 -30.56219
 -30.16576 -30.16579 -30.16587 -30.16593 -30.16600
 -29.87908 -29.87911 -29.87914 -29.87919 -29.87924
 -29.67962 -29.67963 -29.67966 -29.67970 -29.67973
 -29.55392 -29.55392 -29.55394 -29.55396 -29.55399
 -29.48695 -29.48695 -29.48696 -29.48698 -29.48699
 -29.46567 -29.46567 -29.46568 -29.46569 -29.46570
 -29.47735 -29.47736 -29.47736 -29.47736 -29.47737
 -29.50968 -29.50968 -29.50968 -29.50969 -29.50969
 -29.55288 -29.55288 -29.55289 -29.55289 -29.55289
 --------------------/ IPRT= 1  / IGRD= 1  /PRB CALC/ Z1= 3   / DATE= 10.10.14
 -74.00000 -74.00000 -74.00000 -74.00000 -74.00000
 -55.53031 -55.53318 -55.53625 -55.54237 -55.55784
 -47.85931 -47.86242 -47.86571 -47.87219 -47.88812
 -42.51349 -42.51516 -42.51870 -42.52389 -42.53634
 -38.68558 -38.68703 -38.68955 -38.69321 -38.69648
 -35.92957 -35.93055 -35.93151 -35.93468 -35.93685
 -33.94576 -33.94619 -33.94704 -33.94818 -33.95053
 -32.51578 -32.51612 -32.51668 -32.51742 -32.51894
 -31.48180 -31.48202 -31.48238 -31.48286 -31.48384
 -30.73241 -30.73253 -30.73271 -30.73312 -30.73375
 -30.18785 -30.18793 -30.18805 -30.18832 -30.18848
 -29.79222 -29.79228 -29.79235 -29.79245 -29.79264
 -29.50658 -29.50661 -29.50667 -29.50674 -29.50686
 -29.30950 -29.30952 -29.30955 -29.30961 -29.30969
 -29.18512 -29.18513 -29.18516 -29.18519 -29.18525
 -29.11962 -29.11963 -29.11964 -29.11967 -29.11970
 -29.10072 -29.10072 -29.10073 -29.10074 -29.10076
 -29.11402 -29.11403 -29.11403 -29.11404 -29.11405
 -29.14849 -29.14849 -29.14849 -29.14850 -29.14850
 -29.19362 -29.19362 -29.19362 -29.19363 -29.19363
 --------------------/ IPRT= 1  / IGRD= 1  /PRB CALC/ Z1= 4   / DATE= 10.10.14
 -74.00000 -74.00000 -74.00000 -74.00000 -74.00000
 -54.82884 -54.82982 -54.83223 -54.83507 -54.84160
 -47.37103 -47.37277 -47.37548 -47.38185 -47.39271
 -42.14831 -42.15048 -42.15340 -42.15715 -42.16457
 -38.38154 -38.38282 -38.38571 -38.38874 -38.39467
 -35.65276 -35.65383 -35.65519 -35.65805 -35.66222
 -33.67992 -33.68065 -33.68156 -33.68348 -33.68626
 -32.25484 -32.25525 -32.25598 -32.25724 -32.25906
 -31.22354 -31.22381 -31.22413 -31.22475 -31.22629
 -30.47392 -30.47406 -30.47432 -30.47472 -30.47526
 -29.92654 -29.92663 -29.92680 -29.92706 -29.92741
 -29.52709 -29.52715 -29.52724 -29.52744 -29.52767
 -29.24143 -29.24146 -29.24152 -29.24161 -29.24181
 -29.04452 -29.04455 -29.04458 -29.04464 -29.04477
 -28.92142 -28.92144 -28.92146 -28.92150 -28.92155
 -28.85778 -28.85779 -28.85780 -28.85782 -28.85786
 -28.83916 -28.83916 -28.83917 -28.83919 -28.83921
 -28.85427 -28.85428 -28.85428 -28.85429 -28.85431
 -28.89010 -28.89010 -28.89011 -28.89011 -28.89012
 -28.93642 -28.93642 -28.93642 -28.93642 -28.93643
 --------------------/ IPRT= 1  / IGRD= 1  /PRB CALC/ Z1= 5   / DATE= 10.10.14
 -74.00000 -74.00000 -74.00000 -74.00000 -74.00000
 -54.16227 -54.16270 -54.16351 -54.16502 -54.16746
 -46.89918 -46.90036 -46.90181 -46.90481 -46.91280
 -41.80945 -41.81093 -41.81352 -41.81784 -41.82387
 -38.11737 -38.11881 -38.12133 -38.12548 -38.13118
 -35.42560 -35.42657 -35.42883 -35.43203 -35.43638
 -33.46989 -33.47057 -33.47169 -33.47343 -33.47738
 -32.05110 -32.05161 -32.05237 -32.05352 -32.05614
 -31.02254 -31.02284 -31.02325 -31.02417 -31.02512
 -30.27444 -30.27463 -30.27490 -30.27529 -30.27611
 -29.72686 -29.72697 -29.72717 -29.72742 -29.72795
 -29.32525 -29.32532 -29.32542 -29.32562 -29.32596
 -29.03596 -29.03600 -29.03607 -29.03620 -29.03633
 -28.83908 -28.83910 -28.83914 -28.83921 -28.83932
 -28.71594 -28.71595 -28.71598 -28.71602 -28.71610
 -28.65302 -28.65302 -28.65304 -28.65307 -28.65312
 -28.63610 -28.63611 -28.63612 -28.63613 -28.63616
 -28.65129 -28.65129 -28.65130 -28.65131 -28.65133
 -28.68842 -28.68842 -28.68843 -28.68843 -28.68844
 -28.73592 -28.73592 -28.73592 -28.73593 -28.73594
 --------------------/ IPRT= 1  / IGRD= 1  /PRB CALC/ Z1= 6   / DATE= 10.10.14
 -74.00000 -74.00000 -74.00000 -74.00000 -74.00000
 -53.52433 -53.52449 -53.52475 -53.52518 -53.52629
 -46.43427 -46.43497 -46.43603 -46.43773 -46.44191
 -41.47755 -41.47876 -41.48049 -41.48448 -41.48883
 -37.86905 -37.87048 -37.87252 -37.87715 -37.88214
 -35.22296 -35.22404 -35.22608 -35.22869 -35.23427
 -33.29011 -33.29091 -33.29201 -33.29433 -33.29839
 -31.88209 -31.88251 -31.88339 -31.88497 -31.88654
 -30.85727 -30.85755 -30.85813 -30.85882 -30.86020
 -30.11079 -30.11093 -30.11125 -30.11181 -30.11271
 -29.56429 -29.56435 -29.56459 -29.56495 -29.56553
 -29.16213 -29.16217 -29.16229 -29.16248 -29.16277
 -28.87093 -28.87095 -28.87103 -28.87116 -28.87135
 -28.67097 -28.67098 -28.67102 -28.67112 -28.67124
 -28.54808 -28.54808 -28.54812 -28.54816 -28.54826
 -28.48520 -28.48520 -28.48522 -28.48525 -28.48529
 -28.46892 -28.46892 -28.46893 -28.46895 -28.46898
 -28.48549 -28.48549 -28.48549 -28.48551 -28.48553
 -28.52260 -28.52260 -28.52261 -28.52261 -28.52262
 -28.57132 -28.57132 -28.57132 -28.57133 -28.57134
 --------------------/ IPRT= 1  / IGRD= 1  /PRB CALC/ Z1= 7   / DATE= 10.10.14
 -74.00000 -74.00000 -74.00000 -74.00000 -74.00000
 -51.61302 -51.61302 -51.61303 -51.61304 -51.61306
 -45.09548 -45.09553 -45.09559 -45.09573 -45.09600
 -40.57383 -40.57402 -40.57442 -40.57516 -40.57593
 -37.29659 -37.29695 -37.29780 -37.29929 -37.30178
 -34.86245 -34.86295 -34.86415 -34.86623 -34.86969
 -33.04345 -33.04379 -33.04508 -33.04707 -33.05034
 -31.69128 -31.69155 -31.69232 -31.69359 -31.69555
 -30.69278 -30.69289 -30.69350 -30.69440 -30.69577
 -29.95874 -29.95878 -29.95913 -29.95983 -29.96075
 -29.41848 -29.41850 -29.41874 -29.41907 -29.41980
 -29.02015 -29.02015 -29.02028 -29.02053 -29.02084
 -28.72973 -28.72973 -28.72982 -28.72994 -28.73018
 -28.52900 -28.52900 -28.52905 -28.52914 -28.52930
 -28.40458 -28.40458 -28.40461 -28.40467 -28.40474
 -28.34242 -28.34242 -28.34243 -28.34246 -28.34252
 -28.32660 -28.32660 -28.32660 -28.32663 -28.32666
 -28.34422 -28.34422 -28.34423 -28.34424 -28.34426
 -28.38225 -28.38225 -28.38225 -28.38226 -28.38227
 -28.43107 -28.43107 -28.43107 -28.43108 -28.43109
 --------------------/ IPRT= 1  / IGRD= 1  /PRB CALC/ Z1= 8   / DATE= 10.10.14
 -74.00000 -74.00000 -74.00000 -74.00000 -74.00000
 -50.92239 -50.92239 -50.92239 -50.92239 -50.92240
 -44.60668 -44.60670 -44.60673 -44.60680 -44.60691
 -40.22077 -40.22084 -40.22106 -40.22144 -40.22239
 -37.04174 -37.04189 -37.04267 -37.04385 -37.04571
 -34.67444 -34.67469 -34.67568 -34.67789 -34.68090
 -32.89376 -32.89388 -32.89506 -32.89672 -32.90048
 -31.56058 -31.56058 -31.56141 -31.56298 -31.56496
 -30.57080 -30.57080 -30.57140 -30.57252 -30.57393
 -29.83932 -29.83932 -29.83963 -29.84027 -29.84143
 -29.29995 -29.29995 -29.30016 -29.30058 -29.30109
 -28.90174 -28.90174 -28.90184 -28.90208 -28.90248
 -28.61137 -28.61137 -28.61143 -28.61158 -28.61185
 -28.40921 -28.40921 -28.40924 -28.40932 -28.40946
 -28.28260 -28.28260 -28.28262 -28.28267 -28.28276
 -28.21958 -28.21958 -28.21959 -28.21963 -28.21969
 -28.20368 -28.20368 -28.20368 -28.20370 -28.20374
 -28.22146 -28.22146 -28.22146 -28.22147 -28.22149
 -28.26059 -28.26059 -28.26059 -28.26060 -28.26062
 -28.30959 -28.30959 -28.30959 -28.30960 -28.30960
 --------------------/ IPRT= 1  / IGRD= 1  /PRB CALC/ Z1= 9   / DATE= 10.10.14
 -74.00000 -74.00000 -74.00000 -74.00000 -74.00000
 -50.12646 -50.12646 -50.12646 -50.12646 -50.12646
 -44.03585 -44.03585 -44.03586 -44.03589 -44.03593
 -39.80011 -39.80012 -39.80026 -39.80045 -39.80091
 -36.73252 -36.73252 -36.73300 -36.73390 -36.73507
 -34.45226 -34.45226 -34.45320 -34.45450 -34.45730
 -32.72830 -32.72830 -32.72917 -32.73096 -32.73427
 -31.42691 -31.42691 -31.42767 -31.42923 -31.43113
 -30.45319 -30.45319 -30.45361 -30.45460 -30.45631
 -29.72926 -29.72926 -29.72955 -29.73023 -29.73140
 -29.19262 -29.19262 -29.19276 -29.19315 -29.19379
 -28.79569 -28.79569 -28.79575 -28.79604 -28.79646
 -28.50614 -28.50614 -28.50618 -28.50632 -28.50664
 -28.30359 -28.30359 -28.30361 -28.30371 -28.30386
 -28.17586 -28.17586 -28.17587 -28.17592 -28.17603
 -28.11083 -28.11083 -28.11083 -28.11087 -28.11095
 -28.09519 -28.09519 -28.09519 -28.09521 -28.09525
 -28.11305 -28.11305 -28.11305 -28.11307 -28.11309
 -28.15262 -28.15262 -28.15262 -28.15263 -28.15264
 -28.20255 -28.20255 -28.20255 -28.20255 -28.20256
 --------------------/ IPRT= 1  / IGRD= 1  /PRB CALC/ Z1=10   / DATE= 10.10.14
 -74.00000 -74.00000 -74.00000 -74.00000 -74.00000
 -49.38718 -49.38718 -49.38718 -49.38718 -49.38718
 -43.50851 -43.50851 -43.50851 -43.50852 -43.50854
 -39.41156 -39.41156 -39.41161 -39.41173 -39.41197
 -36.44291 -36.44291 -36.44320 -36.44380 -36.44455
 -34.24003 -34.24003 -34.24054 -34.24175 -34.24389
 -32.57052 -32.57052 -32.57121 -32.57284 -32.57570
 -31.30148 -31.30148 -31.30193 -31.30324 -31.30632
 -30.34495 -30.34495 -30.34530 -30.34632 -30.34800
 -29.62964 -29.62964 -29.62980 -29.63060 -29.63177
 -29.09628 -29.09628 -29.09633 -29.09679 -29.09745
 -28.70083 -28.70083 -28.70086 -28.70117 -28.70160
 -28.41182 -28.41182 -28.41182 -28.41199 -28.41232
 -28.20970 -28.20970 -28.20970 -28.20982 -28.20997
 -28.08104 -28.08104 -28.08104 -28.08109 -28.08121
 -28.01445 -28.01445 -28.01445 -28.01448 -28.01454
 -27.99810 -27.99810 -27.99810 -27.99811 -27.99816
 -28.01594 -28.01594 -28.01594 -28.01594 -28.01598
 -28.05569 -28.05569 -28.05569 -28.05569 -28.05571
 -28.10647 -28.10647 -28.10647 -28.10648 -28.10649
 --------------------/ IPRT= 1  / IGRD= 1  /PRB CALC/ Z1=11   / DATE= 10.10.14
 -62.43410 -62.43448 -62.43521 -62.43661 -62.43931
 -48.88155 -48.88155 -48.88155 -48.88155 -48.88155
 -43.14415 -43.14415 -43.14415 -43.14415 -43.14416
 -39.13851 -39.13851 -39.13854 -39.13862 -39.13877
 -36.23216 -36.23216 -36.23229 -36.23282 -36.23366
 -34.07610 -34.07610 -34.07646 -34.07751 -34.07929
 -32.44160 -32.44160 -32.44193 -32.44365 -32.44623
 -31.19376 -31.19376 -31.19408 -31.19539 -31.19830
 -30.24967 -30.24967 -30.24979 -30.25096 -30.25262
 -29.54093 -29.54093 -29.54093 -29.54166 -29.54303
 -29.01051 -29.01051 -29.01051 -29.01100 -29.01166
 -28.61581 -28.61581 -28.61581 -28.61606 -28.61657
 -28.32705 -28.32705 -28.32705 -28.32721 -28.32754
 -28.12519 -28.12519 -28.12519 -28.12526 -28.12545
 -27.99589 -27.99589 -27.99589 -27.99594 -27.99606
 -27.92824 -27.92824 -27.92824 -27.92826 -27.92833
 -27.91016 -27.91016 -27.91016 -27.91017 -27.91022
 -27.92823 -27.92823 -27.92823 -27.92824 -27.92827
 -27.96803 -27.96803 -27.96803 -27.96804 -27.96806
 -28.01923 -28.01923 -28.01923 -28.01923 -28.01924
 --------------------/ IPRT= 1  / IGRD= 1  /PRB CALC/ Z1=12   / DATE= 10.10.14
 -74.00000 -74.00000 -74.00000 -74.00000 -74.00000
 -47.52604 -47.52604 -47.52604 -47.52604 -47.52604
 -42.21727 -42.21727 -42.21727 -42.21727 -42.21727
 -38.48847 -38.48847 -38.48848 -38.48850 -38.48854
 -35.77091 -35.77091 -35.77095 -35.77117 -35.77151
 -33.75680 -33.75680 -33.75687 -33.75757 -33.75858
 -32.22865 -32.22865 -32.22878 -32.23009 -32.23195
 -31.04668 -31.04668 -31.04668 -31.04799 -31.05046
 -30.13812 -30.13812 -30.13812 -30.13924 -30.14077
 -29.44735 -29.44735 -29.44735 -29.44800 -29.44932
 -28.92589 -28.92589 -28.92589 -28.92634 -28.92724
 -28.53472 -28.53472 -28.53472 -28.53494 -28.53545
 -28.24773 -28.24773 -28.24773 -28.24783 -28.24821
 -28.04679 -28.04679 -28.04679 -28.04685 -28.04704
 -27.91790 -27.91790 -27.91790 -27.91793 -27.91806
 -27.84956 -27.84956 -27.84956 -27.84958 -27.84965
 -27.83020 -27.83020 -27.83020 -27.83020 -27.83025
 -27.84807 -27.84807 -27.84807 -27.84807 -27.84810
 -27.88780 -27.88780 -27.88780 -27.88780 -27.88781
 -27.93913 -27.93913 -27.93913 -27.93913 -27.93914
 --------------------/ IPRT= 1  / IGRD= 1  /PRB CALC/ Z1=13   / DATE= 10.10.14
 -74.00000 -74.00000 -74.00000 -74.00000 -74.00000
 -46.84595 -46.84595 -46.84595 -46.84595 -46.84595
 -41.74480 -41.74480 -41.74480 -41.74480 -41.74480
 -38.14910 -38.14910 -38.14910 -38.14912 -38.14914
 -35.51918 -35.51918 -35.51919 -35.51934 -35.51956
 -33.56757 -33.56757 -33.56757 -33.56812 -33.56917
 -32.08693 -32.08693 -32.08693 -32.08807 -32.08964
 -30.93729 -30.93729 -30.93729 -30.93837 -30.94061
 -30.04785 -30.04785 -30.04785 -30.04858 -30.05029
 -29.36755 -29.36755 -29.36755 -29.36810 -29.36939
 -28.85147 -28.85147 -28.85147 -28.85174 -28.85275
 -28.46240 -28.46240 -28.46240 -28.46258 -28.46310
 -28.17619 -28.17619 -28.17619 -28.17627 -28.17665
 -27.97540 -27.97540 -27.97540 -27.97542 -27.97563
 -27.84681 -27.84681 -27.84681 -27.84683 -27.84697
 -27.77783 -27.77783 -27.77783 -27.77783 -27.77791
 -27.75736 -27.75736 -27.75736 -27.75736 -27.75741
 -27.77410 -27.77410 -27.77410 -27.77410 -27.77412
 -27.81407 -27.81407 -27.81407 -27.81407 -27.81409
 -27.86551 -27.86551 -27.86551 -27.86551 -27.86552
 --------------------/ IPRT= 1  / IGRD= 1  /PRB CALC/ Z1=14   / DATE= 10.10.14
 -74.00000 -74.00000 -74.00000 -74.00000 -74.00000
 -45.76873 -45.76873 -45.76873 -45.76873 -45.76873
 -41.00791 -41.00791 -41.00791 -41.00791 -41.00791
 -37.63023 -37.63023 -37.63023 -37.63023 -37.63024
 -35.14347 -35.14347 -35.14347 -35.14354 -35.14365
 -33.29406 -33.29406 -33.29406 -33.29436 -33.29501
 -31.89272 -31.89272 -31.89272 -31.89328 -31.89463
 -30.80094 -30.80094 -30.80094 -30.80174 -30.80362
 -29.94500 -29.94500 -29.94500 -29.94554 -29.94759
 -29.28333 -29.28333 -29.28333 -29.28375 -29.28499
 -28.77695 -28.77695 -28.77695 -28.77714 -28.77813
 -28.39276 -28.39276 -28.39276 -28.39283 -28.39340
 -28.10832 -28.10832 -28.10832 -28.10836 -28.10874
 -27.90844 -27.90844 -27.90844 -27.90844 -27.90866
 -27.78045 -27.78045 -27.78045 -27.78045 -27.78059
 -27.71131 -27.71131 -27.71131 -27.71131 -27.71138
 -27.69026 -27.69026 -27.69026 -27.69026 -27.69031
 -27.70571 -27.70571 -27.70571 -27.70571 -27.70574
 -27.74579 -27.74579 -27.74579 -27.74579 -27.74580
 -27.79728 -27.79728 -27.79728 -27.79728 -27.79729
 --------------------/ IPRT= 1  / IGRD= 1  /PRB CALC/ Z1=15   / DATE= 10.10.14
 -74.00000 -74.00000 -74.00000 -74.00000 -74.00000
 -44.39016 -44.39016 -44.39016 -44.39016 -44.39016
 -40.08329 -40.08329 -40.08329 -40.08329 -40.08329
 -36.99595 -36.99595 -36.99595 -36.99596 -36.99596
 -34.69753 -34.69753 -34.69753 -34.69755 -34.69761
 -32.97778 -32.97778 -32.97778 -32.97792 -32.97827
 -31.67343 -31.67343 -31.67343 -31.67375 -31.67496
 -30.65217 -30.65217 -30.65217 -30.65269 -30.65421
 -29.83864 -29.83864 -29.83864 -29.83899 -29.84082
 -29.19987 -29.19987 -29.19987 -29.20016 -29.20132
 -28.70526 -28.70526 -28.70526 -28.70536 -28.70632
 -28.32699 -28.32699 -28.32699 -28.32699 -28.32756
 -28.04478 -28.04478 -28.04478 -28.04478 -28.04516
 -27.84600 -27.84600 -27.84600 -27.84600 -27.84619
 -27.71854 -27.71854 -27.71854 -27.71854 -27.71867
 -27.64968 -27.64968 -27.64968 -27.64968 -27.64974
 -27.62801 -27.62801 -27.62801 -27.62801 -27.62805
 -27.64242 -27.64242 -27.64242 -27.64242 -27.64243
 -27.68228 -27.68228 -27.68228 -27.68228 -27.68229
 -27.73367 -27.73367 -27.73367 -27.73367 -27.73368
 --------------------/ IPRT= 1  / IGRD= 1  /PRB CALC/ Z1=16   / DATE= 10.10.14
 -68.26643 -68.36763 -68.47781 -68.59554 -68.71937
 -43.47401 -43.47401 -43.47401 -43.47401 -43.47401
 -39.46777 -39.46777 -39.46777 -39.46777 -39.46777
 -36.57254 -36.57254 -36.57254 -36.57254 -36.57254
 -34.39770 -34.39770 -34.39770 -34.39771 -34.39775
 -32.76042 -32.76042 -32.76042 -32.76050 -32.76074
 -31.51534 -31.51534 -31.51534 -31.51551 -31.51645
 -30.53735 -30.53735 -30.53735 -30.53768 -30.53899
 -29.75121 -29.75121 -29.75121 -29.75138 -29.75306
 -29.12783 -29.12783 -29.12783 -29.12783 -29.12909
 -28.64141 -28.64141 -28.64141 -28.64141 -28.64235
 -28.26728 -28.26728 -28.26728 -28.26728 -28.26778
 -27.98662 -27.98662 -27.98662 -27.98662 -27.98696
 -27.78842 -27.78842 -27.78842 -27.78842 -27.78858
 -27.66102 -27.66102 -27.66102 -27.66102 -27.66113
 -27.59239 -27.59239 -27.59239 -27.59239 -27.59244
 -27.57017 -27.57017 -27.57017 -27.57017 -27.57020
 -27.58366 -27.58366 -27.58366 -27.58366 -27.58367
 -27.62265 -27.62265 -27.62265 -27.62265 -27.62266
 -27.67423 -27.67423 -27.67423 -27.67423 -27.67423
 --------------------/ IPRT= 1  / IGRD= 1  /PRB CALC/ Z1=17   / DATE= 10.10.14
 -74.00000 -74.00000 -74.00000 -74.00000 -74.00000
 -42.68786 -42.68786 -42.68786 -42.68786 -42.68786
 -38.93314 -38.93314 -38.93314 -38.93314 -38.93314
 -36.19859 -36.19859 -36.19859 -36.19859 -36.19859
 -34.12693 -34.12693 -34.12693 -34.12693 -34.12695
 -32.55805 -32.55805 -32.55805 -32.55809 -32.55831
 -31.36249 -31.36249 -31.36249 -31.36257 -31.36330
 -30.42276 -30.42276 -30.42276 -30.42291 -30.42436
 -29.66401 -29.66401 -29.66401 -29.66401 -29.66555
 -29.05625 -29.05625 -29.05625 -29.05625 -29.05762
 -28.57897 -28.57897 -28.57897 -28.57897 -28.57978
 -28.20974 -28.20974 -28.20974 -28.20974 -28.21015
 -27.93136 -27.93136 -27.93136 -27.93136 -27.93164
 -27.73391 -27.73391 -27.73391 -27.73391 -27.73403
 -27.60684 -27.60684 -27.60684 -27.60684 -27.60692
 -27.53846 -27.53846 -27.53846 -27.53846 -27.53850
 -27.51591 -27.51591 -27.51591 -27.51591 -27.51593
 -27.52879 -27.52879 -27.52879 -27.52879 -27.52880
 -27.56669 -27.56669 -27.56669 -27.56669 -27.56669
 -27.61841 -27.61841 -27.61841 -27.61841 -27.61841
 --------------------/ IPRT= 1  / IGRD= 1  /PRB CALC/ Z1=18   / DATE= 10.10.14
 -74.00000 -74.00000 -74.00000 -74.00000 -74.00000
 -42.27860 -42.27860 -42.27860 -42.27860 -42.27860
 -38.92970 -38.92970 -38.92970 -38.92970 -38.92970
 -36.45291 -36.45291 -36.45291 -36.45291 -36.45291
 -34.52838 -34.52838 -34.52838 -34.52839 -34.52844
 -32.97890 -32.97890 -32.97890 -32.97890 -32.97953
 -31.67337 -31.67337 -31.67337 -31.67337 -31.67483
 -30.58869 -30.58869 -30.58869 -30.58869 -30.59076
 -29.72759 -29.72759 -29.72759 -29.72759 -29.72906
 -29.06376 -29.06376 -29.06376 -29.06376 -29.06491
 -28.55961 -28.55961 -28.55961 -28.55961 -28.56019
 -28.17715 -28.17715 -28.17715 -28.17715 -28.17754
 -27.89196 -27.89196 -27.89196 -27.89196 -27.89212
 -27.68997 -27.68997 -27.68997 -27.68997 -27.69002
 -27.56033 -27.56033 -27.56033 -27.56033 -27.56036
 -27.49044 -27.49044 -27.49044 -27.49044 -27.49044
 -27.46675 -27.46675 -27.46675 -27.46675 -27.46675
 -27.47841 -27.47841 -27.47841 -27.47841 -27.47841
 -27.51492 -27.51492 -27.51492 -27.51492 -27.51492
 -27.56631 -27.56631 -27.56631 -27.56631 -27.56631
 --------------------/ IPRT= 1  / IGRD= 1  /PRB CALC/ Z1=19   / DATE= 10.10.14
 -51.85405 -51.95077 -52.05711 -52.17164 -52.29291
 -40.83522 -40.83522 -40.83522 -40.83522 -40.83522
 -37.94029 -37.94029 -37.94029 -37.94029 -37.94029
 -35.75438 -35.75438 -35.75438 -35.75438 -35.75438
 -34.02484 -34.02484 -34.02484 -34.02484 -34.02487
 -32.63061 -32.63061 -32.63061 -32.63061 -32.63088
 -31.45463 -31.45463 -31.45463 -31.45463 -31.45574
 -30.45272 -30.45272 -30.45272 -30.45272 -30.45412
 -29.63532 -29.63532 -29.63532 -29.63532 -29.63679
 -28.99271 -28.99271 -28.99271 -28.99271 -28.99356
 -28.49986 -28.49986 -28.49986 -28.49986 -28.50025
 -28.12358 -28.12358 -28.12358 -28.12358 -28.12385
 -27.84164 -27.84164 -27.84164 -27.84164 -27.84172
 -27.64083 -27.64083 -27.64083 -27.64083 -27.64088
 -27.51175 -27.51175 -27.51175 -27.51175 -27.51175
 -27.44208 -27.44208 -27.44208 -27.44208 -27.44208
 -27.41858 -27.41858 -27.41858 -27.41858 -27.41858
 -27.42973 -27.42973 -27.42973 -27.42973 -27.42973
 -27.46544 -27.46544 -27.46544 -27.46544 -27.46544
 -27.51658 -27.51658 -27.51658 -27.51658 -27.51658
 --------------------/ IPRT= 1  / IGRD= 1  /PRB CALC/ Z1=20   / DATE= 10.10.14
 -47.20331 -47.29866 -47.40379 -47.51731 -47.63776
 -39.41586 -39.41586 -39.41586 -39.41586 -39.41586
 -36.97488 -36.97488 -36.97488 -36.97488 -36.97488
 -35.07928 -35.07928 -35.07928 -35.07928 -35.07928
 -33.53967 -33.53967 -33.53967 -33.53967 -33.53968
 -32.28586 -32.28586 -32.28586 -32.28586 -32.28597
 -31.22759 -31.22759 -31.22759 -31.22759 -31.22818
 -30.30934 -30.30934 -30.30934 -30.30934 -30.31020
 -29.53944 -29.53944 -29.53944 -29.53944 -29.54045
 -28.92096 -28.92096 -28.92096 -28.92096 -28.92151
 -28.44080 -28.44080 -28.44080 -28.44080 -28.44122
 -28.07143 -28.07143 -28.07143 -28.07143 -28.07157
 -27.79317 -27.79317 -27.79317 -27.79317 -27.79317
 -27.59392 -27.59392 -27.59392 -27.59392 -27.59392
 -27.46552 -27.46552 -27.46552 -27.46552 -27.46552
 -27.39606 -27.39606 -27.39606 -27.39606 -27.39606
 -27.37285 -27.37285 -27.37285 -27.37285 -27.37285
 -27.38364 -27.38364 -27.38364 -27.38364 -27.38364
 -27.41867 -27.41867 -27.41867 -27.41867 -27.41867
 -27.46906 -27.46906 -27.46906 -27.46906 -27.46906
 --------------------/ IPRT= 1  / IGRD= 1  /PRB CALC/ Z1=21   / DATE= 10.10.14
 -43.70638 -43.80039 -43.90435 -44.01689 -44.13654
 -38.01385 -38.01390 -38.01395 -38.01400 -38.01403
 -36.02701 -36.02702 -36.02704 -36.02705 -36.02707
 -34.42158 -34.42158 -34.42158 -34.42159 -34.42159
 -33.06963 -33.06963 -33.06963 -33.06963 -33.06963
 -31.94765 -31.94765 -31.94765 -31.94765 -31.94771
 -30.99656 -30.99656 -30.99656 -30.99656 -30.99686
 -30.15999 -30.15999 -30.15999 -30.15999 -30.16073
 -29.44010 -29.44010 -29.44010 -29.44010 -29.44071
 -28.84891 -28.84891 -28.84891 -28.84891 -28.84917
 -28.38220 -28.38220 -28.38220 -28.38220 -28.38241
 -28.02046 -28.02046 -28.02046 -28.02046 -28.02046
 -27.74632 -27.74632 -27.74632 -27.74632 -27.74632
 -27.54898 -27.54898 -27.54898 -27.54898 -27.54898
 -27.42136 -27.42136 -27.42136 -27.42136 -27.42136
 -27.35225 -27.35225 -27.35225 -27.35225 -27.35225
 -27.32931 -27.32931 -27.32931 -27.32931 -27.32931
 -27.33987 -27.33987 -27.33987 -27.33987 -27.33987
 -27.37442 -27.37442 -27.37442 -27.37442 -27.37442
 -27.42396 -27.42396 -27.42396 -27.42396 -27.42396
 --------------------/ IPRT= 1  / IGRD= 1  /PRB CALC/ Z1=22   / DATE= 10.10.14
 -41.35943 -41.35946 -41.35952 -41.35964 -41.35986
 -36.88691 -36.88691 -36.88691 -36.88691 -36.88691
 -35.26238 -35.26238 -35.26238 -35.26238 -35.26238
 -33.88838 -33.88838 -33.88838 -33.88838 -33.88838
 -32.68496 -32.68496 -32.68496 -32.68496 -32.68496
 -31.66363 -31.66363 -31.66363 -31.66363 -31.66366
 -30.79146 -30.79146 -30.79146 -30.79146 -30.79160
 -30.01899 -30.01899 -30.01899 -30.01899 -30.01939
 -29.34300 -29.34300 -29.34300 -29.34300 -29.34328
 -28.77815 -28.77815 -28.77815 -28.77815 -28.77843
 -28.32485 -28.32485 -28.32485 -28.32485 -28.32485
 -27.97093 -27.97093 -27.97093 -27.97093 -27.97093
 -27.70111 -27.70111 -27.70111 -27.70111 -27.70111
 -27.50617 -27.50617 -27.50617 -27.50617 -27.50617
 -27.37918 -27.37918 -27.37918 -27.37918 -27.37918
 -27.31047 -27.31047 -27.31047 -27.31047 -27.31047
 -27.28779 -27.28779 -27.28779 -27.28779 -27.28779
 -27.29825 -27.29825 -27.29825 -27.29825 -27.29825
 -27.33240 -27.33240 -27.33240 -27.33240 -27.33240
 -27.38112 -27.38112 -27.38112 -27.38112 -27.38112
 --------------------/ IPRT= 1  / IGRD= 1  /PRB CALC/ Z1=23   / DATE= 10.10.14
 -39.61624 -39.61627 -39.61632 -39.61642 -39.61661
 -35.34516 -35.34516 -35.34516 -35.34517 -35.34517
 -34.22744 -34.22744 -34.22744 -34.22744 -34.22744
 -33.18293 -33.18293 -33.18293 -33.18293 -33.18293
 -32.19177 -32.19177 -32.19177 -32.19177 -32.19177
 -31.31134 -31.31134 -31.31134 -31.31134 -31.31134
 -30.54472 -30.54472 -30.54472 -30.54472 -30.54482
 -29.85496 -29.85496 -29.85496 -29.85496 -29.85512
 -29.23478 -29.23478 -29.23478 -29.23478 -29.23478
 -28.70254 -28.70254 -28.70254 -28.70254 -28.70254
 -28.26604 -28.26604 -28.26604 -28.26604 -28.26604
 -27.92146 -27.92146 -27.92146 -27.92146 -27.92146
 -27.65679 -27.65679 -27.65679 -27.65679 -27.65679
 -27.46463 -27.46463 -27.46463 -27.46463 -27.46463
 -27.33860 -27.33860 -27.33860 -27.33860 -27.33860
 -27.27040 -27.27040 -27.27040 -27.27040 -27.27040
 -27.24802 -27.24802 -27.24802 -27.24802 -27.24802
 -27.25858 -27.25858 -27.25858 -27.25858 -27.25858
 -27.29229 -27.29229 -27.29229 -27.29229 -27.29229
 -27.34032 -27.34032 -27.34032 -27.34032 -27.34032
 --------------------/ IPRT= 1  / IGRD= 1  /PRB CALC/ Z1=24   / DATE= 10.10.14
 -42.38631 -42.38633 -42.38638 -42.38646 -42.38663
 -33.79877 -33.79877 -33.79877 -33.79877 -33.79877
 -33.20081 -33.20081 -33.20081 -33.20081 -33.20081
 -32.47332 -32.47332 -32.47332 -32.47332 -32.47332
 -31.68814 -31.68814 -31.68815 -31.68815 -31.68815
 -30.95392 -30.95392 -30.95392 -30.95392 -30.95393
 -30.29393 -30.29393 -30.29393 -30.29393 -30.29396
 -29.68576 -29.68576 -29.68576 -29.68576 -29.68576
 -29.12258 -29.12258 -29.12258 -29.12258 -29.12258
 -28.62487 -28.62487 -28.62487 -28.62487 -28.62487
 -28.20689 -28.20689 -28.20689 -28.20689 -28.20689
 -27.87249 -27.87249 -27.87249 -27.87249 -27.87249
 -27.61347 -27.61347 -27.61347 -27.61347 -27.61347
 -27.42434 -27.42434 -27.42434 -27.42434 -27.42434
 -27.29954 -27.29954 -27.29954 -27.29954 -27.29954
 -27.23195 -27.23195 -27.23195 -27.23195 -27.23195
 -27.20977 -27.20977 -27.20977 -27.20977 -27.20977
 -27.22058 -27.22058 -27.22058 -27.22058 -27.22058
 -27.25396 -27.25396 -27.25396 -27.25396 -27.25396
 -27.30139 -27.30139 -27.30139 -27.30139 -27.30139
 --------------------/ IPRT= 1  / IGRD= 1  /PRB CALC/ Z1=25   / DATE= 10.10.14
 -41.78304 -41.78306 -41.78310 -41.78317 -41.78331
 -32.64619 -32.64619 -32.64619 -32.64619 -32.64619
 -32.34651 -32.34651 -32.34651 -32.34651 -32.34651
 -31.84473 -31.84473 -31.84473 -31.84473 -31.84474
 -31.21146 -31.21146 -31.21147 -31.21147 -31.21149
 -30.60316 -30.60316 -30.60316 -30.60317 -30.60318
 -30.04867 -30.04867 -30.04867 -30.04868 -30.04868
 -29.51980 -29.51980 -29.51980 -29.51980 -29.51981
 -29.01126 -29.01126 -29.01126 -29.01126 -29.01126
 -28.54738 -28.54738 -28.54738 -28.54738 -28.54738
 -28.14829 -28.14829 -28.14829 -28.14829 -28.14829
 -27.82438 -27.82438 -27.82438 -27.82438 -27.82438
 -27.57125 -27.57125 -27.57125 -27.57125 -27.57125
 -27.38532 -27.38532 -27.38532 -27.38532 -27.38532
 -27.26195 -27.26195 -27.26195 -27.26195 -27.26195
 -27.19499 -27.19499 -27.19499 -27.19499 -27.19499
 -27.17305 -27.17305 -27.17305 -27.17305 -27.17305
 -27.18412 -27.18412 -27.18412 -27.18412 -27.18412
 -27.21724 -27.21724 -27.21724 -27.21724 -27.21724
 -27.26415 -27.26415 -27.26415 -27.26415 -27.26415
 --------------------/ IPRT= 1  / IGRD= 1  /PRB CALC/ Z1=26   / DATE= 10.10.14
 -74.00000 -74.00000 -74.00000 -74.00000 -74.00000
 -31.87243 -31.87243 -31.87243 -31.87243 -31.87243
 -31.64325 -31.64325 -31.64325 -31.64325 -31.64325
 -31.29476 -31.29476 -31.29476 -31.29476 -31.29476
 -30.85021 -30.85021 -30.85021 -30.85021 -30.85021
 -30.34531 -30.34531 -30.34531 -30.34531 -30.34531
 -29.84761 -29.84761 -29.84761 -29.84761 -29.84761
 -29.36740 -29.36740 -29.36740 -29.36740 -29.36740
 -28.90213 -28.90213 -28.90213 -28.90213 -28.90213
 -28.46967 -28.46967 -28.46967 -28.46967 -28.46967
 -28.09009 -28.09009 -28.09009 -28.09009 -28.09009
 -27.77676 -27.77676 -27.77676 -27.77676 -27.77676
 -27.52984 -27.52984 -27.52984 -27.52984 -27.52984
 -27.34735 -27.34735 -27.34735 -27.34735 -27.34735
 -27.22562 -27.22562 -27.22562 -27.22562 -27.22562
 -27.15935 -27.15935 -27.15935 -27.15935 -27.15935
 -27.13774 -27.13774 -27.13774 -27.13774 -27.13774
 -27.14907 -27.14907 -27.14907 -27.14907 -27.14907
 -27.18201 -27.18201 -27.18201 -27.18201 -27.18201
 -27.22853 -27.22853 -27.22853 -27.22853 -27.22853
 --------------------/ IPRT= 1  / IGRD= 1  /PRB CALC/ Z1=27   / DATE= 10.10.14
 -50.05924 -50.05926 -50.05928 -50.05934 -50.05945
 -31.10166 -31.10166 -31.10166 -31.10166 -31.10166
 -30.98407 -30.98407 -30.98407 -30.98407 -30.98407
 -30.76303 -30.76303 -30.76303 -30.76303 -30.76303
 -30.44284 -30.44284 -30.44284 -30.44285 -30.44285
 -30.03294 -30.03294 -30.03294 -30.03294 -30.03295
 -29.60796 -29.60796 -29.60796 -29.60796 -29.60796
 -29.19448 -29.19448 -29.19448 -29.19448 -29.19448
 -28.78403 -28.78403 -28.78403 -28.78403 -28.78403
 -28.38845 -28.38845 -28.38845 -28.38845 -28.38845
 -28.03111 -28.03111 -28.03111 -28.03111 -28.03111
 -27.72922 -27.72922 -27.72922 -27.72922 -27.72922
 -27.48905 -27.48905 -27.48905 -27.48905 -27.48905
 -27.31029 -27.31029 -27.31029 -27.31029 -27.31029
 -27.19057 -27.19057 -27.19057 -27.19057 -27.19057
 -27.12496 -27.12496 -27.12496 -27.12496 -27.12496
 -27.10372 -27.10372 -27.10372 -27.10372 -27.10372
 -27.11531 -27.11531 -27.11531 -27.11531 -27.11531
 -27.14815 -27.14815 -27.14815 -27.14815 -27.14815
 -27.19438 -27.19438 -27.19438 -27.19438 -27.19438
 --------------------/ IPRT= 1  / IGRD= 1  /PRB CALC/ Z1=28   / DATE= 10.10.14
 -45.06709 -45.06710 -45.06713 -45.06718 -45.06727
 -30.45185 -30.45185 -30.45185 -30.45185 -30.45185
 -30.40890 -30.40890 -30.40890 -30.40890 -30.40890
 -30.28099 -30.28099 -30.28099 -30.28099 -30.28099
 -29.97760 -29.97760 -29.97760 -29.97761 -29.97762
 -29.51988 -29.51989 -29.51990 -29.51991 -29.51994
 -29.14003 -29.14003 -29.14004 -29.14006 -29.14009
 -28.85914 -28.85914 -28.85914 -28.85916 -28.85918
 -28.58619 -28.58619 -28.58620 -28.58620 -28.58621
 -28.27764 -28.27764 -28.27764 -28.27764 -28.27765
 -27.96254 -27.96254 -27.96254 -27.96254 -27.96254
 -27.67907 -27.67907 -27.67907 -27.67907 -27.67907
 -27.44790 -27.44790 -27.44790 -27.44790 -27.44790
 -27.27373 -27.27373 -27.27373 -27.27373 -27.27373
 -27.15645 -27.15645 -27.15645 -27.15645 -27.15645
 -27.09165 -27.09165 -27.09165 -27.09165 -27.09165
 -27.07087 -27.07087 -27.07087 -27.07087 -27.07087
 -27.08273 -27.08273 -27.08273 -27.08273 -27.08273
 -27.11562 -27.11562 -27.11562 -27.11562 -27.11562
 -27.16152 -27.16152 -27.16152 -27.16152 -27.16152
 --------------------/ IPRT= 1  / IGRD= 1  /PRB CALC/ Z1=29   / DATE= 10.10.14
 -74.00000 -74.00000 -74.00000 -74.00000 -74.00000
 -28.60779 -28.60779 -28.60779 -28.60779 -28.60779
 -28.65140 -28.65140 -28.65140 -28.65140 -28.65140
 -28.68450 -28.68450 -28.68450 -28.68450 -28.68450
 -28.68705 -28.68705 -28.68705 -28.68705 -28.68705
 -28.66079 -28.66079 -28.66079 -28.66079 -28.66079
 -28.59507 -28.59507 -28.59507 -28.59507 -28.59507
 -28.48753 -28.48753 -28.48753 -28.48753 -28.48753
 -28.32697 -28.32697 -28.32697 -28.32697 -28.32697
 -28.10866 -28.10866 -28.10866 -28.10866 -28.10866
 -27.85647 -27.85647 -27.85647 -27.85647 -27.85647
 -27.60848 -27.60848 -27.60848 -27.60848 -27.60848
 -27.39608 -27.39608 -27.39608 -27.39608 -27.39608
 -27.23181 -27.23181 -27.23181 -27.23181 -27.23181
 -27.11973 -27.11973 -27.11973 -27.11973 -27.11973
 -27.05734 -27.05734 -27.05734 -27.05734 -27.05734
 -27.03788 -27.03788 -27.03788 -27.03788 -27.03788
 -27.05049 -27.05049 -27.05049 -27.05049 -27.05049
 -27.08378 -27.08378 -27.08378 -27.08378 -27.08378
 -27.12955 -27.12955 -27.12955 -27.12955 -27.12955
 --------------------/ IPRT= 1  / IGRD= 1  /PRB CALC/ Z1=30   / DATE= 10.10.14
 -74.00000 -74.00000 -74.00000 -74.00000 -74.00000
 -28.63631 -28.63631 -28.63631 -28.63631 -28.63631
 -28.47024 -28.47024 -28.47024 -28.47024 -28.47024
 -28.48288 -28.48288 -28.48288 -28.48288 -28.48288
 -28.45932 -28.45932 -28.45932 -28.45932 -28.45932
 -28.45509 -28.45509 -28.45509 -28.45509 -28.45509
 -28.41649 -28.41649 -28.41649 -28.41649 -28.41649
 -28.33821 -28.33821 -28.33821 -28.33821 -28.33821
 -28.20866 -28.20866 -28.20866 -28.20866 -28.20866
 -28.02022 -28.02022 -28.02022 -28.02022 -28.02022
 -27.79184 -27.79184 -27.79184 -27.79184 -27.79184
 -27.55898 -27.55898 -27.55898 -27.55898 -27.55898
 -27.35552 -27.35552 -27.35552 -27.35552 -27.35552
 -27.19636 -27.19636 -27.19636 -27.19636 -27.19636
 -27.08708 -27.08708 -27.08708 -27.08708 -27.08708
 -27.02590 -27.02590 -27.02590 -27.02590 -27.02590
 -27.00705 -27.00705 -27.00705 -27.00705 -27.00705
 -27.01988 -27.01988 -27.01988 -27.01988 -27.01988
 -27.05344 -27.05344 -27.05344 -27.05344 -27.05344
 -27.09896 -27.09896 -27.09896 -27.09896 -27.09896
 --------------------/ IPRT= 1  / IGRD= 1  /PRB CALC/ Z1=31   / DATE= 10.10.14
 -31.11377 -31.11378 -31.11380 -31.11383 -31.11390
 -29.30841 -29.30842 -29.30844 -29.30847 -29.30853
 -28.00158 -28.00158 -28.00159 -28.00161 -28.00164
 -27.60563 -27.60564 -27.60565 -27.60567 -27.60571
 -27.38012 -27.38012 -27.38013 -27.38016 -27.38020
 -27.33184 -27.33185 -27.33186 -27.33188 -27.33192
 -27.38997 -27.38998 -27.38999 -27.39001 -27.39005
 -27.50521 -27.50522 -27.50523 -27.50524 -27.50528
 -27.62485 -27.62485 -27.62486 -27.62487 -27.62490
 -27.68151 -27.68151 -27.68152 -27.68152 -27.68154
 -27.62290 -27.62290 -27.62290 -27.62290 -27.62291
 -27.47267 -27.47267 -27.47267 -27.47267 -27.47267
 -27.30248 -27.30248 -27.30248 -27.30248 -27.30248
 -27.15674 -27.15674 -27.15674 -27.15674 -27.15674
 -27.05322 -27.05322 -27.05322 -27.05322 -27.05322
 -26.99447 -26.99447 -26.99447 -26.99447 -26.99447
 -26.97672 -26.97672 -26.97672 -26.97672 -26.97672
 -26.99002 -26.99002 -26.99002 -26.99002 -26.99002
 -27.02394 -27.02394 -27.02394 -27.02394 -27.02394
 -27.06934 -27.06934 -27.06934 -27.06934 -27.06934
 --------------------/ IPRT= 1  / IGRD= 1  /PRB CALC/ Z1=32   / DATE= 10.10.14
 -30.79276 -30.79277 -30.79278 -30.79281 -30.79287
 -28.98944 -28.98944 -28.98946 -28.98949 -28.98954
 -27.65754 -27.65754 -27.65755 -27.65756 -27.65759
 -27.29273 -27.29273 -27.29274 -27.29276 -27.29280
 -27.07929 -27.07930 -27.07931 -27.07933 -27.07937
 -27.03044 -27.03045 -27.03046 -27.03048 -27.03051
 -27.09331 -27.09332 -27.09333 -27.09334 -27.09338
 -27.22102 -27.22103 -27.22103 -27.22105 -27.22108
 -27.36877 -27.36877 -27.36878 -27.36879 -27.36882
 -27.47973 -27.47974 -27.47974 -27.47975 -27.47977
 -27.49145 -27.49145 -27.49145 -27.49146 -27.49147
 -27.39455 -27.39455 -27.39455 -27.39456 -27.39456
 -27.25157 -27.25157 -27.25157 -27.25157 -27.25157
 -27.11812 -27.11812 -27.11812 -27.11812 -27.11812
 -27.02020 -27.02020 -27.02020 -27.02020 -27.02020
 -26.96393 -26.96393 -26.96393 -26.96393 -26.96393
 -26.94726 -26.94726 -26.94726 -26.94726 -26.94726
 -26.96108 -26.96108 -26.96108 -26.96108 -26.96108
 -26.99537 -26.99537 -26.99537 -26.99537 -26.99537
 -27.04069 -27.04069 -27.04069 -27.04069 -27.04069
 --------------------/ IPRT= 1  / IGRD= 1  /PRB CALC/ Z1=33   / DATE= 10.10.14
 -30.58521 -30.58522 -30.58523 -30.58526 -30.58531
 -28.70718 -28.70719 -28.70720 -28.70722 -28.70727
 -27.45848 -27.45848 -27.45849 -27.45851 -27.45854
 -26.97359 -26.97360 -26.97361 -26.97363 -26.97367
 -26.71702 -26.71702 -26.71703 -26.71705 -26.71709
 -26.65408 -26.65409 -26.65410 -26.65412 -26.65415
 -26.71284 -26.71285 -26.71286 -26.71287 -26.71291
 -26.84646 -26.84647 -26.84648 -26.84649 -26.84652
 -27.01671 -27.01672 -27.01672 -27.01674 -27.01677
 -27.18098 -27.18099 -27.18099 -27.18100 -27.18102
 -27.28132 -27.28133 -27.28133 -27.28134 -27.28135
 -27.27249 -27.27249 -27.27249 -27.27250 -27.27250
 -27.18147 -27.18147 -27.18147 -27.18148 -27.18148
 -27.07198 -27.07198 -27.07198 -27.07198 -27.07199
 -26.98440 -26.98440 -26.98440 -26.98440 -26.98440
 -26.93259 -26.93259 -26.93259 -26.93259 -26.93259
 -26.91785 -26.91785 -26.91785 -26.91785 -26.91785
 -26.93260 -26.93260 -26.93260 -26.93260 -26.93260
 -26.96742 -26.96742 -26.96742 -26.96742 -26.96742
 -27.01281 -27.01281 -27.01281 -27.01281 -27.01281
 --------------------/ IPRT= 1  / IGRD= 1  /PRB CALC/ Z1=34   / DATE= 10.10.14
 -30.05947 -30.05948 -30.05949 -30.05951 -30.05956
 -28.28924 -28.28924 -28.28926 -28.28928 -28.28932
 -27.13193 -27.13194 -27.13194 -27.13196 -27.13199
 -26.67633 -26.67633 -26.67634 -26.67636 -26.67640
 -26.44893 -26.44894 -26.44895 -26.44897 -26.44900
 -26.40042 -26.40042 -26.40043 -26.40045 -26.40048
 -26.47121 -26.47121 -26.47122 -26.47124 -26.47127
 -26.61501 -26.61501 -26.61502 -26.61504 -26.61506
 -26.79747 -26.79747 -26.79748 -26.79749 -26.79751
 -26.98324 -26.98324 -26.98325 -26.98326 -26.98328
 -27.12345 -27.12345 -27.12345 -27.12346 -27.12348
 -27.16657 -27.16657 -27.16658 -27.16658 -27.16659
 -27.11522 -27.11522 -27.11522 -27.11522 -27.11523
 -27.02703 -27.02703 -27.02703 -27.02703 -27.02703
 -26.94934 -26.94934 -26.94934 -26.94934 -26.94935
 -26.90217 -26.90217 -26.90217 -26.90217 -26.90217
 -26.88923 -26.88923 -26.88923 -26.88923 -26.88923
 -26.90492 -26.90492 -26.90492 -26.90492 -26.90492
 -26.94027 -26.94027 -26.94027 -26.94027 -26.94027
 -26.98578 -26.98578 -26.98578 -26.98578 -26.98578
 --------------------/ IPRT= 1  / IGRD= 1  /PRB CALC/ Z1=35   / DATE= 10.10.14
 -74.00000 -74.00000 -74.00000 -74.00000 -74.00000
 -34.29750 -34.29750 -34.29750 -34.29750 -34.29750
 -27.61426 -27.61426 -27.61426 -27.61426 -27.61426
 -27.62743 -27.62743 -27.62743 -27.62743 -27.62743
 -27.65462 -27.65462 -27.65462 -27.65462 -27.65462
 -27.64934 -27.64934 -27.64934 -27.64934 -27.64934
 -27.68597 -27.68597 -27.68597 -27.68597 -27.68597
 -27.69740 -27.69740 -27.69740 -27.69740 -27.69740
 -27.67120 -27.67120 -27.67120 -27.67120 -27.67120
 -27.59510 -27.59510 -27.59510 -27.59510 -27.59510
 -27.46946 -27.46946 -27.46946 -27.46946 -27.46946
 -27.31339 -27.31339 -27.31339 -27.31339 -27.31339
 -27.15678 -27.15678 -27.15678 -27.15678 -27.15678
 -27.02634 -27.02634 -27.02634 -27.02634 -27.02634
 -26.93346 -26.93346 -26.93346 -26.93346 -26.93346
 -26.88089 -26.88089 -26.88089 -26.88089 -26.88089
 -26.86555 -26.86555 -26.86555 -26.86555 -26.86555
 -26.88022 -26.88022 -26.88022 -26.88022 -26.88022
 -26.91511 -26.91511 -26.91511 -26.91511 -26.91511
 -26.96032 -26.96032 -26.96032 -26.96032 -26.96032
 --------------------/ IPRT= 1  / IGRD= 1  /PRB CALC/ Z1=36   / DATE= 10.10.14
 -30.25745 -30.25745 -30.25746 -30.25748 -30.25752
 -28.08664 -28.08664 -28.08665 -28.08667 -28.08670
 -26.70630 -26.70631 -26.70631 -26.70633 -26.70635
 -26.07396 -26.07396 -26.07397 -26.07399 -26.07402
 -25.73550 -25.73550 -25.73551 -25.73552 -25.73555
 -25.61978 -25.61979 -25.61979 -25.61981 -25.61983
 -25.65014 -25.65015 -25.65015 -25.65017 -25.65019
 -25.77353 -25.77353 -25.77354 -25.77355 -25.77357
 -25.95491 -25.95491 -25.95492 -25.95493 -25.95495
 -26.16924 -26.16924 -26.16924 -26.16925 -26.16927
 -26.39341 -26.39341 -26.39341 -26.39342 -26.39344
 -26.59692 -26.59692 -26.59692 -26.59693 -26.59694
 -26.74025 -26.74025 -26.74026 -26.74026 -26.74027
 -26.80457 -26.80457 -26.80457 -26.80457 -26.80458
 -26.81434 -26.81434 -26.81434 -26.81434 -26.81434
 -26.81023 -26.81023 -26.81023 -26.81023 -26.81024
 -26.81718 -26.81718 -26.81718 -26.81718 -26.81718
 -26.84263 -26.84263 -26.84263 -26.84263 -26.84263
 -26.88307 -26.88307 -26.88307 -26.88307 -26.88307
 -26.93128 -26.93128 -26.93128 -26.93128 -26.93128
 --------------------/ IPRT= 1  / IGRD= 1  /PRB CALC/ Z1=37   / DATE= 10.10.14
 -47.92573 -47.92573 -47.92574 -47.92576 -47.92579
 -32.12889 -32.12889 -32.12889 -32.12889 -32.12889
 -27.21363 -27.21363 -27.21363 -27.21363 -27.21363
 -27.28888 -27.28888 -27.28888 -27.28888 -27.28888
 -27.33912 -27.33912 -27.33912 -27.33912 -27.33912
 -27.13865 -27.13865 -27.13865 -27.13866 -27.13867
 -26.69305 -26.69305 -26.69306 -26.69307 -26.69309
 -26.38274 -26.38274 -26.38275 -26.38276 -26.38278
 -26.25663 -26.25664 -26.25664 -26.25665 -26.25667
 -26.26499 -26.26500 -26.26500 -26.26501 -26.26503
 -26.35769 -26.35770 -26.35770 -26.35771 -26.35773
 -26.48898 -26.48898 -26.48899 -26.48899 -26.48901
 -26.61328 -26.61328 -26.61328 -26.61329 -26.61330
 -26.69702 -26.69702 -26.69702 -26.69702 -26.69703
 -26.73679 -26.73679 -26.73679 -26.73679 -26.73680
 -26.75546 -26.75546 -26.75546 -26.75547 -26.75547
 -26.77578 -26.77578 -26.77578 -26.77578 -26.77578
 -26.80861 -26.80861 -26.80861 -26.80861 -26.80861
 -26.85310 -26.85310 -26.85310 -26.85310 -26.85310
 -26.90370 -26.90370 -26.90370 -26.90370 -26.90370
 --------------------/ IPRT= 1  / IGRD= 1  /PRB CALC/ Z1=38   / DATE= 10.10.14
 -74.00000 -74.00000 -74.00000 -74.00000 -74.00000
 -31.33241 -31.33241 -31.33241 -31.33241 -31.33241
 -27.51386 -27.51386 -27.51386 -27.51386 -27.51386
 -27.43504 -27.43504 -27.43504 -27.43504 -27.43504
 -27.40935 -27.40935 -27.40935 -27.40935 -27.40935
 -27.31508 -27.31508 -27.31508 -27.31508 -27.31508
 -27.35748 -27.35748 -27.35748 -27.35748 -27.35748
 -27.15990 -27.15991 -27.15991 -27.15991 -27.15992
 -26.65910 -26.65911 -26.65911 -26.65912 -26.65913
 -26.30101 -26.30102 -26.30102 -26.30103 -26.30104
 -26.14782 -26.14782 -26.14782 -26.14783 -26.14784
 -26.13884 -26.13884 -26.13885 -26.13885 -26.13887
 -26.21559 -26.21559 -26.21559 -26.21560 -26.21561
 -26.33126 -26.33127 -26.33127 -26.33127 -26.33128
 -26.45030 -26.45030 -26.45030 -26.45030 -26.45031
 -26.55366 -26.55366 -26.55366 -26.55366 -26.55367
 -26.63969 -26.63970 -26.63970 -26.63970 -26.63970
 -26.71612 -26.71612 -26.71612 -26.71613 -26.71613
 -26.78776 -26.78776 -26.78776 -26.78776 -26.78776
 -26.85514 -26.85514 -26.85514 -26.85514 -26.85514
 --------------------/ IPRT= 1  / IGRD= 1  /PRB CALC/ Z1=39   / DATE= 10.10.14
 -50.62926 -50.62926 -50.62927 -50.62928 -50.62931
 -30.82062 -30.82062 -30.82062 -30.82062 -30.82062
 -27.36382 -27.36382 -27.36382 -27.36382 -27.36382
 -27.22651 -27.22651 -27.22651 -27.22651 -27.22651
 -27.18880 -27.18880 -27.18880 -27.18880 -27.18880
 -27.01694 -27.01694 -27.01694 -27.01694 -27.01695
 -26.78345 -26.78346 -26.78346 -26.78346 -26.78348
 -26.23872 -26.23872 -26.23872 -26.23873 -26.23875
 -25.76215 -25.76215 -25.76216 -25.76216 -25.76218
 -25.51326 -25.51326 -25.51327 -25.51327 -25.51329
 -25.44825 -25.44825 -25.44825 -25.44826 -25.44827
 -25.50669 -25.50669 -25.50669 -25.50670 -25.50672
 -25.64226 -25.64226 -25.64226 -25.64227 -25.64228
 -25.82093 -25.82094 -25.82094 -25.82094 -25.82096
 -26.01615 -26.01615 -26.01616 -26.01616 -26.01617
 -26.20711 -26.20711 -26.20711 -26.20711 -26.20712
 -26.37999 -26.37999 -26.37999 -26.38000 -26.38000
 -26.53002 -26.53002 -26.53002 -26.53002 -26.53002
 -26.65741 -26.65741 -26.65741 -26.65742 -26.65742
 -26.76417 -26.76417 -26.76417 -26.76417 -26.76417
 --------------------/ IPRT= 1  / IGRD= 1  /PRB CALC/ Z1=40   / DATE= 10.10.14
 -48.55224 -48.55224 -48.55225 -48.55226 -48.55229
 -30.24710 -30.24710 -30.24710 -30.24710 -30.24710
 -26.95766 -26.95766 -26.95766 -26.95766 -26.95766
 -26.87286 -26.87286 -26.87286 -26.87286 -26.87286
 -26.93116 -26.93116 -26.93116 -26.93116 -26.93116
 -26.80409 -26.80409 -26.80409 -26.80409 -26.80410
 -26.40165 -26.40165 -26.40166 -26.40166 -26.40168
 -25.95565 -25.95565 -25.95566 -25.95566 -25.95568
 -25.59077 -25.59077 -25.59077 -25.59078 -25.59080
 -25.39045 -25.39045 -25.39045 -25.39046 -25.39048
 -25.34609 -25.34610 -25.34610 -25.34611 -25.34612
 -25.41467 -25.41467 -25.41467 -25.41468 -25.41469
 -25.55634 -25.55634 -25.55635 -25.55635 -25.55636
 -25.74007 -25.74007 -25.74007 -25.74008 -25.74009
 -25.94106 -25.94106 -25.94106 -25.94106 -25.94107
 -26.13945 -26.13945 -26.13945 -26.13946 -26.13946
 -26.32120 -26.32120 -26.32120 -26.32120 -26.32121
 -26.48026 -26.48026 -26.48026 -26.48027 -26.48027
 -26.61571 -26.61571 -26.61571 -26.61571 -26.61571
 -26.72891 -26.72891 -26.72891 -26.72891 -26.72891
 --------------------/ IPRT= 1  / IGRD= 1  /PRB CALC/ Z1=41   / DATE= 10.10.14
 -49.12639 -49.12639 -49.12640 -49.12641 -49.12643
 -29.75667 -29.75667 -29.75667 -29.75667 -29.75667
 -29.66541 -29.66541 -29.66541 -29.66541 -29.66541
 -26.88284 -26.88284 -26.88284 -26.88284 -26.88284
 -26.91204 -26.91204 -26.91204 -26.91204 -26.91204
 -26.77250 -26.77250 -26.77250 -26.77250 -26.77251
 -26.44377 -26.44377 -26.44377 -26.44378 -26.44379
 -26.16150 -26.16150 -26.16151 -26.16151 -26.16153
 -26.04083 -26.04083 -26.04083 -26.04084 -26.04085
 -26.04841 -26.04841 -26.04841 -26.04842 -26.04843
 -26.13970 -26.13970 -26.13971 -26.13971 -26.13972
 -26.27425 -26.27425 -26.27425 -26.27426 -26.27427
 -26.41225 -26.41225 -26.41226 -26.41226 -26.41227
 -26.52108 -26.52108 -26.52108 -26.52108 -26.52109
 -26.58960 -26.58960 -26.58961 -26.58961 -26.58961
 -26.63121 -26.63121 -26.63121 -26.63121 -26.63121
 -26.66573 -26.66573 -26.66573 -26.66573 -26.66573
 -26.70652 -26.70652 -26.70652 -26.70652 -26.70652
 -26.75537 -26.75537 -26.75537 -26.75537 -26.75537
 -26.80879 -26.80879 -26.80879 -26.80879 -26.80879
 --------------------/ IPRT= 1  / IGRD= 1  /PRB CALC/ Z1=42   / DATE= 10.10.14
 -45.93250 -45.93250 -45.93251 -45.93252 -45.93254
 -29.34413 -29.34413 -29.34413 -29.34413 -29.34413
 -29.27410 -29.27410 -29.27410 -29.27410 -29.27410
 -26.90734 -26.90734 -26.90734 -26.90734 -26.90734
 -26.89113 -26.89113 -26.89113 -26.89114 -26.89114
 -26.65312 -26.65313 -26.65313 -26.65313 -26.65314
 -26.26873 -26.26873 -26.26873 -26.26874 -26.26875
 -25.83031 -25.83031 -25.83032 -25.83032 -25.83034
 -25.47025 -25.47025 -25.47025 -25.47026 -25.47027
 -25.27494 -25.27494 -25.27494 -25.27495 -25.27496
 -25.23448 -25.23448 -25.23448 -25.23449 -25.23450
 -25.30592 -25.30593 -25.30593 -25.30593 -25.30594
 -25.45013 -25.45013 -25.45013 -25.45014 -25.45015
 -25.63681 -25.63681 -25.63682 -25.63682 -25.63683
 -25.84227 -25.84227 -25.84227 -25.84227 -25.84228
 -26.04730 -26.04730 -26.04730 -26.04730 -26.04731
 -26.23767 -26.23767 -26.23768 -26.23768 -26.23768
 -26.40599 -26.40599 -26.40599 -26.40599 -26.40600
 -26.55010 -26.55010 -26.55010 -26.55010 -26.55010
 -26.67052 -26.67052 -26.67053 -26.67053 -26.67053
 --------------------/ IPRT= 1  / IGRD= 1  /PRB CALC/ Z1=43   / DATE= 10.10.14
 -46.41520 -46.41520 -46.41521 -46.41522 -46.41524
 -29.01322 -29.01322 -29.01322 -29.01322 -29.01322
 -28.94676 -28.94676 -28.94676 -28.94676 -28.94676
 -26.91452 -26.91452 -26.91452 -26.91452 -26.91452
 -26.86769 -26.86769 -26.86769 -26.86769 -26.86769
 -26.66331 -26.66331 -26.66331 -26.66331 -26.66331
 -26.43108 -26.43108 -26.43109 -26.43109 -26.43110
 -25.94335 -25.94336 -25.94336 -25.94336 -25.94338
 -25.50530 -25.50530 -25.50530 -25.50531 -25.50532
 -25.27481 -25.27481 -25.27481 -25.27482 -25.27483
 -25.21974 -25.21974 -25.21975 -25.21975 -25.21976
 -25.28450 -25.28450 -25.28451 -25.28451 -25.28452
 -25.42535 -25.42535 -25.42535 -25.42536 -25.42537
 -25.61030 -25.61030 -25.61031 -25.61031 -25.61032
 -25.81507 -25.81507 -25.81507 -25.81507 -25.81508
 -26.02023 -26.02023 -26.02023 -26.02024 -26.02024
 -26.21140 -26.21141 -26.21141 -26.21141 -26.21141
 -26.38073 -26.38073 -26.38073 -26.38073 -26.38074
 -26.52594 -26.52594 -26.52594 -26.52594 -26.52594
 -26.64737 -26.64737 -26.64737 -26.64737 -26.64737
 --------------------/ IPRT= 1  / IGRD= 1  /PRB CALC/ Z1=44   / DATE= 10.10.14
 -74.00000 -74.00000 -74.00000 -74.00000 -74.00000
 -28.76152 -28.76152 -28.76152 -28.76152 -28.76152
 -28.68111 -28.68111 -28.68111 -28.68111 -28.68111
 -26.58116 -26.58116 -26.58116 -26.58116 -26.58116
 -26.64213 -26.64213 -26.64213 -26.64213 -26.64213
 -26.71003 -26.71003 -26.71003 -26.71003 -26.71003
 -26.75070 -26.75070 -26.75070 -26.75070 -26.75070
 -26.64006 -26.64006 -26.64007 -26.64007 -26.64007
 -26.22495 -26.22495 -26.22495 -26.22496 -26.22497
 -25.89776 -25.89777 -25.89777 -25.89777 -25.89778
 -25.75916 -25.75916 -25.75916 -25.75916 -25.75917
 -25.76162 -25.76162 -25.76163 -25.76163 -25.76164
 -25.85307 -25.85308 -25.85308 -25.85308 -25.85309
 -25.99168 -25.99168 -25.99168 -25.99169 -25.99169
 -26.14503 -26.14503 -26.14503 -26.14503 -26.14504
 -26.29014 -26.29014 -26.29014 -26.29015 -26.29015
 -26.41638 -26.41639 -26.41639 -26.41639 -26.41639
 -26.52416 -26.52416 -26.52416 -26.52416 -26.52416
 -26.61810 -26.61810 -26.61810 -26.61810 -26.61810
 -26.70063 -26.70063 -26.70063 -26.70063 -26.70063
 --------------------/ IPRT= 1  / IGRD= 1  /PRB CALC/ Z1=45   / DATE= 10.10.14
 -55.81161 -55.81162 -55.81162 -55.81163 -55.81165
 -28.58639 -28.58639 -28.58639 -28.58639 -28.58639
 -28.47439 -28.47439 -28.47439 -28.47439 -28.47439
 -26.73000 -26.73000 -26.73000 -26.73000 -26.73000
 -26.69703 -26.69703 -26.69703 -26.69703 -26.69703
 -26.70403 -26.70403 -26.70403 -26.70403 -26.70403
 -26.52306 -26.52306 -26.52306 -26.52306 -26.52307
 -25.95757 -25.95757 -25.95757 -25.95758 -25.95759
 -25.43944 -25.43944 -25.43945 -25.43945 -25.43946
 -25.18278 -25.18278 -25.18278 -25.18279 -25.18280
 -25.11871 -25.11871 -25.11871 -25.11872 -25.11872
 -25.18010 -25.18010 -25.18010 -25.18011 -25.18012
 -25.32008 -25.32008 -25.32008 -25.32008 -25.32009
 -25.50597 -25.50597 -25.50598 -25.50598 -25.50599
 -25.71387 -25.71387 -25.71387 -25.71387 -25.71388
 -25.92483 -25.92483 -25.92484 -25.92484 -25.92484
 -26.12439 -26.12439 -26.12439 -26.12440 -26.12440
 -26.30338 -26.30338 -26.30338 -26.30339 -26.30339
 -26.45823 -26.45823 -26.45823 -26.45823 -26.45823
 -26.58808 -26.58808 -26.58808 -26.58808 -26.58808
 --------------------/ IPRT= 1  / IGRD= 1  /PRB CALC/ Z1=46   / DATE= 10.10.14
 -74.00000 -74.00000 -74.00000 -74.00000 -74.00000
 -28.04247 -28.04247 -28.04247 -28.04247 -28.04247
 -28.06162 -28.06162 -28.06162 -28.06162 -28.06162
 -26.42998 -26.42998 -26.42998 -26.42998 -26.42998
 -26.48740 -26.48740 -26.48740 -26.48740 -26.48740
 -26.55174 -26.55174 -26.55174 -26.55174 -26.55174
 -26.46163 -26.46163 -26.46163 -26.46163 -26.46163
 -25.87374 -25.87374 -25.87374 -25.87374 -25.87375
 -25.33435 -25.33435 -25.33435 -25.33436 -25.33437
 -25.05909 -25.05909 -25.05910 -25.05910 -25.05911
 -24.97919 -24.97919 -24.97919 -24.97919 -24.97920
 -25.02844 -25.02844 -25.02845 -25.02845 -25.02846
 -25.16057 -25.16057 -25.16057 -25.16058 -25.16058
 -25.34338 -25.34338 -25.34339 -25.34339 -25.34339
 -25.55369 -25.55369 -25.55369 -25.55369 -25.55370
 -25.77345 -25.77345 -25.77345 -25.77345 -25.77346
 -25.98832 -25.98832 -25.98832 -25.98832 -25.98833
 -26.18752 -26.18752 -26.18752 -26.18753 -26.18753
 -26.36446 -26.36446 -26.36446 -26.36446 -26.36446
 -26.51515 -26.51515 -26.51515 -26.51515 -26.51515
 --------------------/ IPRT= 1  / IGRD= 1  /PRB CALC/ Z1=47   / DATE= 10.10.14
 -74.00000 -74.00000 -74.00000 -74.00000 -74.00000
 -28.14727 -28.14727 -28.14727 -28.14727 -28.14727
 -26.90199 -26.90199 -26.90199 -26.90199 -26.90199
 -26.82475 -26.82475 -26.82475 -26.82475 -26.82475
 -26.75900 -26.75900 -26.75900 -26.75900 -26.75900
 -26.70221 -26.70221 -26.70221 -26.70221 -26.70221
 -26.54803 -26.54804 -26.54804 -26.54804 -26.54804
 -25.78746 -25.78746 -25.78746 -25.78747 -25.78747
 -25.20297 -25.20297 -25.20297 -25.20297 -25.20298
 -24.91560 -24.91560 -24.91560 -24.91561 -24.91562
 -24.83381 -24.83381 -24.83381 -24.83381 -24.83382
 -24.88501 -24.88501 -24.88501 -24.88502 -24.88503
 -25.02052 -25.02052 -25.02052 -25.02052 -25.02053
 -25.20761 -25.20761 -25.20761 -25.20761 -25.20762
 -25.42356 -25.42356 -25.42356 -25.42356 -25.42357
 -25.65126 -25.65126 -25.65126 -25.65127 -25.65127
 -25.87714 -25.87714 -25.87714 -25.87714 -25.87714
 -26.09032 -26.09032 -26.09032 -26.09032 -26.09032
 -26.28305 -26.28305 -26.28305 -26.28306 -26.28306
 -26.44959 -26.44959 -26.44959 -26.44960 -26.44960
 --------------------/ IPRT= 1  / IGRD= 1  /PRB CALC/ Z1=48   / DATE= 10.10.14
 -74.00000 -74.00000 -74.00000 -74.00000 -74.00000
 -30.16792 -30.16792 -30.16792 -30.16792 -30.16792
 -27.88045 -27.88045 -27.88045 -27.88045 -27.88045
 -26.55577 -26.55577 -26.55577 -26.55577 -26.55577
 -26.50179 -26.50179 -26.50179 -26.50179 -26.50179
 -26.55340 -26.55340 -26.55340 -26.55340 -26.55340
 -26.47903 -26.47903 -26.47903 -26.47903 -26.47903
 -25.84400 -25.84400 -25.84401 -25.84401 -25.84402
 -25.28456 -25.28456 -25.28456 -25.28457 -25.28458
 -25.00577 -25.00577 -25.00577 -25.00578 -25.00579
 -24.92911 -24.92911 -24.92911 -24.92912 -24.92912
 -24.98342 -24.98343 -24.98343 -24.98343 -24.98344
 -25.12023 -25.12023 -25.12023 -25.12024 -25.12024
 -25.30661 -25.30661 -25.30661 -25.30661 -25.30662
 -25.51931 -25.51931 -25.51931 -25.51931 -25.51932
 -25.74045 -25.74045 -25.74045 -25.74045 -25.74046
 -25.95584 -25.95584 -25.95584 -25.95584 -25.95584
 -26.15476 -26.15476 -26.15476 -26.15476 -26.15476
 -26.33092 -26.33092 -26.33092 -26.33092 -26.33093
 -26.48055 -26.48055 -26.48055 -26.48055 -26.48055
 --------------------/ IPRT= 1  / IGRD= 1  /PRB CALC/ Z1=49   / DATE= 10.10.14
 -33.88549 -33.88550 -33.88550 -33.88550 -33.88552
 -29.51654 -29.51654 -29.51654 -29.51655 -29.51655
 -27.39519 -27.39519 -27.39519 -27.39519 -27.39519
 -26.30453 -26.30453 -26.30453 -26.30454 -26.30454
 -25.74163 -25.74163 -25.74163 -25.74163 -25.74164
 -25.43126 -25.43126 -25.43127 -25.43127 -25.43128
 -25.30864 -25.30865 -25.30865 -25.30865 -25.30866
 -25.23711 -25.23711 -25.23711 -25.23712 -25.23713
 -25.06730 -25.06730 -25.06730 -25.06731 -25.06731
 -24.91321 -24.91321 -24.91321 -24.91322 -24.91322
 -24.87526 -24.87526 -24.87526 -24.87527 -24.87527
 -24.94384 -24.94384 -24.94384 -24.94384 -24.94385
 -25.08682 -25.08683 -25.08683 -25.08683 -25.08684
 -25.27628 -25.27628 -25.27628 -25.27628 -25.27629
 -25.49080 -25.49080 -25.49080 -25.49081 -25.49081
 -25.71333 -25.71333 -25.71334 -25.71334 -25.71334
 -25.93006 -25.93006 -25.93006 -25.93007 -25.93007
 -26.13036 -26.13036 -26.13036 -26.13036 -26.13037
 -26.30789 -26.30789 -26.30789 -26.30789 -26.30789
 -26.45876 -26.45876 -26.45876 -26.45876 -26.45876
 --------------------/ IPRT= 1  / IGRD= 1  /PRB CALC/ Z1=50   / DATE= 10.10.14
 -33.42480 -33.42480 -33.42480 -33.42481 -33.42482
 -29.26212 -29.26212 -29.26212 -29.26212 -29.26213
 -27.31041 -27.31041 -27.31041 -27.31041 -27.31041
 -26.21333 -26.21333 -26.21333 -26.21334 -26.21334
 -25.60037 -25.60038 -25.60038 -25.60038 -25.60039
 -25.27362 -25.27362 -25.27362 -25.27362 -25.27363
 -25.16075 -25.16075 -25.16075 -25.16075 -25.16076
 -25.13087 -25.13087 -25.13087 -25.13088 -25.13088
 -25.03860 -25.03860 -25.03860 -25.03860 -25.03861
 -24.92598 -24.92598 -24.92598 -24.92598 -24.92599
 -24.90068 -24.90068 -24.90068 -24.90069 -24.90069
 -24.97232 -24.97232 -24.97232 -24.97233 -24.97233
 -25.11539 -25.11539 -25.11539 -25.11539 -25.11540
 -25.30366 -25.30366 -25.30366 -25.30366 -25.30366
 -25.51599 -25.51599 -25.51599 -25.51599 -25.51599
 -25.73515 -25.73515 -25.73515 -25.73515 -25.73515
 -25.94716 -25.94716 -25.94716 -25.94716 -25.94716
 -26.14155 -26.14155 -26.14155 -26.14155 -26.14156
 -26.31259 -26.31259 -26.31259 -26.31260 -26.31260
 -26.45724 -26.45724 -26.45724 -26.45724 -26.45724
 --------------------/ IPRT= 1  / IGRD= 1  /PRB CALC/ Z1=51   / DATE= 10.10.14
 -32.99369 -32.99369 -32.99370 -32.99370 -32.99371
 -28.82903 -28.82903 -28.82903 -28.82903 -28.82903
 -27.03991 -27.03991 -27.03992 -27.03992 -27.03992
 -26.00866 -26.00866 -26.00866 -26.00866 -26.00867
 -25.43308 -25.43308 -25.43308 -25.43308 -25.43309
 -25.13445 -25.13445 -25.13445 -25.13445 -25.13446
 -25.03191 -25.03191 -25.03192 -25.03192 -25.03193
 -25.02911 -25.02911 -25.02911 -25.02911 -25.02912
 -24.99396 -24.99396 -24.99397 -24.99397 -24.99397
 -24.92377 -24.92377 -24.92377 -24.92378 -24.92378
 -24.91558 -24.91558 -24.91559 -24.91559 -24.91559
 -24.99310 -24.99310 -24.99310 -24.99311 -24.99311
 -25.13780 -25.13780 -25.13780 -25.13781 -25.13781
 -25.32572 -25.32572 -25.32572 -25.32573 -25.32573
 -25.53628 -25.53628 -25.53628 -25.53629 -25.53629
 -25.75236 -25.75236 -25.75236 -25.75236 -25.75236
 -25.95997 -25.95997 -25.95997 -25.95997 -25.95997
 -26.14891 -26.14891 -26.14891 -26.14891 -26.14891
 -26.31410 -26.31410 -26.31410 -26.31410 -26.31410
 -26.45328 -26.45328 -26.45328 -26.45328 -26.45328
 --------------------/ IPRT= 1  / IGRD= 1  /PRB CALC/ Z1=52   / DATE= 10.10.14
 -32.60739 -32.60739 -32.60739 -32.60740 -32.60741
 -28.69801 -28.69801 -28.69801 -28.69801 -28.69801
 -26.98267 -26.98267 -26.98267 -26.98267 -26.98268
 -25.83001 -25.83001 -25.83001 -25.83001 -25.83002
 -25.29269 -25.29269 -25.29269 -25.29270 -25.29270
 -25.00969 -25.00969 -25.00970 -25.00970 -25.00971
 -24.91980 -24.91980 -24.91980 -24.91981 -24.91981
 -24.93584 -24.93584 -24.93584 -24.93584 -24.93585
 -24.94401 -24.94402 -24.94402 -24.94402 -24.94403
 -24.91519 -24.91519 -24.91519 -24.91519 -24.91520
 -24.92759 -24.92759 -24.92759 -24.92759 -24.92760
 -25.01356 -25.01356 -25.01356 -25.01356 -25.01357
 -25.16143 -25.16143 -25.16143 -25.16143 -25.16143
 -25.34987 -25.34987 -25.34987 -25.34987 -25.34988
 -25.55908 -25.55908 -25.55908 -25.55908 -25.55909
 -25.77209 -25.77209 -25.77209 -25.77210 -25.77210
 -25.97502 -25.97502 -25.97502 -25.97502 -25.97502
 -26.15804 -26.15804 -26.15804 -26.15804 -26.15804
 -26.31692 -26.31692 -26.31692 -26.31692 -26.31692
 -26.45026 -26.45026 -26.45026 -26.45026 -26.45026
 --------------------/ IPRT= 1  / IGRD= 1  /PRB CALC/ Z1=53   / DATE= 10.10.14
 -33.52061 -33.52061 -33.52061 -33.52062 -33.52063
 -28.43361 -28.43361 -28.43361 -28.43361 -28.43361
 -26.97009 -26.97009 -26.97009 -26.97009 -26.97009
 -25.97124 -25.97124 -25.97124 -25.97124 -25.97124
 -25.32634 -25.32635 -25.32635 -25.32635 -25.32636
 -24.98079 -24.98079 -24.98079 -24.98079 -24.98080
 -24.85058 -24.85058 -24.85058 -24.85059 -24.85059
 -24.85227 -24.85227 -24.85227 -24.85227 -24.85228
 -24.89030 -24.89030 -24.89030 -24.89030 -24.89031
 -24.91218 -24.91219 -24.91219 -24.91219 -24.91219
 -24.95847 -24.95847 -24.95847 -24.95848 -24.95848
 -25.06094 -25.06094 -25.06095 -25.06095 -25.06095
 -25.21573 -25.21573 -25.21573 -25.21574 -25.21574
 -25.40565 -25.40565 -25.40565 -25.40565 -25.40566
 -25.61229 -25.61229 -25.61230 -25.61230 -25.61230
 -25.81923 -25.81923 -25.81923 -25.81923 -25.81923
 -26.01302 -26.01302 -26.01302 -26.01302 -26.01302
 -26.18503 -26.18503 -26.18503 -26.18503 -26.18503
 -26.33261 -26.33261 -26.33261 -26.33261 -26.33261
 -26.45598 -26.45598 -26.45598 -26.45598 -26.45598
 --------------------/ IPRT= 1  / IGRD= 1  /PRB CALC/ Z1=54   / DATE= 10.10.14
 -33.99173 -33.99173 -33.99173 -33.99173 -33.99174
 -28.49303 -28.49303 -28.49303 -28.49303 -28.49303
 -26.82304 -26.82304 -26.82304 -26.82304 -26.82304
 -25.92447 -25.92447 -25.92447 -25.92447 -25.92448
 -25.32727 -25.32727 -25.32727 -25.32728 -25.32728
 -24.93216 -24.93216 -24.93217 -24.93217 -24.93217
 -24.78222 -24.78222 -24.78222 -24.78222 -24.78223
 -24.76965 -24.76965 -24.76965 -24.76966 -24.76966
 -24.78699 -24.78699 -24.78699 -24.78700 -24.78700
 -24.77201 -24.77201 -24.77201 -24.77201 -24.77201
 -24.78210 -24.78210 -24.78211 -24.78211 -24.78211
 -24.85967 -24.85967 -24.85967 -24.85967 -24.85967
 -25.00048 -25.00048 -25.00048 -25.00048 -25.00048
 -25.18575 -25.18575 -25.18575 -25.18575 -25.18575
 -25.39663 -25.39663 -25.39663 -25.39663 -25.39663
 -25.61706 -25.61706 -25.61706 -25.61706 -25.61707
 -25.83331 -25.83331 -25.83331 -25.83331 -25.83331
 -26.03449 -26.03449 -26.03449 -26.03449 -26.03449
 -26.21335 -26.21335 -26.21335 -26.21336 -26.21336
 -26.36598 -26.36598 -26.36598 -26.36598 -26.36599
 --------------------/ IPRT= 1  / IGRD= 1  /PRB CALC/ Z1=55   / DATE= 10.10.14
 -74.00000 -74.00000 -74.00000 -74.00000 -74.00000
 -28.19894 -28.19894 -28.19894 -28.19894 -28.19894
 -27.09953 -27.09953 -27.09953 -27.09953 -27.09953
 -26.13505 -26.13505 -26.13505 -26.13505 -26.13505
 -26.19783 -26.19783 -26.19783 -26.19783 -26.19783
 -26.02903 -26.02903 -26.02903 -26.02903 -26.02903
 -26.05013 -26.05013 -26.05013 -26.05013 -26.05013
 -25.85886 -25.85886 -25.85886 -25.85886 -25.85886
 -25.44013 -25.44013 -25.44013 -25.44014 -25.44014
 -25.10358 -25.10358 -25.10359 -25.10359 -25.10359
 -24.96002 -24.96002 -24.96002 -24.96002 -24.96003
 -24.96303 -24.96303 -24.96303 -24.96303 -24.96303
 -25.06349 -25.06349 -25.06350 -25.06350 -25.06350
 -25.22489 -25.22489 -25.22489 -25.22489 -25.22489
 -25.42061 -25.42061 -25.42061 -25.42061 -25.42062
 -25.63078 -25.63078 -25.63078 -25.63078 -25.63079
 -25.83961 -25.83961 -25.83961 -25.83961 -25.83961
 -26.03503 -26.03503 -26.03503 -26.03503 -26.03503
 -26.20918 -26.20918 -26.20918 -26.20918 -26.20918
 -26.35802 -26.35802 -26.35802 -26.35802 -26.35802
 --------------------/ IPRT= 1  / IGRD= 1  /PRB CALC/ Z1=56   / DATE= 10.10.14
 -74.00000 -74.00000 -74.00000 -74.00000 -74.00000
 -27.95671 -27.95671 -27.95671 -27.95671 -27.95671
 -26.91174 -26.91174 -26.91174 -26.91174 -26.91174
 -26.35964 -26.35964 -26.35964 -26.35964 -26.35964
 -26.32027 -26.32027 -26.32027 -26.32027 -26.32027
 -26.03666 -26.03666 -26.03666 -26.03666 -26.03666
 -25.99071 -25.99071 -25.99071 -25.99071 -25.99071
 -25.83498 -25.83498 -25.83498 -25.83498 -25.83498
 -25.51258 -25.51258 -25.51258 -25.51258 -25.51259
 -25.21640 -25.21640 -25.21640 -25.21641 -25.21641
 -25.09336 -25.09336 -25.09336 -25.09337 -25.09337
 -25.10945 -25.10945 -25.10945 -25.10946 -25.10946
 -25.21723 -25.21723 -25.21723 -25.21724 -25.21724
 -25.38008 -25.38008 -25.38008 -25.38008 -25.38009
 -25.57078 -25.57078 -25.57078 -25.57078 -25.57078
 -25.76891 -25.76891 -25.76891 -25.76891 -25.76891
 -25.95873 -25.95873 -25.95874 -25.95874 -25.95874
 -26.13001 -26.13001 -26.13001 -26.13001 -26.13001
 -26.27802 -26.27802 -26.27802 -26.27802 -26.27802
 -26.40261 -26.40261 -26.40262 -26.40262 -26.40262
 --------------------/ IPRT= 1  / IGRD= 1  /PRB CALC/ Z1=57   / DATE= 10.10.14
 -74.00000 -74.00000 -74.00000 -74.00000 -74.00000
 -29.70487 -29.70487 -29.70487 -29.70487 -29.70487
 -26.74072 -26.74072 -26.74072 -26.74072 -26.74072
 -26.22696 -26.22696 -26.22696 -26.22696 -26.22696
 -26.21818 -26.21818 -26.21818 -26.21818 -26.21818
 -25.82485 -25.82485 -25.82485 -25.82485 -25.82485
 -25.84592 -25.84592 -25.84592 -25.84592 -25.84592
 -25.80967 -25.80967 -25.80967 -25.80967 -25.80967
 -25.48683 -25.48683 -25.48683 -25.48683 -25.48683
 -25.18713 -25.18713 -25.18713 -25.18713 -25.18713
 -25.05597 -25.05597 -25.05597 -25.05598 -25.05598
 -25.06577 -25.06577 -25.06577 -25.06577 -25.06577
 -25.16956 -25.16956 -25.16956 -25.16957 -25.16957
 -25.33058 -25.33058 -25.33058 -25.33058 -25.33058
 -25.52145 -25.52145 -25.52145 -25.52146 -25.52146
 -25.72183 -25.72183 -25.72183 -25.72183 -25.72183
 -25.91574 -25.91574 -25.91574 -25.91574 -25.91574
 -26.09226 -26.09226 -26.09226 -26.09226 -26.09227
 -26.24574 -26.24574 -26.24574 -26.24574 -26.24574
 -26.37520 -26.37520 -26.37520 -26.37520 -26.37520
 --------------------/ IPRT= 1  / IGRD= 1  /PRB CALC/ Z1=58   / DATE= 10.10.14
 -74.00000 -74.00000 -74.00000 -74.00000 -74.00000
 -29.34090 -29.34090 -29.34090 -29.34090 -29.34090
 -26.58122 -26.58122 -26.58122 -26.58122 -26.58122
 -26.10715 -26.10715 -26.10715 -26.10715 -26.10715
 -26.12483 -26.12483 -26.12483 -26.12483 -26.12483
 -25.89728 -25.89728 -25.89728 -25.89728 -25.89728
 -25.88662 -25.88662 -25.88662 -25.88662 -25.88662
 -25.84350 -25.84350 -25.84350 -25.84350 -25.84350
 -25.52680 -25.52680 -25.52680 -25.52680 -25.52681
 -25.23857 -25.23857 -25.23858 -25.23858 -25.23858
 -25.10540 -25.10540 -25.10540 -25.10540 -25.10541
 -25.11152 -25.11152 -25.11152 -25.11152 -25.11152
 -25.21175 -25.21175 -25.21175 -25.21175 -25.21175
 -25.36907 -25.36907 -25.36907 -25.36907 -25.36907
 -25.55550 -25.55550 -25.55550 -25.55550 -25.55550
 -25.75027 -25.75027 -25.75027 -25.75027 -25.75028
 -25.93732 -25.93732 -25.93732 -25.93732 -25.93733
 -26.10615 -26.10615 -26.10615 -26.10615 -26.10615
 -26.25203 -26.25203 -26.25203 -26.25203 -26.25203
 -26.37483 -26.37483 -26.37483 -26.37483 -26.37483
 --------------------/ IPRT= 1  / IGRD= 1  /PRB CALC/ Z1=59   / DATE= 10.10.14
 -74.00000 -74.00000 -74.00000 -74.00000 -74.00000
 -29.01027 -29.01027 -29.01027 -29.01027 -29.01027
 -26.51906 -26.51906 -26.51906 -26.51906 -26.51906
 -26.01739 -26.01739 -26.01739 -26.01739 -26.01739
 -26.04321 -26.04321 -26.04321 -26.04321 -26.04321
 -25.74536 -25.74536 -25.74536 -25.74536 -25.74536
 -25.77761 -25.77761 -25.77761 -25.77761 -25.77761
 -25.78836 -25.78836 -25.78836 -25.78836 -25.78836
 -25.56495 -25.56495 -25.56495 -25.56495 -25.56495
 -25.29985 -25.29985 -25.29985 -25.29986 -25.29986
 -25.16736 -25.16736 -25.16736 -25.16737 -25.16737
 -25.16986 -25.16986 -25.16986 -25.16986 -25.16987
 -25.26581 -25.26581 -25.26581 -25.26582 -25.26582
 -25.41831 -25.41831 -25.41831 -25.41831 -25.41832
 -25.59882 -25.59882 -25.59882 -25.59882 -25.59882
 -25.78617 -25.78617 -25.78617 -25.78617 -25.78617
 -25.96440 -25.96440 -25.96440 -25.96440 -25.96440
 -26.12378 -26.12378 -26.12378 -26.12378 -26.12378
 -26.26055 -26.26055 -26.26055 -26.26055 -26.26055
 -26.37576 -26.37576 -26.37576 -26.37576 -26.37576
 --------------------/ IPRT= 1  / IGRD= 1  /PRB CALC/ Z1=60   / DATE= 10.10.14
 -74.00000 -74.00000 -74.00000 -74.00000 -74.00000
 -28.71414 -28.71414 -28.71414 -28.71414 -28.71414
 -27.46824 -27.46824 -27.46824 -27.46824 -27.46824
 -26.01534 -26.01534 -26.01534 -26.01534 -26.01534
 -25.97118 -25.97118 -25.97118 -25.97118 -25.97118
 -25.80256 -25.80256 -25.80256 -25.80256 -25.80256
 -25.80094 -25.80094 -25.80094 -25.80094 -25.80094
 -25.80273 -25.80273 -25.80273 -25.80273 -25.80273
 -25.59904 -25.59904 -25.59905 -25.59905 -25.59905
 -25.37585 -25.37585 -25.37585 -25.37585 -25.37585
 -25.24882 -25.24882 -25.24882 -25.24882 -25.24882
 -25.24765 -25.24765 -25.24765 -25.24766 -25.24766
 -25.33785 -25.33785 -25.33785 -25.33786 -25.33786
 -25.48347 -25.48347 -25.48347 -25.48347 -25.48347
 -25.65536 -25.65536 -25.65536 -25.65536 -25.65536
 -25.83235 -25.83235 -25.83235 -25.83235 -25.83235
 -25.99876 -25.99876 -25.99876 -25.99876 -25.99876
 -26.14599 -26.14599 -26.14599 -26.14599 -26.14599
 -26.27190 -26.27190 -26.27190 -26.27190 -26.27190
 -26.37836 -26.37836 -26.37836 -26.37836 -26.37836
 --------------------/ IPRT= 1  / IGRD= 1  /PRB CALC/ Z1=61   / DATE= 10.10.14
 -74.00000 -74.00000 -74.00000 -74.00000 -74.00000
 -28.81789 -28.81789 -28.81789 -28.81789 -28.81789
 -27.35037 -27.35037 -27.35037 -27.35037 -27.35037
 -26.35430 -26.35430 -26.35430 -26.35430 -26.35430
 -25.91391 -25.91391 -25.91391 -25.91391 -25.91391
 -25.68542 -25.68542 -25.68542 -25.68542 -25.68542
 -25.70625 -25.70625 -25.70625 -25.70625 -25.70625
 -25.73768 -25.73768 -25.73768 -25.73768 -25.73768
 -25.62091 -25.62091 -25.62092 -25.62092 -25.62092
 -25.45844 -25.45844 -25.45844 -25.45844 -25.45844
 -25.35356 -25.35356 -25.35357 -25.35357 -25.35357
 -25.35730 -25.35730 -25.35730 -25.35730 -25.35731
 -25.44520 -25.44520 -25.44520 -25.44520 -25.44521
 -25.58352 -25.58352 -25.58353 -25.58353 -25.58353
 -25.74345 -25.74345 -25.74345 -25.74345 -25.74345
 -25.90446 -25.90446 -25.90446 -25.90446 -25.90446
 -26.05255 -26.05255 -26.05255 -26.05255 -26.05256
 -26.18174 -26.18174 -26.18174 -26.18174 -26.18174
 -26.29201 -26.29201 -26.29201 -26.29201 -26.29201
 -26.38632 -26.38632 -26.38632 -26.38632 -26.38632
 --------------------/ IPRT= 1  / IGRD= 1  /PRB CALC/ Z1=62   / DATE= 10.10.14
 -74.00000 -74.00000 -74.00000 -74.00000 -74.00000
 -28.61087 -28.61087 -28.61087 -28.61087 -28.61087
 -27.24329 -27.24329 -27.24329 -27.24329 -27.24329
 -26.59194 -26.59194 -26.59194 -26.59194 -26.59194
 -25.91589 -25.91589 -25.91589 -25.91589 -25.91589
 -25.56135 -25.56135 -25.56135 -25.56135 -25.56135
 -25.61639 -25.61639 -25.61639 -25.61639 -25.61639
 -25.69140 -25.69140 -25.69140 -25.69140 -25.69140
 -25.75009 -25.75009 -25.75009 -25.75009 -25.75009
 -25.83368 -25.83368 -25.83368 -25.83368 -25.83368
 -25.84659 -25.84659 -25.84659 -25.84659 -25.84659
 -25.71190 -25.71190 -25.71190 -25.71190 -25.71190
 -25.57006 -25.57006 -25.57006 -25.57006 -25.57006
 -25.52773 -25.52773 -25.52773 -25.52773 -25.52774
 -25.57875 -25.57875 -25.57875 -25.57875 -25.57875
 -25.69180 -25.69180 -25.69180 -25.69180 -25.69180
 -25.83710 -25.83710 -25.83710 -25.83710 -25.83710
 -25.99177 -25.99177 -25.99177 -25.99177 -25.99177
 -26.13996 -26.13996 -26.13996 -26.13996 -26.13996
 -26.27281 -26.27281 -26.27281 -26.27281 -26.27281
 --------------------/ IPRT= 1  / IGRD= 1  /PRB CALC/ Z1=63   / DATE= 10.10.14
 -74.00000 -74.00000 -74.00000 -74.00000 -74.00000
 -28.43545 -28.43545 -28.43545 -28.43545 -28.43545
 -27.15484 -27.15484 -27.15484 -27.15484 -27.15484
 -26.54257 -26.54257 -26.54257 -26.54257 -26.54257
 -25.88123 -25.88123 -25.88123 -25.88123 -25.88123
 -25.56870 -25.56870 -25.56870 -25.56870 -25.56870
 -25.60592 -25.60592 -25.60592 -25.60592 -25.60592
 -25.67023 -25.67023 -25.67023 -25.67023 -25.67023
 -25.70793 -25.70793 -25.70793 -25.70793 -25.70793
 -25.79354 -25.79354 -25.79354 -25.79354 -25.79354
 -25.81495 -25.81495 -25.81495 -25.81495 -25.81495
 -25.69816 -25.69816 -25.69816 -25.69817 -25.69817
 -25.56844 -25.56844 -25.56844 -25.56844 -25.56844
 -25.53068 -25.53068 -25.53068 -25.53068 -25.53068
 -25.58238 -25.58238 -25.58238 -25.58238 -25.58238
 -25.69440 -25.69440 -25.69440 -25.69440 -25.69440
 -25.83776 -25.83776 -25.83777 -25.83777 -25.83777
 -25.98996 -25.98997 -25.98997 -25.98997 -25.98997
 -26.13547 -26.13547 -26.13547 -26.13547 -26.13547
 -26.26563 -26.26563 -26.26563 -26.26563 -26.26563
 --------------------/ IPRT= 1  / IGRD= 1  /PRB CALC/ Z1=64   / DATE= 10.10.14
 -74.00000 -74.00000 -74.00000 -74.00000 -74.00000
 -28.29522 -28.29522 -28.29522 -28.29522 -28.29522
 -27.08593 -27.08593 -27.08593 -27.08593 -27.08593
 -26.19199 -26.19199 -26.19199 -26.19199 -26.19199
 -25.80097 -25.80097 -25.80097 -25.80097 -25.80097
 -25.47206 -25.47206 -25.47206 -25.47206 -25.47206
 -25.53526 -25.53526 -25.53526 -25.53526 -25.53526
 -25.60490 -25.60490 -25.60490 -25.60490 -25.60490
 -25.66933 -25.66933 -25.66933 -25.66933 -25.66933
 -25.75502 -25.75502 -25.75502 -25.75502 -25.75502
 -25.76864 -25.76864 -25.76864 -25.76864 -25.76864
 -25.63620 -25.63620 -25.63620 -25.63620 -25.63620
 -25.49936 -25.49936 -25.49936 -25.49936 -25.49936
 -25.46166 -25.46166 -25.46166 -25.46166 -25.46166
 -25.51664 -25.51664 -25.51664 -25.51664 -25.51664
 -25.63342 -25.63342 -25.63342 -25.63342 -25.63342
 -25.78286 -25.78286 -25.78286 -25.78286 -25.78286
 -25.94215 -25.94215 -25.94215 -25.94215 -25.94215
 -26.09511 -26.09511 -26.09511 -26.09511 -26.09511
 -26.23227 -26.23227 -26.23227 -26.23227 -26.23227
 --------------------/ IPRT= 1  / IGRD= 1  /PRB CALC/ Z1=65   / DATE= 10.10.14
 -65.20278 -65.26317 -65.33519 -65.41882 -65.51342
 -27.73809 -27.73809 -27.73809 -27.73809 -27.73809
 -27.00200 -27.00200 -27.00200 -27.00200 -27.00200
 -26.16505 -26.16505 -26.16505 -26.16505 -26.16505
 -25.78803 -25.78803 -25.78803 -25.78803 -25.78803
 -25.50857 -25.50859 -25.50861 -25.50863 -25.50865
 -25.54994 -25.55045 -25.55098 -25.55152 -25.55203
 -25.56064 -25.56351 -25.56657 -25.56968 -25.57267
 -25.56796 -25.57477 -25.58215 -25.58975 -25.59717
 -25.61642 -25.62665 -25.63790 -25.64965 -25.66129
 -25.65564 -25.66618 -25.67785 -25.69011 -25.70234
 -25.63355 -25.64107 -25.64935 -25.65804 -25.66667
 -25.58499 -25.58934 -25.59414 -25.59915 -25.60411
 -25.58768 -25.59027 -25.59313 -25.59612 -25.59909
 -25.65517 -25.65687 -25.65874 -25.66071 -25.66266
 -25.76838 -25.76956 -25.77088 -25.77226 -25.77364
 -25.90338 -25.90423 -25.90518 -25.90618 -25.90719
 -26.04103 -26.04164 -26.04231 -26.04303 -26.04375
 -26.16884 -26.16925 -26.16972 -26.17022 -26.17072
 -26.28178 -26.28206 -26.28237 -26.28270 -26.28304
 --------------------/ IPRT= 1  / IGRD= 1  /PRB CALC/ Z1=66   / DATE= 10.10.14
 -64.11827 -64.17821 -64.24977 -64.33294 -64.42712
 -27.78638 -27.78638 -27.78638 -27.78638 -27.78638
 -26.96375 -26.96375 -26.96375 -26.96375 -26.96375
 -26.15561 -26.15561 -26.15561 -26.15561 -26.15561
 -25.78790 -25.78790 -25.78790 -25.78790 -25.78790
 -25.51927 -25.51932 -25.51937 -25.51943 -25.51948
 -25.54192 -25.54300 -25.54414 -25.54529 -25.54638
 -25.51792 -25.52329 -25.52908 -25.53501 -25.54076
 -25.48531 -25.49664 -25.50910 -25.52211 -25.53500
 -25.51186 -25.52778 -25.54557 -25.56449 -25.58359
 -25.55396 -25.57028 -25.58864 -25.60829 -25.62828
 -25.57719 -25.58999 -25.60432 -25.61960 -25.63506
 -25.57472 -25.58292 -25.59205 -25.60170 -25.61140
 -25.60119 -25.60633 -25.61204 -25.61806 -25.62408
 -25.67706 -25.68047 -25.68426 -25.68826 -25.69227
 -25.79037 -25.79276 -25.79541 -25.79821 -25.80103
 -25.92143 -25.92313 -25.92501 -25.92702 -25.92904
 -26.05285 -26.05403 -26.05536 -26.05677 -26.05820
 -26.17415 -26.17495 -26.17585 -26.17682 -26.17780
 -26.28087 -26.28140 -26.28198 -26.28262 -26.28326
 --------------------/ IPRT= 1  / IGRD= 1  /PRB CALC/ Z1=67   / DATE= 10.10.14
 -63.08635 -63.14584 -63.21694 -63.29966 -63.39343
 -29.30183 -29.30183 -29.30183 -29.30183 -29.30183
 -26.55555 -26.55555 -26.55555 -26.55555 -26.55555
 -26.10218 -26.10218 -26.10218 -26.10218 -26.10218
 -25.78489 -25.78489 -25.78489 -25.78489 -25.78489
 -25.54192 -25.54201 -25.54211 -25.54221 -25.54231
 -25.54053 -25.54228 -25.54413 -25.54601 -25.54780
 -25.44935 -25.45647 -25.46418 -25.47212 -25.47987
 -25.39977 -25.41376 -25.42925 -25.44560 -25.46195
 -25.42042 -25.43941 -25.46084 -25.48388 -25.50743
 -25.47469 -25.49448 -25.51695 -25.54131 -25.56643
 -25.53010 -25.54666 -25.56543 -25.58569 -25.60648
 -25.56684 -25.57839 -25.59137 -25.60527 -25.61939
 -25.61740 -25.62501 -25.63353 -25.64261 -25.65177
 -25.70229 -25.70743 -25.71318 -25.71930 -25.72546
 -25.81556 -25.81914 -25.82315 -25.82741 -25.83172
 -25.94177 -25.94428 -25.94710 -25.95010 -25.95314
 -26.06630 -26.06803 -26.06997 -26.07205 -26.07416
 -26.18016 -26.18131 -26.18261 -26.18400 -26.18542
 -26.28046 -26.28120 -26.28203 -26.28293 -26.28385
 --------------------/ IPRT= 1  / IGRD= 1  /PRB CALC/ Z1=68   / DATE= 10.10.14
 -62.12513 -62.18418 -62.25482 -62.33711 -62.43046
 -28.79910 -28.79910 -28.79910 -28.79910 -28.79910
 -26.55341 -26.55341 -26.55341 -26.55341 -26.55341
 -26.11718 -26.11718 -26.11718 -26.11718 -26.11718
 -25.80775 -25.80775 -25.80776 -25.80776 -25.80776
 -25.57649 -25.57666 -25.57683 -25.57701 -25.57717
 -25.54427 -25.54689 -25.54968 -25.55252 -25.55525
 -25.43188 -25.44158 -25.45220 -25.46322 -25.47409
 -25.34443 -25.36140 -25.38038 -25.40062 -25.42110
 -25.35185 -25.37377 -25.39874 -25.42588 -25.45396
 -25.40333 -25.42572 -25.45138 -25.47949 -25.50877
 -25.48336 -25.50306 -25.52560 -25.55021 -25.57578
 -25.55596 -25.57080 -25.58766 -25.60590 -25.62468
 -25.63238 -25.64273 -25.65440 -25.66695 -25.67976
 -25.72854 -25.73569 -25.74374 -25.75236 -25.76112
 -25.84241 -25.84739 -25.85298 -25.85897 -25.86505
 -25.96354 -25.96698 -25.97086 -25.97501 -25.97923
 -26.08036 -26.08269 -26.08531 -26.08812 -26.09099
 -26.18661 -26.18813 -26.18984 -26.19169 -26.19358
 -26.27999 -26.28095 -26.28203 -26.28321 -26.28441
 --------------------/ IPRT= 1  / IGRD= 1  /PRB CALC/ Z1=69   / DATE= 10.10.14
 -74.00000 -74.00000 -74.00000 -74.00000 -74.00000
 -28.63966 -28.63966 -28.63966 -28.63966 -28.63966
 -26.57345 -26.57345 -26.57345 -26.57345 -26.57345
 -26.14756 -26.14756 -26.14756 -26.14756 -26.14756
 -25.84278 -25.84278 -25.84278 -25.84278 -25.84278
 -25.63341 -25.63341 -25.63341 -25.63341 -25.63341
 -25.58585 -25.58585 -25.58585 -25.58585 -25.58585
 -25.49611 -25.49611 -25.49611 -25.49611 -25.49611
 -25.49041 -25.49041 -25.49041 -25.49041 -25.49041
 -25.58268 -25.58268 -25.58268 -25.58268 -25.58268
 -25.66632 -25.66632 -25.66632 -25.66632 -25.66632
 -25.72909 -25.72909 -25.72909 -25.72909 -25.72909
 -25.76341 -25.76341 -25.76341 -25.76341 -25.76341
 -25.80203 -25.80203 -25.80203 -25.80203 -25.80203
 -25.86490 -25.86490 -25.86490 -25.86490 -25.86491
 -25.94746 -25.94746 -25.94746 -25.94746 -25.94746
 -26.03981 -26.03981 -26.03981 -26.03981 -26.03981
 -26.13096 -26.13096 -26.13096 -26.13096 -26.13096
 -26.21624 -26.21624 -26.21624 -26.21624 -26.21624
 -26.29409 -26.29409 -26.29409 -26.29409 -26.29409
 --------------------/ IPRT= 1  / IGRD= 1  /PRB CALC/ Z1=70   / DATE= 10.10.14
 -74.00000 -74.00000 -74.00000 -74.00000 -74.00000
 -28.51507 -28.51507 -28.51507 -28.51507 -28.51507
 -26.62216 -26.62216 -26.62216 -26.62216 -26.62216
 -26.19329 -26.19329 -26.19329 -26.19329 -26.19329
 -25.59998 -25.59998 -25.59998 -25.59998 -25.59998
 -25.39620 -25.39620 -25.39620 -25.39620 -25.39620
 -25.38495 -25.38495 -25.38495 -25.38495 -25.38495
 -25.46576 -25.46576 -25.46576 -25.46576 -25.46576
 -25.48636 -25.48636 -25.48636 -25.48636 -25.48636
 -25.57173 -25.57173 -25.57173 -25.57173 -25.57173
 -25.64151 -25.64151 -25.64151 -25.64151 -25.64151
 -25.72130 -25.72130 -25.72130 -25.72130 -25.72130
 -25.78455 -25.78455 -25.78455 -25.78455 -25.78455
 -25.84554 -25.84554 -25.84554 -25.84554 -25.84554
 -25.91492 -25.91492 -25.91492 -25.91492 -25.91493
 -25.99159 -25.99159 -25.99159 -25.99159 -25.99159
 -26.07210 -26.07210 -26.07210 -26.07210 -26.07210
 -26.15053 -26.15053 -26.15053 -26.15053 -26.15053
 -26.22498 -26.22498 -26.22498 -26.22498 -26.22498
 -26.29445 -26.29445 -26.29445 -26.29445 -26.29445
 --------------------/ IPRT= 1  / IGRD= 1  /PRB CALC/ Z1=71   / DATE= 10.10.14
 -59.50206 -59.55984 -59.62916 -59.71015 -59.80231
 -28.42629 -28.42629 -28.42629 -28.42629 -28.42629
 -26.67435 -26.67435 -26.67435 -26.67435 -26.67435
 -25.90408 -25.90408 -25.90408 -25.90408 -25.90408
 -25.59129 -25.59130 -25.59130 -25.59130 -25.59130
 -25.63574 -25.63588 -25.63604 -25.63619 -25.63634
 -25.41081 -25.41193 -25.41312 -25.41434 -25.41551
 -25.42827 -25.43296 -25.43804 -25.44330 -25.44843
 -25.35974 -25.36735 -25.37573 -25.38449 -25.39317
 -25.41992 -25.43025 -25.44174 -25.45390 -25.46611
 -25.50133 -25.51213 -25.52422 -25.53710 -25.55013
 -25.60552 -25.61530 -25.62626 -25.63797 -25.64985
 -25.71685 -25.72477 -25.73366 -25.74317 -25.75280
 -25.82454 -25.83042 -25.83702 -25.84407 -25.85122
 -25.92209 -25.92614 -25.93069 -25.93555 -25.94048
 -26.00722 -26.00985 -26.01280 -26.01596 -26.01917
 -26.08479 -26.08643 -26.08827 -26.09025 -26.09227
 -26.15645 -26.15745 -26.15857 -26.15978 -26.16102
 -26.22432 -26.22491 -26.22559 -26.22632 -26.22706
 -26.28867 -26.28902 -26.28942 -26.28985 -26.29030
 --------------------/ IPRT= 1  / IGRD= 1  /PRB CALC/ Z1=72   / DATE= 10.10.14
 -74.00000 -74.00000 -74.00000 -74.00000 -74.00000
 -28.37204 -28.37204 -28.37204 -28.37204 -28.37204
 -27.03990 -27.03990 -27.03990 -27.03990 -27.03990
 -25.90225 -25.90225 -25.90225 -25.90225 -25.90225
 -25.64248 -25.64248 -25.64248 -25.64248 -25.64248
 -25.66781 -25.66781 -25.66781 -25.66781 -25.66781
 -25.46210 -25.46210 -25.46210 -25.46210 -25.46210
 -25.48202 -25.48202 -25.48202 -25.48202 -25.48202
 -25.45562 -25.45562 -25.45562 -25.45562 -25.45562
 -25.53684 -25.53684 -25.53684 -25.53684 -25.53684
 -25.59442 -25.59442 -25.59442 -25.59442 -25.59442
 -25.68934 -25.68934 -25.68934 -25.68934 -25.68934
 -25.78126 -25.78126 -25.78126 -25.78126 -25.78126
 -25.86799 -25.86799 -25.86799 -25.86799 -25.86799
 -25.94673 -25.94673 -25.94673 -25.94673 -25.94673
 -26.01714 -26.01714 -26.01714 -26.01714 -26.01714
 -26.08404 -26.08404 -26.08404 -26.08404 -26.08404
 -26.14912 -26.14912 -26.14912 -26.14912 -26.14912
 -26.21319 -26.21319 -26.21319 -26.21319 -26.21319
 -26.27558 -26.27558 -26.27558 -26.27558 -26.27558
 --------------------/ IPRT= 1  / IGRD= 1  /PRB CALC/ Z1=73   / DATE= 10.10.14
 -74.00000 -74.00000 -74.00000 -74.00000 -74.00000
 -27.92462 -27.92462 -27.92462 -27.92462 -27.92462
 -27.03734 -27.03734 -27.03734 -27.03734 -27.03734
 -25.98943 -25.98943 -25.98943 -25.98943 -25.98943
 -25.72754 -25.72754 -25.72754 -25.72754 -25.72754
 -25.70481 -25.70481 -25.70481 -25.70481 -25.70481
 -25.50611 -25.50611 -25.50611 -25.50611 -25.50611
 -25.49170 -25.49170 -25.49170 -25.49170 -25.49170
 -25.40275 -25.40275 -25.40275 -25.40275 -25.40275
 -25.49081 -25.49081 -25.49081 -25.49081 -25.49081
 -25.56932 -25.56932 -25.56932 -25.56932 -25.56932
 -25.66542 -25.66542 -25.66542 -25.66542 -25.66542
 -25.75910 -25.75910 -25.75910 -25.75910 -25.75910
 -25.83357 -25.83357 -25.83357 -25.83357 -25.83357
 -25.84932 -25.84932 -25.84932 -25.84932 -25.84932
 -25.92607 -25.92607 -25.92607 -25.92607 -25.92607
 -25.99985 -25.99985 -25.99985 -25.99985 -25.99985
 -26.07106 -26.07106 -26.07106 -26.07106 -26.07106
 -26.14045 -26.14045 -26.14045 -26.14045 -26.14045
 -26.20743 -26.20743 -26.20743 -26.20743 -26.20743
 --------------------/ IPRT= 1  / IGRD= 1  /PRB CALC/ Z1=74   / DATE= 10.10.14
 -74.00000 -74.00000 -74.00000 -74.00000 -74.00000
 -27.92445 -27.92445 -27.92445 -27.92445 -27.92445
 -27.07266 -27.07266 -27.07266 -27.07266 -27.07266
 -26.10718 -26.10718 -26.10718 -26.10718 -26.10718
 -25.52837 -25.52837 -25.52837 -25.52837 -25.52837
 -25.55846 -25.55846 -25.55846 -25.55846 -25.55846
 -25.32612 -25.32612 -25.32612 -25.32612 -25.32612
 -25.39750 -25.39750 -25.39750 -25.39750 -25.39750
 -25.40536 -25.40536 -25.40536 -25.40536 -25.40536
 -25.48963 -25.48963 -25.48963 -25.48963 -25.48963
 -25.55693 -25.55693 -25.55693 -25.55693 -25.55693
 -25.65321 -25.65321 -25.65321 -25.65321 -25.65321
 -25.74680 -25.74680 -25.74680 -25.74680 -25.74680
 -25.83551 -25.83551 -25.83551 -25.83551 -25.83551
 -25.76789 -25.76789 -25.76789 -25.76789 -25.76789
 -25.84793 -25.84793 -25.84793 -25.84793 -25.84793
 -25.92560 -25.92560 -25.92560 -25.92560 -25.92560
 -26.00071 -26.00071 -26.00071 -26.00071 -26.00071
 -26.07372 -26.07372 -26.07372 -26.07372 -26.07372
 -26.14377 -26.14377 -26.14377 -26.14377 -26.14377
C-------------------------------------------------------------------------------
C
C  Generate continuum power from : 
C     /home/mog/adas/adf03/adam_w_Mar08.dat
C  with filter : filter_50_cmod.dat                   
C
C
C  CODE     : ADAS408
C  PRODUCER : Martin O'Mullane              
C  DATE     : 10.10.14
C
C-------------------------------------------------------------------------------
