N + 7     H + 0 (1)  / receiver, donor (donor state index)
    9                / number of energies
    1                / nmin
    9                / nmax
              40.      50.      60.      70.      80.      90.     100.     125.     150.   / energies         (keV/amu)
               1.23     1.28     1.33     1.40     1.46     1.55     1.56     1.71     1.80 / alpha
           1.18D-13 5.09D-14 2.61D-14 1.35D-14 7.95D-15 4.61D-15 3.10D-15 1.20D-15 5.53D-16 / total xsects.    (cm2)
  n  l  m                                                                                   / partial xsects.  (cm2)
  1        0.00D+00 0.00D+00 0.00D+00 0.00D+00 0.00D+00 0.00D+00 0.00D+00 0.00D+00 0.00D+00
  1  0     0.00D+00 0.00D+00 0.00D+00 0.00D+00 0.00D+00 0.00D+00 0.00D+00 0.00D+00 0.00D+00
  2        0.00D+00 0.00D+00 0.00D+00 0.00D+00 0.00D+00 0.00D+00 0.00D+00 0.00D+00 0.00D+00
  2  0     0.00D+00 0.00D+00 0.00D+00 0.00D+00 0.00D+00 0.00D+00 0.00D+00 0.00D+00 0.00D+00
  2  1     0.00D+00 0.00D+00 0.00D+00 0.00D+00 0.00D+00 0.00D+00 0.00D+00 0.00D+00 0.00D+00
  2  1  0  0.00D+00 0.00D+00 0.00D+00 0.00D+00 0.00D+00 0.00D+00 0.00D+00 0.00D+00 0.00D+00
  2  1  1  0.00D+00 0.00D+00 0.00D+00 0.00D+00 0.00D+00 0.00D+00 0.00D+00 0.00D+00 0.00D+00
  3        0.00D+00 0.00D+00 0.00D+00 0.00D+00 0.00D+00 0.00D+00 0.00D+00 0.00D+00 0.00D+00
  3  0     0.00D+00 0.00D+00 0.00D+00 0.00D+00 0.00D+00 0.00D+00 0.00D+00 0.00D+00 0.00D+00
  3  1     0.00D+00 0.00D+00 0.00D+00 0.00D+00 0.00D+00 0.00D+00 0.00D+00 0.00D+00 0.00D+00
  3  1  0  0.00D+00 0.00D+00 0.00D+00 0.00D+00 0.00D+00 0.00D+00 0.00D+00 0.00D+00 0.00D+00
  3  1  1  0.00D+00 0.00D+00 0.00D+00 0.00D+00 0.00D+00 0.00D+00 0.00D+00 0.00D+00 0.00D+00
  3  2     0.00D+00 0.00D+00 0.00D+00 0.00D+00 0.00D+00 0.00D+00 0.00D+00 0.00D+00 0.00D+00
  3  2  0  0.00D+00 0.00D+00 0.00D+00 0.00D+00 0.00D+00 0.00D+00 0.00D+00 0.00D+00 0.00D+00
  3  2  1  0.00D+00 0.00D+00 0.00D+00 0.00D+00 0.00D+00 0.00D+00 0.00D+00 0.00D+00 0.00D+00
  3  2  2  0.00D+00 0.00D+00 0.00D+00 0.00D+00 0.00D+00 0.00D+00 0.00D+00 0.00D+00 0.00D+00
  4        0.00D+00 0.00D+00 0.00D+00 0.00D+00 0.00D+00 0.00D+00 0.00D+00 8.13D-17 4.70D-17
  4  0     0.00D+00 0.00D+00 0.00D+00 0.00D+00 0.00D+00 0.00D+00 0.00D+00 2.78D-18 1.79D-18
  4  1     0.00D+00 0.00D+00 0.00D+00 0.00D+00 0.00D+00 0.00D+00 0.00D+00 6.90D-18 3.29D-18
  4  1  0  0.00D+00 0.00D+00 0.00D+00 0.00D+00 0.00D+00 0.00D+00 0.00D+00 5.04D-18 2.43D-18
  4  1  1  0.00D+00 0.00D+00 0.00D+00 0.00D+00 0.00D+00 0.00D+00 0.00D+00 9.32D-19 4.33D-19
  4  2     0.00D+00 0.00D+00 0.00D+00 0.00D+00 0.00D+00 0.00D+00 0.00D+00 1.38D-17 1.03D-17
  4  2  0  0.00D+00 0.00D+00 0.00D+00 0.00D+00 0.00D+00 0.00D+00 0.00D+00 9.05D-18 7.06D-18
  4  2  1  0.00D+00 0.00D+00 0.00D+00 0.00D+00 0.00D+00 0.00D+00 0.00D+00 1.96D-18 1.36D-18
  4  2  2  0.00D+00 0.00D+00 0.00D+00 0.00D+00 0.00D+00 0.00D+00 0.00D+00 4.35D-19 2.60D-19
  4  3     0.00D+00 0.00D+00 0.00D+00 0.00D+00 0.00D+00 0.00D+00 0.00D+00 5.78D-17 3.16D-17
  4  3  0  0.00D+00 0.00D+00 0.00D+00 0.00D+00 0.00D+00 0.00D+00 0.00D+00 2.49D-17 1.39D-17
  4  3  1  0.00D+00 0.00D+00 0.00D+00 0.00D+00 0.00D+00 0.00D+00 0.00D+00 1.23D-17 6.80D-18
  4  3  2  0.00D+00 0.00D+00 0.00D+00 0.00D+00 0.00D+00 0.00D+00 0.00D+00 3.65D-18 1.83D-18
  4  3  3  0.00D+00 0.00D+00 0.00D+00 0.00D+00 0.00D+00 0.00D+00 0.00D+00 4.94D-19 2.30D-19
  5        0.00D+00 0.00D+00 0.00D+00 0.00D+00 4.17D-16 2.94D-16 2.12D-16 1.02D-16 5.39D-17
  5  0     0.00D+00 0.00D+00 0.00D+00 0.00D+00 6.03D-18 4.92D-18 4.14D-18 2.68D-18 1.65D-18
  5  1     0.00D+00 0.00D+00 0.00D+00 0.00D+00 3.07D-17 2.13D-17 1.47D-17 5.99D-18 2.70D-18
  5  1  0  0.00D+00 0.00D+00 0.00D+00 0.00D+00 2.59D-17 1.77D-17 1.20D-17 4.70D-18 2.09D-18
  5  1  1  0.00D+00 0.00D+00 0.00D+00 0.00D+00 2.40D-18 1.81D-18 1.36D-18 6.45D-19 3.05D-19
  5  2     0.00D+00 0.00D+00 0.00D+00 0.00D+00 3.63D-17 2.43D-17 1.78D-17 1.08D-17 7.71D-18
  5  2  0  0.00D+00 0.00D+00 0.00D+00 0.00D+00 1.90D-17 1.39D-17 1.11D-17 7.84D-18 5.83D-18
  5  2  1  0.00D+00 0.00D+00 0.00D+00 0.00D+00 7.45D-18 4.46D-18 2.82D-18 1.23D-18 7.88D-19
  5  2  2  0.00D+00 0.00D+00 0.00D+00 0.00D+00 1.17D-18 7.66D-19 5.32D-19 2.59D-19 1.51D-19
  5  3     0.00D+00 0.00D+00 0.00D+00 0.00D+00 9.63D-17 7.88D-17 6.41D-17 3.76D-17 2.20D-17
  5  3  0  0.00D+00 0.00D+00 0.00D+00 0.00D+00 5.05D-17 4.18D-17 3.41D-17 1.99D-17 1.15D-17
  5  3  1  0.00D+00 0.00D+00 0.00D+00 0.00D+00 1.57D-17 1.32D-17 1.10D-17 6.82D-18 4.15D-18
  5  3  2  0.00D+00 0.00D+00 0.00D+00 0.00D+00 6.43D-18 4.74D-18 3.57D-18 1.84D-18 1.01D-18
  5  3  3  0.00D+00 0.00D+00 0.00D+00 0.00D+00 8.07D-19 5.82D-19 4.30D-19 2.14D-19 1.14D-19
  5  4     0.00D+00 0.00D+00 0.00D+00 0.00D+00 2.48D-16 1.64D-16 1.11D-16 4.49D-17 1.98D-17
  5  4  0  0.00D+00 0.00D+00 0.00D+00 0.00D+00 8.79D-17 5.91D-17 4.04D-17 1.66D-17 7.37D-18
  5  4  1  0.00D+00 0.00D+00 0.00D+00 0.00D+00 5.27D-17 3.52D-17 2.39D-17 9.77D-18 4.34D-18
  5  4  2  0.00D+00 0.00D+00 0.00D+00 0.00D+00 2.14D-17 1.37D-17 9.04D-18 3.50D-18 1.52D-18
  5  4  3  0.00D+00 0.00D+00 0.00D+00 0.00D+00 5.34D-18 3.33D-18 2.15D-18 8.07D-19 3.47D-19
  5  4  4  0.00D+00 0.00D+00 0.00D+00 0.00D+00 5.33D-19 3.21D-19 2.02D-19 7.35D-20 3.17D-20
  6        0.00D+00 0.00D+00 1.12D-15 7.00D-16 4.59D-16 3.12D-16 2.18D-16 9.87D-17 4.96D-17
  6  0     0.00D+00 0.00D+00 1.05D-17 6.84D-18 5.23D-18 4.29D-18 3.60D-18 2.26D-18 1.36D-18
  6  1     0.00D+00 0.00D+00 6.03D-17 4.14D-17 2.81D-17 1.89D-17 1.27D-17 4.94D-18 2.15D-18
  6  1  0  0.00D+00 0.00D+00 5.42D-17 3.69D-17 2.46D-17 1.63D-17 1.08D-17 4.00D-18 1.70D-18
  6  1  1  0.00D+00 0.00D+00 3.05D-18 2.25D-18 1.70D-18 1.29D-18 9.72D-19 4.69D-19 2.25D-19
  6  2     0.00D+00 0.00D+00 8.49D-17 4.81D-17 2.94D-17 1.96D-17 1.43D-17 8.39D-18 5.77D-18
  6  2  0  0.00D+00 0.00D+00 4.84D-17 2.69D-17 1.69D-17 1.20D-17 9.39D-18 6.29D-18 4.52D-18
  6  2  1  0.00D+00 0.00D+00 1.63D-17 9.38D-18 5.50D-18 3.32D-18 2.10D-18 8.74D-19 5.26D-19
  6  2  2  0.00D+00 0.00D+00 2.01D-18 1.20D-18 7.61D-19 5.10D-19 3.58D-19 1.75D-19 1.00D-19
  6  3     0.00D+00 0.00D+00 1.21D-16 9.11D-17 7.20D-17 5.78D-17 4.66D-17 2.72D-17 1.59D-17
  6  3  0  0.00D+00 0.00D+00 6.47D-17 5.23D-17 4.26D-17 3.44D-17 2.76D-17 1.57D-17 8.95D-18
  6  3  1  0.00D+00 0.00D+00 1.84D-17 1.29D-17 1.02D-17 8.40D-18 7.01D-18 4.44D-18 2.77D-18
  6  3  2  0.00D+00 0.00D+00 8.85D-18 5.83D-18 4.09D-18 2.98D-18 2.23D-18 1.16D-18 6.42D-19
  6  3  3  0.00D+00 0.00D+00 9.83D-19 6.42D-19 4.46D-19 3.23D-19 2.40D-19 1.24D-19 6.83D-20
  6  4     0.00D+00 0.00D+00 3.75D-16 2.57D-16 1.77D-16 1.23D-16 8.64D-17 3.76D-17 1.74D-17
  6  4  0  0.00D+00 0.00D+00 1.59D-16 1.09D-16 7.46D-17 5.17D-17 3.61D-17 1.55D-17 7.11D-18
  6  4  1  0.00D+00 0.00D+00 7.00D-17 4.95D-17 3.50D-17 2.48D-17 1.77D-17 7.90D-18 3.72D-18
  6  4  2  0.00D+00 0.00D+00 2.98D-17 1.92D-17 1.27D-17 8.55D-18 5.88D-18 2.48D-18 1.14D-18
  6  4  3  0.00D+00 0.00D+00 7.65D-18 4.79D-18 3.10D-18 2.06D-18 1.41D-18 5.87D-19 2.72D-19
  6  4  4  0.00D+00 0.00D+00 8.10D-19 4.97D-19 3.19D-19 2.11D-19 1.44D-19 6.15D-20 2.96D-20
  6  5     0.00D+00 0.00D+00 4.64D-16 2.56D-16 1.48D-16 8.84D-17 5.46D-17 1.84D-17 7.02D-18
  6  5  0  0.00D+00 0.00D+00 1.45D-16 8.05D-17 4.67D-17 2.80D-17 1.73D-17 5.78D-18 2.18D-18
  6  5  1  0.00D+00 0.00D+00 9.56D-17 5.32D-17 3.09D-17 1.86D-17 1.15D-17 3.87D-18 1.48D-18
  6  5  2  0.00D+00 0.00D+00 4.49D-17 2.43D-17 1.38D-17 8.18D-18 5.01D-18 1.65D-18 6.26D-19
  6  5  3  0.00D+00 0.00D+00 1.57D-17 8.44D-18 4.79D-18 2.85D-18 1.76D-18 6.08D-19 2.45D-19
  6  5  4  0.00D+00 0.00D+00 3.05D-18 1.65D-18 9.53D-19 5.83D-19 3.73D-19 1.43D-19 6.49D-20
  6  5  5  0.00D+00 0.00D+00 2.66D-19 1.45D-19 8.51D-20 5.33D-20 3.51D-20 1.47D-20 7.26D-21
  7        3.58D-15 1.89D-15 1.09D-15 6.68D-16 4.29D-16 2.86D-16 1.97D-16 8.57D-17 4.19D-17
  7  0     3.74D-17 1.62D-17 8.62D-18 5.72D-18 4.39D-18 3.58D-18 2.97D-18 1.82D-18 1.06D-18
  7  1     1.20D-16 8.03D-17 5.39D-17 3.59D-17 2.38D-17 1.57D-17 1.04D-17 3.93D-18 1.67D-18
  7  1  0  1.07D-16 7.33D-17 4.92D-17 3.25D-17 2.12D-17 1.38D-17 8.98D-18 3.23D-18 1.33D-18
  7  1  1  6.36D-18 3.53D-18 2.36D-18 1.71D-18 1.28D-18 9.66D-19 7.25D-19 3.50D-19 1.69D-19
  7  2     2.59D-16 1.30D-16 6.85D-17 3.86D-17 2.35D-17 1.57D-17 1.13D-17 6.46D-18 4.33D-18
  7  2  0  1.78D-16 8.33D-17 4.15D-17 2.27D-17 1.40D-17 9.80D-18 7.54D-18 4.88D-18 3.43D-18
  7  2  1  3.60D-17 2.08D-17 1.20D-17 7.05D-18 4.19D-18 2.56D-18 1.63D-18 6.62D-19 3.79D-19
  7  2  2  4.85D-18 2.52D-18 1.42D-18 8.61D-19 5.52D-19 3.73D-19 2.63D-19 1.28D-19 7.21D-20
  7  3     2.68D-16 1.48D-16 9.83D-17 7.24D-17 5.59D-17 4.41D-17 3.51D-17 2.01D-17 1.17D-17
  7  3  0  1.24D-16 7.71D-17 5.66D-17 4.41D-17 3.49D-17 2.77D-17 2.19D-17 1.22D-17 6.84D-18
  7  3  1  5.08D-17 2.42D-17 1.40D-17 9.57D-18 7.33D-18 5.92D-18 4.89D-18 3.08D-18 1.93D-18
  7  3  2  1.90D-17 1.02D-17 6.20D-18 4.09D-18 2.85D-18 2.07D-18 1.54D-18 7.95D-19 4.40D-19
  7  3  3  2.27D-18 1.18D-18 6.97D-19 4.48D-19 3.07D-19 2.19D-19 1.62D-19 8.28D-20 4.60D-20
  7  4     6.26D-16 4.10D-16 2.77D-16 1.90D-16 1.32D-16 9.25D-17 6.56D-17 2.91D-17 1.38D-17
  7  4  0  2.87D-16 1.92D-16 1.29D-16 8.80D-17 6.05D-17 4.20D-17 2.94D-17 1.27D-17 5.87D-18
  7  4  1  9.87D-17 6.83D-17 4.85D-17 3.46D-17 2.48D-17 1.78D-17 1.29D-17 5.94D-18 2.87D-18
  7  4  2  5.54D-17 3.21D-17 1.99D-17 1.29D-17 8.61D-18 5.90D-18 4.12D-18 1.80D-18 8.50D-19
  7  4  3  1.35D-17 7.69D-18 4.71D-18 3.02D-18 2.01D-18 1.37D-18 9.56D-19 4.20D-19 2.02D-19
  7  4  4  1.67D-18 9.13D-19 5.41D-19 3.39D-19 2.22D-19 1.50D-19 1.05D-19 4.66D-20 2.31D-20
  7  5     1.30D-15 6.90D-16 3.86D-16 2.25D-16 1.35D-16 8.39D-17 5.33D-17 1.89D-17 7.48D-18
  7  5  0  4.62D-16 2.44D-16 1.36D-16 7.84D-17 4.69D-17 2.89D-17 1.82D-17 6.34D-18 2.46D-18
  7  5  1  2.56D-16 1.40D-16 7.95D-17 4.69D-17 2.85D-17 1.78D-17 1.14D-17 4.05D-18 1.61D-18
  7  5  2  1.12D-16 5.78D-17 3.18D-17 1.84D-17 1.10D-17 6.81D-18 4.33D-18 1.54D-18 6.09D-19
  7  5  3  4.09D-17 2.03D-17 1.09D-17 6.18D-18 3.66D-18 2.25D-18 1.43D-18 5.16D-19 2.13D-19
  7  5  4  9.59D-18 4.75D-18 2.57D-18 1.48D-18 9.00D-19 5.70D-19 3.74D-19 1.49D-19 6.83D-20
  7  5  5  1.03D-18 5.27D-19 2.93D-19 1.75D-19 1.10D-19 7.18D-20 4.88D-20 2.10D-20 1.04D-20
  7  6     9.68D-16 4.19D-16 1.99D-16 1.01D-16 5.43D-17 3.05D-17 1.79D-17 5.37D-18 1.90D-18
  7  6  0  2.67D-16 1.15D-16 5.43D-17 2.73D-17 1.45D-17 8.05D-18 4.64D-18 1.34D-18 4.51D-19
  7  6  1  1.92D-16 8.36D-17 3.98D-17 2.03D-17 1.09D-17 6.10D-18 3.55D-18 1.05D-18 3.61D-19
  7  6  2  9.74D-17 4.18D-17 1.97D-17 9.96D-18 5.32D-18 2.98D-18 1.73D-18 5.17D-19 1.82D-19
  7  6  3  4.33D-17 1.85D-17 8.69D-18 4.41D-18 2.37D-18 1.34D-18 7.92D-19 2.45D-19 8.96D-20
  7  6  4  1.45D-17 6.51D-18 3.25D-18 1.77D-18 1.02D-18 6.23D-19 3.96D-19 1.48D-19 6.48D-20
  7  6  5  3.10D-18 1.48D-18 7.87D-19 4.56D-19 2.81D-19 1.82D-19 1.23D-19 5.23D-20 2.54D-20
  7  6  6  2.79D-19 1.40D-19 7.83D-20 4.76D-20 3.07D-20 2.07D-20 1.45D-20 6.63D-21 3.42D-21
  8        3.26D-15 1.71D-15 9.71D-16 5.87D-16 3.73D-16 2.46D-16 1.67D-16 7.12D-17 3.41D-17
  8  0     2.94D-17 1.29D-17 7.06D-18 4.74D-18 3.62D-18 2.92D-18 2.39D-18 1.43D-18 8.25D-19
  8  1     1.10D-16 7.05D-17 4.59D-17 2.98D-17 1.94D-17 1.27D-17 8.34D-18 3.08D-18 1.29D-18
  8  1  0  9.94D-17 6.47D-17 4.20D-17 2.71D-17 1.74D-17 1.12D-17 7.23D-18 2.55D-18 1.03D-18
  8  1  1  5.18D-18 2.92D-18 1.92D-18 1.36D-18 1.00D-18 7.44D-19 5.55D-19 2.66D-19 1.29D-19
  8  2     2.12D-16 1.04D-16 5.46D-17 3.07D-17 1.87D-17 1.24D-17 8.93D-18 4.98D-18 3.27D-18
  8  2  0  1.49D-16 6.86D-17 3.40D-17 1.85D-17 1.13D-17 7.83D-18 5.96D-18 3.76D-18 2.60D-18
  8  2  1  2.77D-17 1.58D-17 9.21D-18 5.43D-18 3.26D-18 2.01D-18 1.28D-18 5.13D-19 2.83D-19
  8  2  2  3.75D-18 1.94D-18 1.10D-18 6.64D-19 4.26D-19 2.87D-19 2.02D-19 9.68D-20 5.38D-20
  8  3     2.15D-16 1.21D-16 7.99D-17 5.78D-17 4.38D-17 3.41D-17 2.68D-17 1.51D-17 8.69D-18
  8  3  0  1.07D-16 6.63D-17 4.75D-17 3.61D-17 2.81D-17 2.19D-17 1.72D-17 9.39D-18 5.22D-18
  8  3  1  3.82D-17 1.89D-17 1.10D-17 7.40D-18 5.52D-18 4.38D-18 3.57D-18 2.22D-18 1.39D-18
  8  3  2  1.39D-17 7.61D-18 4.65D-18 3.06D-18 2.12D-18 1.53D-18 1.13D-18 5.76D-19 3.17D-19
  8  3  3  1.86D-18 9.56D-19 5.54D-19 3.49D-19 2.34D-19 1.65D-19 1.20D-19 6.03D-20 3.32D-20
  8  4     5.03D-16 3.19D-16 2.12D-16 1.45D-16 1.00D-16 7.04D-17 5.01D-17 2.24D-17 1.06D-17
  8  4  0  2.44D-16 1.58D-16 1.04D-16 7.04D-17 4.81D-17 3.33D-17 2.33D-17 1.01D-17 4.66D-18
  8  4  1  7.81D-17 5.15D-17 3.58D-17 2.54D-17 1.82D-17 1.32D-17 9.58D-18 4.47D-18 2.18D-18
  8  4  2  4.07D-17 2.33D-17 1.44D-17 9.32D-18 6.24D-18 4.29D-18 3.01D-18 1.33D-18 6.37D-19
  8  4  3  9.47D-18 5.35D-18 3.27D-18 2.11D-18 1.42D-18 9.75D-19 6.87D-19 3.09D-19 1.51D-19
  8  4  4  1.39D-18 7.30D-19 4.24D-19 2.63D-19 1.71D-19 1.16D-19 8.05D-20 3.60D-20 1.79D-20
  8  5     9.78D-16 5.31D-16 3.03D-16 1.80D-16 1.11D-16 6.97D-17 4.49D-17 1.64D-17 6.60D-18
  8  5  0  3.82D-16 2.04D-16 1.15D-16 6.72D-17 4.07D-17 2.53D-17 1.61D-17 5.71D-18 2.25D-18
  8  5  1  1.86D-16 1.04D-16 6.10D-17 3.69D-17 2.29D-17 1.46D-17 9.45D-18 3.47D-18 1.41D-18
  8  5  2  7.71D-17 4.09D-17 2.32D-17 1.37D-17 8.43D-18 5.32D-18 3.45D-18 1.27D-18 5.18D-19
  8  5  3  2.74D-17 1.42D-17 7.90D-18 4.63D-18 2.83D-18 1.79D-18 1.16D-18 4.36D-19 1.85D-19
  8  5  4  7.08D-18 3.59D-18 1.99D-18 1.18D-18 7.30D-19 4.71D-19 3.14D-19 1.28D-19 5.99D-20
  8  5  5  9.86D-19 4.95D-19 2.74D-19 1.63D-19 1.02D-19 6.70D-20 4.55D-20 1.95D-20 9.57D-21
  8  6     8.78D-16 4.08D-16 2.04D-16 1.08D-16 5.97D-17 3.44D-17 2.05D-17 6.33D-18 2.26D-18
  8  6  0  2.72D-16 1.24D-16 6.12D-17 3.20D-17 1.75D-17 9.94D-18 5.84D-18 1.75D-18 6.00D-19
  8  6  1  1.76D-16 8.23D-17 4.13D-17 2.19D-17 1.21D-17 6.94D-18 4.12D-18 1.25D-18 4.36D-19
  8  6  2  8.17D-17 3.83D-17 1.93D-17 1.03D-17 5.74D-18 3.32D-18 1.99D-18 6.19D-19 2.22D-19
  8  6  3  2.96D-17 1.38D-17 6.89D-18 3.66D-18 2.04D-18 1.18D-18 7.09D-19 2.24D-19 8.24D-20
  8  6  4  1.11D-17 5.18D-18 2.65D-18 1.46D-18 8.48D-19 5.18D-19 3.30D-19 1.23D-19 5.40D-20
  8  6  5  4.12D-18 1.96D-18 1.04D-18 5.92D-19 3.60D-19 2.30D-19 1.53D-19 6.31D-20 3.00D-20
  8  6  6  5.97D-19 2.90D-19 1.58D-19 9.25D-20 5.76D-20 3.76D-20 2.55D-20 1.09D-20 5.37D-21
  8  7     3.39D-16 1.40D-16 6.40D-17 3.14D-17 1.64D-17 9.05D-18 5.22D-18 1.56D-18 5.62D-19
  8  7  0  7.92D-17 3.21D-17 1.43D-17 6.85D-18 3.49D-18 1.87D-18 1.05D-18 2.88D-19 9.55D-20
  8  7  1  6.07D-17 2.48D-17 1.11D-17 5.34D-18 2.72D-18 1.45D-18 8.09D-19 2.19D-19 7.08D-20
  8  7  2  3.53D-17 1.48D-17 6.77D-18 3.34D-18 1.75D-18 9.64D-19 5.56D-19 1.65D-19 5.93D-20
  8  7  3  1.64D-17 6.79D-18 3.10D-18 1.53D-18 8.05D-19 4.47D-19 2.60D-19 7.96D-20 2.97D-20
  8  7  4  9.74D-18 4.20D-18 2.02D-18 1.05D-18 5.80D-19 3.39D-19 2.06D-19 6.95D-20 2.76D-20
  8  7  5  5.66D-18 2.61D-18 1.34D-18 7.49D-19 4.45D-19 2.77D-19 1.80D-19 6.96D-20 3.10D-20
  8  7  6  1.71D-18 8.15D-19 4.37D-19 2.53D-19 1.56D-19 1.01D-19 6.74D-20 2.80D-20 1.33D-20
  8  7  7  1.96D-19 9.51D-20 5.18D-20 3.06D-20 1.92D-20 1.26D-20 8.62D-21 3.73D-21 1.83D-21
  9        2.82D-15 1.47D-15 8.30D-16 4.98D-16 3.14D-16 2.05D-16 1.39D-16 5.82D-17 2.76D-17
  9  0     2.30D-17 1.04D-17 5.79D-18 3.90D-18 2.96D-18 2.36D-18 1.92D-18 1.13D-18 6.41D-19
  9  1     9.68D-17 6.00D-17 3.81D-17 2.44D-17 1.57D-17 1.02D-17 6.64D-18 2.42D-18 1.00D-18
  9  1  0  8.79D-17 5.50D-17 3.49D-17 2.22D-17 1.41D-17 8.99D-18 5.77D-18 2.01D-18 8.05D-19
  9  1  1  4.47D-18 2.49D-18 1.59D-18 1.10D-18 7.95D-19 5.84D-19 4.32D-19 2.05D-19 9.90D-20
  9  2     1.70D-16 8.29D-17 4.34D-17 2.44D-17 1.49D-17 9.87D-18 7.06D-18 3.87D-18 2.51D-18
  9  2  0  1.20D-16 5.50D-17 2.73D-17 1.49D-17 9.08D-18 6.23D-18 4.71D-18 2.91D-18 1.99D-18
  9  2  1  2.20D-17 1.24D-17 7.19D-18 4.26D-18 2.57D-18 1.59D-18 1.02D-18 4.03D-19 2.17D-19
  9  2  2  3.10D-18 1.58D-18 8.84D-19 5.32D-19 3.40D-19 2.28D-19 1.59D-19 7.51D-20 4.12D-20
  9  3     1.75D-16 9.94D-17 6.49D-17 4.63D-17 3.46D-17 2.66D-17 2.08D-17 1.15D-17 6.59D-18
  9  3  0  9.00D-17 5.56D-17 3.91D-17 2.93D-17 2.24D-17 1.74D-17 1.35D-17 7.28D-18 4.01D-18
  9  3  1  2.98D-17 1.51D-17 8.80D-18 5.83D-18 4.27D-18 3.33D-18 2.68D-18 1.64D-18 1.03D-18
  9  3  2  1.09D-17 5.98D-18 3.63D-18 2.37D-18 1.63D-18 1.17D-18 8.56D-19 4.31D-19 2.36D-19
  9  3  3  1.63D-18 8.20D-19 4.64D-19 2.86D-19 1.88D-19 1.30D-19 9.36D-20 4.58D-20 2.49D-20
  9  4     4.09D-16 2.53D-16 1.66D-16 1.12D-16 7.74D-17 5.43D-17 3.86D-17 1.73D-17 8.23D-18
  9  4  0  2.03D-16 1.28D-16 8.38D-17 5.61D-17 3.82D-17 2.63D-17 1.84D-17 7.95D-18 3.67D-18
  9  4  1  6.29D-17 4.00D-17 2.73D-17 1.92D-17 1.37D-17 9.93D-18 7.24D-18 3.39D-18 1.67D-18
  9  4  2  3.14D-17 1.78D-17 1.09D-17 7.02D-18 4.69D-18 3.22D-18 2.26D-18 1.00D-18 4.83D-19
  9  4  3  7.34D-18 4.06D-18 2.46D-18 1.58D-18 1.06D-18 7.30D-19 5.15D-19 2.33D-19 1.15D-19
  9  4  4  1.25D-18 6.29D-19 3.55D-19 2.16D-19 1.38D-19 9.27D-20 6.41D-20 2.84D-20 1.41D-20
  9  5     7.54D-16 4.12D-16 2.38D-16 1.43D-16 8.84D-17 5.61D-17 3.65D-17 1.35D-17 5.50D-18
  9  5  0  3.10D-16 1.66D-16 9.41D-17 5.54D-17 3.37D-17 2.10D-17 1.35D-17 4.81D-18 1.91D-18
  9  5  1  1.39D-16 7.87D-17 4.67D-17 2.86D-17 1.80D-17 1.15D-17 7.56D-18 2.83D-18 1.16D-18
  9  5  2  5.67D-17 3.04D-17 1.74D-17 1.04D-17 6.48D-18 4.14D-18 2.71D-18 1.02D-18 4.22D-19
  9  5  3  2.01D-17 1.06D-17 5.99D-18 3.58D-18 2.22D-18 1.42D-18 9.32D-19 3.59D-19 1.55D-19
  9  5  4  5.63D-18 2.84D-18 1.58D-18 9.41D-19 5.88D-19 3.82D-19 2.56D-19 1.06D-19 4.98D-20
  9  5  5  9.63D-19 4.63D-19 2.50D-19 1.46D-19 9.05D-20 5.88D-20 3.97D-20 1.68D-20 8.15D-21
  9  6     7.17D-16 3.46D-16 1.78D-16 9.64D-17 5.45D-17 3.19D-17 1.92D-17 6.09D-18 2.21D-18
  9  6  0  2.37D-16 1.11D-16 5.60D-17 2.98D-17 1.65D-17 9.51D-18 5.65D-18 1.73D-18 6.01D-19
  9  6  1  1.43D-16 6.98D-17 3.61D-17 1.96D-17 1.11D-17 6.47D-18 3.89D-18 1.22D-18 4.31D-19
  9  6  2  6.11D-17 3.02D-17 1.58D-17 8.69D-18 4.97D-18 2.93D-18 1.78D-18 5.73D-19 2.10D-19
  9  6  3  2.22D-17 1.09D-17 5.67D-18 3.11D-18 1.78D-18 1.05D-18 6.43D-19 2.10D-19 7.85D-20
  9  6  4  8.82D-18 4.26D-18 2.25D-18 1.27D-18 7.53D-19 4.67D-19 3.01D-19 1.14D-19 5.02D-20
  9  6  5  3.91D-18 1.85D-18 9.75D-19 5.58D-19 3.39D-19 2.16D-19 1.44D-19 5.90D-20 2.79D-20
  9  6  6  7.16D-19 3.32D-19 1.74D-19 9.98D-20 6.09D-20 3.91D-20 2.62D-20 1.09D-20 5.26D-21
  9  7     3.58D-16 1.56D-16 7.37D-17 3.70D-17 1.96D-17 1.08D-17 6.25D-18 1.83D-18 6.43D-19
  9  7  0  9.40D-17 3.99D-17 1.83D-17 8.99D-18 4.64D-18 2.50D-18 1.40D-18 3.81D-19 1.22D-19
  9  7  1  6.73D-17 2.93D-17 1.37D-17 6.79D-18 3.54D-18 1.93D-18 1.09D-18 2.98D-19 9.65D-20
  9  7  2  3.53D-17 1.56D-17 7.43D-18 3.74D-18 1.98D-18 1.09D-18 6.27D-19 1.81D-19 6.19D-20
  9  7  3  1.68D-17 7.42D-18 3.55D-18 1.81D-18 9.76D-19 5.50D-19 3.23D-19 9.98D-20 3.69D-20
  9  7  4  5.26D-18 2.43D-18 1.21D-18 6.48D-19 3.65D-19 2.15D-19 1.32D-19 4.50D-20 1.80D-20
  9  7  5  4.40D-18 2.05D-18 1.07D-18 6.01D-19 3.60D-19 2.27D-19 1.48D-19 5.90D-20 2.71D-20
  9  7  6  2.64D-18 1.21D-18 6.26D-19 3.53D-19 2.13D-19 1.35D-19 8.90D-20 3.62D-20 1.69D-20
  9  7  7  4.73D-19 2.13D-19 1.09D-19 6.15D-20 3.71D-20 2.35D-20 1.56D-20 6.36D-21 3.00D-21
  9  8     1.15D-16 4.77D-17 2.19D-17 1.09D-17 5.81D-18 3.28D-18 1.94D-18 6.24D-19 2.42D-19
  9  8  0  1.91D-17 7.65D-18 3.35D-18 1.58D-18 7.95D-19 4.22D-19 2.35D-19 6.50D-20 2.20D-20
  9  8  1  1.57D-17 6.38D-18 2.84D-18 1.37D-18 7.04D-19 3.83D-19 2.19D-19 6.53D-20 2.39D-20
  9  8  2  1.09D-17 4.48D-18 2.02D-18 9.80D-19 5.06D-19 2.76D-19 1.58D-19 4.64D-20 1.65D-20
  9  8  3  7.38D-18 3.14D-18 1.48D-18 7.59D-19 4.15D-19 2.40D-19 1.46D-19 4.92D-20 1.98D-20
  9  8  4  3.94D-18 1.67D-18 7.85D-19 4.01D-19 2.19D-19 1.26D-19 7.62D-20 2.55D-20 1.01D-20
  9  8  5  4.65D-18 2.01D-18 9.74D-19 5.12D-19 2.88D-19 1.70D-19 1.05D-19 3.62D-20 1.46D-20
  9  8  6  3.78D-18 1.67D-18 8.36D-19 4.56D-19 2.66D-19 1.63D-19 1.04D-19 3.91D-20 1.70D-20
  9  8  7  1.32D-18 5.86D-19 2.97D-19 1.65D-19 9.78D-20 6.12D-20 3.98D-20 1.56D-20 7.09D-21
  9  8  8  1.68D-19 7.39D-20 3.75D-20 2.09D-20 1.25D-20 7.89D-21 5.19D-21 2.09D-21 9.68D-22
    9                / number of energies
    1                / nmin
    9                / nmax
             200.     300.     400.     500.     600.     700.     800.     900.    1000.   / energies         (keV/amu)
               1.98     2.21     2.35     2.45     2.50     2.56     2.59     2.61     2.64 / alpha
           1.63D-16 2.67D-17 7.12D-18 2.80D-18 1.21D-18 5.94D-19 3.18D-19 1.82D-19 1.10D-19 / total xsects.    (cm2)
  n  l  m                                                                                   / partial xsects.  (cm2)
  1        0.00D+00 0.00D+00 0.00D+00 0.00D+00 0.00D+00 0.00D+00 0.00D+00 0.00D+00 0.00D+00
  1  0     0.00D+00 0.00D+00 0.00D+00 0.00D+00 0.00D+00 0.00D+00 0.00D+00 0.00D+00 0.00D+00
  2        0.00D+00 0.00D+00 0.00D+00 3.07D-19 1.77D-19 1.07D-19 6.68D-20 4.32D-20 2.88D-20
  2  0     0.00D+00 0.00D+00 0.00D+00 2.63D-20 1.71D-20 1.23D-20 9.19D-21 6.96D-21 5.31D-21
  2  1     0.00D+00 0.00D+00 0.00D+00 2.81D-19 1.60D-19 9.45D-20 5.76D-20 3.62D-20 2.34D-20
  2  1  0  0.00D+00 0.00D+00 0.00D+00 2.06D-19 1.19D-19 7.05D-20 4.32D-20 2.72D-20 1.76D-20
  2  1  1  0.00D+00 0.00D+00 0.00D+00 3.76D-20 2.07D-20 1.20D-20 7.22D-21 4.52D-21 2.92D-21
  3        1.14D-17 3.39D-18 1.23D-18 5.22D-19 2.47D-19 1.27D-19 7.02D-20 4.10D-20 2.50D-20
  3  0     6.71D-19 1.32D-19 3.94D-20 1.96D-20 1.26D-20 8.77D-21 6.23D-21 4.47D-21 3.24D-21
  3  1     1.50D-18 6.68D-19 3.57D-19 1.90D-19 1.04D-19 5.84D-20 3.42D-20 2.07D-20 1.30D-20
  3  1  0  1.17D-18 5.80D-19 3.08D-19 1.62D-19 8.70D-20 4.85D-20 2.81D-20 1.69D-20 1.05D-20
  3  1  1  1.68D-19 4.41D-20 2.43D-20 1.41D-20 8.27D-21 4.95D-21 3.05D-21 1.93D-21 1.25D-21
  3  2     9.28D-18 2.59D-18 8.37D-19 3.12D-19 1.31D-19 6.00D-20 2.98D-20 1.58D-20 8.79D-21
  3  2  0  5.05D-18 1.46D-18 4.76D-19 1.77D-19 7.35D-20 3.35D-20 1.65D-20 8.61D-21 4.75D-21
  3  2  1  1.81D-18 5.01D-19 1.63D-19 6.13D-20 2.60D-20 1.21D-20 6.08D-21 3.25D-21 1.84D-21
  3  2  2  3.06D-19 6.39D-20 1.81D-20 6.31D-21 2.57D-21 1.18D-21 5.92D-22 3.21D-22 1.85D-22
  4        1.81D-17 3.98D-18 1.21D-18 4.53D-19 1.96D-19 9.45D-20 4.94D-20 2.76D-20 1.63D-20
  4  0     6.89D-19 1.10D-19 2.86D-20 1.32D-20 8.09D-21 5.39D-21 3.70D-21 2.57D-21 1.82D-21
  4  1     1.22D-18 5.02D-19 2.47D-19 1.24D-19 6.41D-20 3.48D-20 1.98D-20 1.17D-20 7.19D-21
  4  1  0  1.00D-18 4.57D-19 2.23D-19 1.10D-19 5.58D-20 2.98D-20 1.67D-20 9.76D-21 5.93D-21
  4  1  1  1.07D-19 2.21D-20 1.19D-20 7.03D-21 4.16D-21 2.50D-21 1.54D-21 9.72D-22 6.30D-22
  4  2     5.78D-18 1.73D-18 5.70D-19 2.12D-19 8.83D-20 4.03D-20 1.99D-20 1.05D-20 5.80D-21
  4  2  0  3.96D-18 1.14D-18 3.61D-19 1.31D-19 5.32D-20 2.38D-20 1.15D-20 5.93D-21 3.23D-21
  4  2  1  7.98D-19 2.68D-19 9.49D-20 3.72D-20 1.61D-20 7.58D-21 3.83D-21 2.06D-21 1.16D-21
  4  2  2  1.15D-19 2.95D-20 9.38D-21 3.52D-21 1.51D-21 7.13D-22 3.67D-22 2.02D-22 1.17D-22
  4  3     1.04D-17 1.64D-18 3.65D-19 1.04D-19 3.56D-20 1.40D-20 6.09D-21 2.90D-21 1.48D-21
  4  3  0  4.67D-18 7.32D-19 1.61D-19 4.52D-20 1.51D-20 5.77D-21 2.45D-21 1.14D-21 5.65D-22
  4  3  1  2.28D-18 3.62D-19 8.14D-20 2.33D-20 7.93D-21 3.09D-21 1.33D-21 6.25D-22 3.14D-22
  4  3  2  5.48D-19 8.09D-20 1.84D-20 5.58D-21 2.06D-21 8.79D-22 4.20D-22 2.19D-22 1.22D-22
  4  3  3  6.34D-20 8.90D-21 2.09D-21 6.81D-22 2.75D-22 1.29D-22 6.74D-23 3.82D-23 2.30D-23
  5        1.83D-17 3.44D-18 9.52D-19 3.35D-19 1.38D-19 6.44D-20 3.28D-20 1.79D-20 1.04D-20
  5  0     5.87D-19 8.28D-20 1.97D-20 8.61D-21 5.09D-21 3.32D-21 2.23D-21 1.53D-21 1.07D-21
  5  1     9.29D-19 3.53D-19 1.65D-19 7.91D-20 3.99D-20 2.12D-20 1.18D-20 6.91D-21 4.19D-21
  5  1  0  7.77D-19 3.25D-19 1.51D-19 7.11D-20 3.52D-20 1.84D-20 1.01D-20 5.82D-21 3.49D-21
  5  1  1  7.63D-20 1.39D-20 6.94D-21 4.03D-21 2.37D-21 1.41D-21 8.66D-22 5.44D-22 3.52D-22
  5  2     4.12D-18 1.18D-18 3.79D-19 1.39D-19 5.70D-20 2.58D-20 1.26D-20 6.59D-21 3.63D-21
  5  2  0  3.07D-18 8.25D-19 2.51D-19 8.82D-20 3.51D-20 1.55D-20 7.39D-21 3.78D-21 2.04D-21
  5  2  1  4.58D-19 1.62D-19 5.86D-20 2.31D-20 1.00D-20 4.73D-21 2.39D-21 1.28D-21 7.23D-22
  5  2  2  6.50D-20 1.68D-20 5.48D-21 2.09D-21 9.06D-22 4.32D-22 2.24D-22 1.23D-22 7.20D-23
  5  3     7.87D-18 1.32D-18 3.02D-19 8.72D-20 2.99D-20 1.17D-20 5.12D-21 2.44D-21 1.25D-21
  5  3  0  3.99D-18 6.40D-19 1.41D-19 3.95D-20 1.31D-20 5.00D-21 2.12D-21 9.77D-22 4.84D-22
  5  3  1  1.56D-18 2.76D-19 6.48D-20 1.90D-20 6.54D-21 2.56D-21 1.11D-21 5.21D-22 2.62D-22
  5  3  2  3.39D-19 5.68D-20 1.38D-20 4.30D-21 1.62D-21 6.97D-22 3.35D-22 1.75D-22 9.81D-23
  5  3  3  3.77D-20 6.50D-21 1.69D-21 5.76D-22 2.38D-22 1.13D-22 5.90D-23 3.34D-23 2.00D-23
  5  4     4.79D-18 5.01D-19 8.69D-20 2.11D-20 6.49D-21 2.39D-21 1.01D-21 4.77D-22 2.46D-22
  5  4  0  1.78D-18 1.82D-19 3.04D-20 7.01D-21 2.03D-21 7.03D-22 2.78D-22 1.23D-22 5.91D-23
  5  4  1  1.05D-18 1.08D-19 1.80D-20 4.15D-21 1.20D-21 4.12D-22 1.62D-22 7.12D-23 3.42D-23
  5  4  2  3.61D-19 3.91D-20 7.23D-21 1.87D-21 6.11D-22 2.36D-22 1.04D-22 5.03D-23 2.64D-23
  5  4  3  8.61D-20 1.12D-20 2.63D-21 8.61D-22 3.46D-22 1.60D-22 8.19D-23 4.52D-23 2.64D-23
  5  4  4  8.42D-21 1.38D-21 3.97D-22 1.51D-22 6.74D-23 3.37D-23 1.83D-23 1.06D-23 6.42D-24
  6        1.57D-17 2.69D-18 7.06D-19 2.39D-19 9.65D-20 4.40D-20 2.21D-20 1.19D-20 6.84D-21
  6  0     4.58D-19 6.01D-20 1.36D-20 5.71D-21 3.31D-21 2.13D-21 1.42D-21 9.64D-22 6.68D-22
  6  1     6.95D-19 2.46D-19 1.11D-19 5.21D-20 2.58D-20 1.35D-20 7.47D-21 4.33D-21 2.61D-21
  6  1  0  5.80D-19 2.27D-19 1.02D-19 4.70D-20 2.29D-20 1.18D-20 6.42D-21 3.67D-21 2.18D-21
  6  1  1  5.73D-20 9.56D-21 4.43D-21 2.51D-21 1.46D-21 8.67D-22 5.29D-22 3.32D-22 2.14D-22
  6  2     2.95D-18 8.13D-19 2.55D-19 9.20D-20 3.75D-20 1.68D-20 8.18D-21 4.26D-21 2.34D-21
  6  2  0  2.28D-18 5.84D-19 1.73D-19 5.95D-20 2.34D-20 1.02D-20 4.83D-21 2.46D-21 1.32D-21
  6  2  1  2.94D-19 1.04D-19 3.77D-20 1.49D-20 6.47D-21 3.04D-21 1.53D-21 8.21D-22 4.63D-22
  6  2  2  4.20D-20 1.07D-20 3.48D-21 1.33D-21 5.75D-22 2.75D-22 1.42D-22 7.84D-23 4.57D-23
  6  3     5.73D-18 9.68D-19 2.22D-19 6.43D-20 2.21D-20 8.65D-21 3.77D-21 1.79D-21 9.13D-22
  6  3  0  3.07D-18 4.85D-19 1.06D-19 2.94D-20 9.76D-21 3.70D-21 1.56D-21 7.18D-22 3.55D-22
  6  3  1  1.08D-18 1.98D-19 4.71D-20 1.39D-20 4.80D-21 1.88D-21 8.16D-22 3.84D-22 1.93D-22
  6  3  2  2.24D-19 3.95D-20 9.83D-21 3.12D-21 1.18D-21 5.10D-22 2.45D-22 1.28D-22 7.13D-23
  6  3  3  2.41D-20 4.48D-21 1.21D-21 4.19D-22 1.74D-22 8.21D-23 4.27D-23 2.40D-23 1.43D-23
  6  4     4.47D-18 4.91D-19 8.66D-20 2.10D-20 6.44D-21 2.36D-21 9.90D-22 4.64D-22 2.38D-22
  6  4  0  1.78D-18 1.87D-19 3.14D-20 7.22D-21 2.08D-21 7.14D-22 2.80D-22 1.22D-22 5.85D-23
  6  4  1  9.69D-19 1.06D-19 1.83D-20 4.26D-21 1.23D-21 4.23D-22 1.65D-22 7.21D-23 3.44D-23
  6  4  2  2.94D-19 3.42D-20 6.47D-21 1.69D-21 5.51D-22 2.13D-22 9.33D-23 4.52D-23 2.37D-23
  6  4  3  7.34D-20 1.02D-20 2.43D-21 7.99D-22 3.23D-22 1.50D-22 7.72D-23 4.29D-23 2.53D-23
  6  4  4  8.84D-21 1.53D-21 4.32D-22 1.60D-22 7.07D-23 3.50D-23 1.89D-23 1.09D-23 6.60D-24
  6  5     1.37D-18 1.13D-19 1.80D-20 4.39D-21 1.43D-21 5.65D-22 2.58D-22 1.31D-22 7.16D-23
  6  5  0  4.10D-19 2.98D-20 3.98D-21 7.87D-22 2.05D-22 6.58D-23 2.47D-23 1.05D-23 4.96D-24
  6  5  1  2.84D-19 2.22D-20 3.32D-21 7.58D-22 2.33D-22 8.80D-23 3.88D-23 1.92D-23 1.03D-23
  6  5  2  1.20D-19 9.41D-21 1.40D-21 3.10D-22 9.14D-23 3.30D-23 1.39D-23 6.54D-24 3.38D-24
  6  5  3  5.50D-20 6.29D-21 1.32D-21 3.92D-22 1.44D-22 6.16D-23 2.93D-23 1.52D-23 8.44D-24
  6  5  4  1.85D-20 3.07D-21 8.21D-22 2.86D-22 1.18D-22 5.53D-23 2.83D-23 1.56D-23 9.09D-24
  6  5  5  2.41D-21 4.85D-22 1.46D-22 5.48D-23 2.40D-23 1.17D-23 6.19D-24 3.51D-24 2.09D-24
  7        1.26D-17 2.05D-18 5.21D-19 1.73D-19 6.85D-20 3.09D-20 1.53D-20 8.22D-21 4.68D-21
  7  0     3.48D-19 4.37D-20 9.52D-21 3.91D-21 2.24D-21 1.43D-21 9.44D-22 6.39D-22 4.41D-22
  7  1     5.17D-19 1.75D-19 7.68D-20 3.55D-20 1.74D-20 9.05D-21 4.97D-21 2.86D-21 1.72D-21
  7  1  0  4.31D-19 1.61D-19 7.08D-20 3.22D-20 1.55D-20 7.91D-21 4.28D-21 2.43D-21 1.44D-21
  7  1  1  4.33D-20 6.85D-21 2.99D-21 1.66D-21 9.57D-22 5.67D-22 3.45D-22 2.16D-22 1.39D-22
  7  2     2.14D-18 5.72D-19 1.76D-19 6.30D-20 2.55D-20 1.14D-20 5.52D-21 2.86D-21 1.57D-21
  7  2  0  1.68D-18 4.17D-19 1.21D-19 4.12D-20 1.60D-20 6.94D-21 3.28D-21 1.66D-21 8.90D-22
  7  2  1  2.01D-19 7.01D-20 2.54D-20 1.00D-20 4.34D-21 2.04D-21 1.03D-21 5.50D-22 3.09D-22
  7  2  2  2.93D-20 7.26D-21 2.33D-21 8.89D-22 3.84D-22 1.83D-22 9.47D-23 5.22D-23 3.04D-23
  7  3     4.18D-18 7.03D-19 1.61D-19 4.65D-20 1.59D-20 6.24D-21 2.71D-21 1.29D-21 6.55D-22
  7  3  0  2.31D-18 3.58D-19 7.77D-20 2.14D-20 7.08D-21 2.68D-21 1.13D-21 5.17D-22 2.55D-22
  7  3  1  7.62D-19 1.41D-19 3.38D-20 9.98D-21 3.46D-21 1.36D-21 5.88D-22 2.77D-22 1.39D-22
  7  3  2  1.55D-19 2.78D-20 6.99D-21 2.23D-21 8.44D-22 3.65D-22 1.75D-22 9.11D-23 5.07D-23
  7  3  3  1.65D-20 3.15D-21 8.61D-22 3.00D-22 1.24D-22 5.84D-23 3.03D-23 1.69D-23 1.00D-23
  7  4     3.61D-18 4.06D-19 7.24D-20 1.76D-20 5.39D-21 1.96D-21 8.19D-22 3.82D-22 1.95D-22
  7  4  0  1.48D-18 1.57D-19 2.66D-20 6.13D-21 1.77D-21 6.04D-22 2.36D-22 1.03D-22 4.90D-23
  7  4  1  7.70D-19 8.71D-20 1.52D-20 3.55D-21 1.03D-21 3.52D-22 1.37D-22 5.93D-23 2.81D-23
  7  4  2  2.29D-19 2.78D-20 5.38D-21 1.42D-21 4.64D-22 1.79D-22 7.83D-23 3.78D-23 1.97D-23
  7  4  3  5.76D-20 8.38D-21 2.01D-21 6.56D-22 2.62D-22 1.21D-22 6.16D-23 3.39D-23 1.99D-23
  7  4  4  7.16D-21 1.26D-21 3.52D-22 1.29D-22 5.61D-23 2.75D-23 1.47D-23 8.42D-24 5.09D-24
  7  5     1.51D-18 1.26D-19 1.96D-20 4.66D-21 1.49D-21 5.86D-22 2.67D-22 1.36D-22 7.50D-23
  7  5  0  4.77D-19 3.55D-20 4.72D-21 9.17D-22 2.33D-22 7.27D-23 2.66D-23 1.10D-23 5.08D-24
  7  5  1  3.22D-19 2.56D-20 3.75D-21 8.29D-22 2.47D-22 9.19D-23 4.01D-23 1.98D-23 1.07D-23
  7  5  2  1.24D-19 1.01D-20 1.49D-21 3.27D-22 9.43D-23 3.35D-23 1.39D-23 6.52D-24 3.36D-24
  7  5  3  4.85D-20 5.52D-21 1.17D-21 3.51D-22 1.32D-22 5.75D-23 2.79D-23 1.47D-23 8.31D-24
  7  5  4  1.94D-20 3.17D-21 8.53D-22 3.01D-22 1.26D-22 5.96D-23 3.09D-23 1.72D-23 1.01D-23
  7  5  5  3.29D-21 6.16D-22 1.78D-22 6.60D-23 2.86D-23 1.39D-23 7.38D-24 4.18D-24 2.50D-24
  7  6     3.42D-19 2.90D-20 5.28D-21 1.46D-21 5.24D-22 2.21D-22 1.05D-22 5.47D-23 3.05D-23
  7  6  0  7.16D-20 4.60D-21 6.66D-22 1.60D-22 5.33D-23 2.17D-23 1.02D-23 5.24D-24 2.92D-24
  7  6  1  6.00D-20 4.11D-21 5.98D-22 1.37D-22 4.21D-23 1.57D-23 6.72D-24 3.19D-24 1.64D-24
  7  6  2  3.23D-20 2.75D-21 5.11D-22 1.46D-22 5.33D-23 2.29D-23 1.11D-23 5.83D-24 3.28D-24
  7  6  3  1.71D-20 1.52D-21 2.63D-22 6.69D-23 2.17D-23 8.34D-24 3.62D-24 1.73D-24 8.95D-25
  7  6  4  1.68D-20 2.31D-21 5.31D-22 1.64D-22 6.21D-23 2.69D-23 1.30D-23 6.81D-24 3.81D-24
  7  6  5  7.77D-21 1.31D-21 3.42D-22 1.16D-22 4.70D-23 2.16D-23 1.09D-23 5.93D-24 3.43D-24
  7  6  6  1.14D-21 2.14D-22 6.00D-23 2.14D-23 9.01D-24 4.26D-24 2.20D-24 1.22D-24 7.18D-25
  8        1.00D-17 1.57D-18 3.89D-19 1.27D-19 4.98D-20 2.23D-20 1.10D-20 5.86D-21 3.33D-21
  8  0     2.64D-19 3.22D-20 6.85D-21 2.77D-21 1.57D-21 9.96D-22 6.56D-22 4.43D-22 3.04D-22
  8  1     3.88D-19 1.27D-19 5.48D-20 2.51D-20 1.22D-20 6.31D-21 3.45D-21 1.98D-21 1.19D-21
  8  1  0  3.22D-19 1.17D-19 5.06D-20 2.28D-20 1.09D-20 5.53D-21 2.98D-21 1.69D-21 9.97D-22
  8  1  1  3.30D-20 5.03D-21 2.10D-21 1.15D-21 6.59D-22 3.89D-22 2.36D-22 1.47D-22 9.47D-23
  8  2     1.58D-18 4.12D-19 1.26D-19 4.46D-20 1.80D-20 8.00D-21 3.87D-21 2.00D-21 1.10D-21
  8  2  0  1.25D-18 3.03D-19 8.69D-20 2.93D-20 1.14D-20 4.89D-21 2.30D-21 1.16D-21 6.22D-22
  8  2  1  1.43D-19 4.92D-20 1.78D-20 7.02D-21 3.04D-21 1.42D-21 7.16D-22 3.83D-22 2.15D-22
  8  2  2  2.13D-20 5.14D-21 1.64D-21 6.21D-22 2.68D-22 1.28D-22 6.58D-23 3.62D-23 2.11D-23
  8  3     3.09D-18 5.16D-19 1.18D-19 3.40D-20 1.16D-20 4.55D-21 1.98D-21 9.35D-22 4.75D-22
  8  3  0  1.74D-18 2.66D-19 5.73D-20 1.57D-20 5.18D-21 1.95D-21 8.21D-22 3.76D-22 1.85D-22
  8  3  1  5.50D-19 1.03D-19 2.46D-20 7.28D-21 2.52D-21 9.89D-22 4.29D-22 2.02D-22 1.01D-22
  8  3  2  1.11D-19 2.00D-20 5.05D-21 1.61D-21 6.12D-22 2.65D-22 1.27D-22 6.58D-23 3.66D-23
  8  3  3  1.19D-20 2.28D-21 6.24D-22 2.17D-22 8.98D-23 4.21D-23 2.18D-23 1.21D-23 7.18D-24
  8  4     2.81D-18 3.20D-19 5.73D-20 1.40D-20 4.27D-21 1.55D-21 6.44D-22 2.99D-22 1.51D-22
  8  4  0  1.18D-18 1.25D-19 2.12D-20 4.89D-21 1.41D-21 4.82D-22 1.88D-22 8.17D-23 3.88D-23
  8  4  1  5.93D-19 6.82D-20 1.20D-20 2.80D-21 8.13D-22 2.77D-22 1.08D-22 4.65D-23 2.19D-23
  8  4  2  1.75D-19 2.18D-20 4.26D-21 1.13D-21 3.70D-22 1.43D-22 6.22D-23 2.99D-23 1.56D-23
  8  4  3  4.42D-20 6.57D-21 1.58D-21 5.12D-22 2.03D-22 9.29D-23 4.71D-23 2.58D-23 1.50D-23
  8  4  4  5.61D-21 9.82D-22 2.72D-22 9.87D-23 4.26D-23 2.07D-23 1.10D-23 6.28D-24 3.78D-24
  8  5     1.37D-18 1.16D-19 1.80D-20 4.23D-21 1.33D-21 5.15D-22 2.32D-22 1.17D-22 6.40D-23
  8  5  0  4.43D-19 3.35D-20 4.49D-21 8.73D-22 2.21D-22 6.84D-23 2.48D-23 1.02D-23 4.63D-24
  8  5  1  2.89D-19 2.35D-20 3.44D-21 7.53D-22 2.21D-22 8.08D-23 3.48D-23 1.70D-23 9.07D-24
  8  5  2  1.09D-19 9.20D-21 1.37D-21 2.97D-22 8.46D-23 2.96D-23 1.21D-23 5.58D-24 2.84D-24
  8  5  3  4.36D-20 5.04D-21 1.06D-21 3.15D-22 1.17D-22 5.06D-23 2.44D-23 1.28D-23 7.21D-24
  8  5  4  1.72D-20 2.78D-21 7.37D-22 2.57D-22 1.07D-22 5.04D-23 2.61D-23 1.45D-23 8.50D-24
  8  5  5  2.99D-21 5.43D-22 1.54D-22 5.64D-23 2.43D-23 1.17D-23 6.19D-24 3.50D-24 2.09D-24
  8  6     4.01D-19 3.20D-20 5.60D-21 1.55D-21 5.61D-22 2.42D-22 1.17D-22 6.20D-23 3.51D-23
  8  6  0  9.71D-20 6.07D-21 8.32D-22 1.92D-22 6.25D-23 2.54D-23 1.19D-23 6.22D-24 3.49D-24
  8  6  1  7.18D-20 4.55D-21 6.06D-22 1.30D-22 3.84D-23 1.41D-23 5.99D-24 2.85D-24 1.48D-24
  8  6  2  3.97D-20 3.21D-21 5.73D-22 1.62D-22 5.96D-23 2.60D-23 1.28D-23 6.82D-24 3.89D-24
  8  6  3  1.55D-20 1.31D-21 2.22D-22 5.64D-23 1.84D-23 7.15D-24 3.14D-24 1.52D-24 7.93D-25
  8  6  4  1.42D-20 2.06D-21 5.01D-22 1.63D-22 6.37D-23 2.85D-23 1.41D-23 7.56D-24 4.31D-24
  8  6  5  8.98D-21 1.51D-21 4.02D-22 1.39D-22 5.72D-23 2.67D-23 1.36D-23 7.50D-24 4.37D-24
  8  6  6  1.67D-21 2.96D-22 8.14D-23 2.89D-23 1.21D-23 5.73D-24 2.97D-24 1.65D-24 9.74D-25
  8  7     1.11D-19 1.15D-20 2.36D-21 6.90D-22 2.52D-22 1.07D-22 5.10D-23 2.65D-23 1.47D-23
  8  7  0  1.61D-20 1.34D-21 2.42D-22 6.57D-23 2.27D-23 9.28D-24 4.26D-24 2.14D-24 1.16D-24
  8  7  1  1.12D-20 8.32D-22 1.43D-22 3.86D-23 1.35D-23 5.60D-24 2.63D-24 1.35D-24 7.48D-25
  8  7  2  1.14D-20 1.11D-21 2.12D-22 5.84D-23 2.02D-23 8.20D-24 3.74D-24 1.87D-24 1.01D-24
  8  7  3  6.23D-21 7.12D-22 1.55D-22 4.71D-23 1.77D-23 7.73D-24 3.75D-24 1.98D-24 1.12D-24
  8  7  4  6.03D-21 6.32D-22 1.19D-22 3.14D-23 1.04D-23 4.04D-24 1.77D-24 8.50D-25 4.40D-25
  8  7  5  8.19D-21 1.12D-21 2.55D-22 7.88D-23 2.97D-23 1.29D-23 6.24D-24 3.28D-24 1.84D-24
  8  7  6  3.85D-21 6.01D-22 1.50D-22 4.94D-23 1.96D-23 8.86D-24 4.42D-24 2.39D-24 1.37D-24
  8  7  7  5.61D-22 9.49D-23 2.49D-23 8.53D-24 3.48D-24 1.61D-24 8.16D-25 4.47D-25 2.59D-25
  9        7.92D-18 1.21D-18 2.95D-19 9.52D-20 3.71D-20 1.65D-20 8.11D-21 4.31D-21 2.44D-21
  9  0     2.02D-19 2.42D-20 5.06D-21 2.02D-21 1.14D-21 7.20D-22 4.73D-22 3.18D-22 2.18D-22
  9  1     2.96D-19 9.40D-20 4.02D-20 1.83D-20 8.84D-21 4.55D-21 2.48D-21 1.42D-21 8.51D-22
  9  1  0  2.45D-19 8.64D-20 3.71D-20 1.66D-20 7.89D-21 4.00D-21 2.15D-21 1.21D-21 7.16D-22
  9  1  1  2.55D-20 3.78D-21 1.53D-21 8.26D-22 4.72D-22 2.78D-22 1.68D-22 1.05D-22 6.74D-23
  9  2     1.19D-18 3.05D-19 9.22D-20 3.26D-20 1.31D-20 5.80D-21 2.80D-21 1.45D-21 7.91D-22
  9  2  0  9.46D-19 2.26D-19 6.40D-20 2.15D-20 8.29D-21 3.56D-21 1.67D-21 8.42D-22 4.50D-22
  9  2  1  1.05D-19 3.57D-20 1.29D-20 5.08D-21 2.19D-21 1.03D-21 5.17D-22 2.76D-22 1.55D-22
  9  2  2  1.59D-20 3.76D-21 1.19D-21 4.49D-22 1.93D-22 9.20D-23 4.74D-23 2.61D-23 1.51D-23
  9  3     2.32D-18 3.86D-19 8.80D-20 2.53D-20 8.65D-21 3.38D-21 1.47D-21 6.94D-22 3.52D-22
  9  3  0  1.33D-18 2.01D-19 4.30D-20 1.18D-20 3.86D-21 1.45D-21 6.10D-22 2.79D-22 1.38D-22
  9  3  1  4.07D-19 7.62D-20 1.83D-20 5.41D-21 1.87D-21 7.35D-22 3.18D-22 1.50D-22 7.53D-23
  9  3  2  8.24D-20 1.48D-20 3.74D-21 1.19D-21 4.53D-22 1.96D-22 9.36D-23 4.86D-23 2.70D-23
  9  3  3  8.82D-21 1.69D-21 4.63D-22 1.61D-22 6.64D-23 3.11D-23 1.60D-23 8.92D-24 5.27D-24
  9  4     2.19D-18 2.50D-19 4.49D-20 1.09D-20 3.34D-21 1.21D-21 5.01D-22 2.32D-22 1.17D-22
  9  4  0  9.27D-19 9.87D-20 1.67D-20 3.85D-21 1.11D-21 3.79D-22 1.48D-22 6.40D-23 3.03D-23
  9  4  1  4.58D-19 5.30D-20 9.33D-21 2.19D-21 6.35D-22 2.17D-22 8.40D-23 3.61D-23 1.70D-23
  9  4  2  1.34D-19 1.69D-20 3.34D-21 8.85D-22 2.91D-22 1.12D-22 4.87D-23 2.34D-23 1.22D-23
  9  4  3  3.41D-20 5.11D-21 1.23D-21 3.96D-22 1.57D-22 7.12D-23 3.59D-23 1.96D-23 1.14D-23
  9  4  4  4.39D-21 7.63D-22 2.10D-22 7.54D-23 3.23D-23 1.56D-23 8.29D-24 4.71D-24 2.83D-24
  9  5     1.16D-18 9.90D-20 1.54D-20 3.58D-21 1.11D-21 4.27D-22 1.91D-22 9.53D-23 5.19D-23
  9  5  0  3.81D-19 2.91D-20 3.92D-21 7.63D-22 1.93D-22 5.96D-23 2.15D-23 8.77D-24 3.97D-24
  9  5  1  2.43D-19 2.00D-20 2.93D-21 6.37D-22 1.85D-22 6.70D-23 2.86D-23 1.38D-23 7.34D-24
  9  5  2  9.07D-20 7.83D-21 1.17D-21 2.54D-22 7.17D-23 2.48D-23 1.00D-23 4.59D-24 2.31D-24
  9  5  3  3.73D-20 4.35D-21 9.06D-22 2.67D-22 9.83D-23 4.22D-23 2.03D-23 1.06D-23 5.92D-24
  9  5  4  1.43D-20 2.29D-21 6.01D-22 2.08D-22 8.60D-23 4.04D-23 2.08D-23 1.15D-23 6.75D-24
  9  5  5  2.51D-21 4.45D-22 1.25D-22 4.51D-23 1.93D-23 9.30D-24 4.90D-24 2.76D-24 1.65D-24
  9  6     3.95D-19 3.09D-20 5.26D-21 1.42D-21 5.09D-22 2.18D-22 1.05D-22 5.57D-23 3.15D-23
  9  6  0  9.84D-20 6.09D-21 8.03D-22 1.78D-22 5.62D-23 2.24D-23 1.05D-23 5.43D-24 3.05D-24
  9  6  1  7.25D-20 4.62D-21 6.04D-22 1.27D-22 3.68D-23 1.33D-23 5.62D-24 2.66D-24 1.37D-24
  9  6  2  3.80D-20 3.00D-21 5.18D-22 1.43D-22 5.22D-23 2.27D-23 1.12D-23 5.97D-24 3.41D-24
  9  6  3  1.50D-20 1.26D-21 2.10D-22 5.26D-23 1.70D-23 6.55D-24 2.87D-24 1.38D-24 7.18D-25
  9  6  4  1.32D-20 1.89D-21 4.57D-22 1.48D-22 5.79D-23 2.59D-23 1.28D-23 6.87D-24 3.92D-24
  9  6  5  8.26D-21 1.37D-21 3.63D-22 1.25D-22 5.15D-23 2.40D-23 1.23D-23 6.74D-24 3.93D-24
  9  6  6  1.60D-21 2.75D-22 7.46D-23 2.63D-23 1.10D-23 5.19D-24 2.69D-24 1.49D-24 8.79D-25
  9  7     1.20D-19 1.21D-20 2.53D-21 7.67D-22 2.90D-22 1.27D-22 6.20D-23 3.29D-23 1.86D-23
  9  7  0  1.88D-20 1.34D-21 2.32D-22 6.35D-23 2.25D-23 9.45D-24 4.46D-24 2.30D-24 1.27D-24
  9  7  1  1.48D-20 1.03D-21 1.73D-22 4.69D-23 1.67D-23 7.09D-24 3.39D-24 1.78D-24 9.97D-25
  9  7  2  1.09D-20 9.73D-22 1.87D-22 5.30D-23 1.90D-23 7.96D-24 3.74D-24 1.92D-24 1.06D-24
  9  7  3  7.59D-21 8.59D-22 1.90D-22 5.93D-23 2.28D-23 1.01D-23 5.01D-24 2.68D-24 1.53D-24
  9  7  4  4.05D-21 4.51D-22 8.91D-23 2.45D-23 8.33D-24 3.31D-24 1.48D-24 7.21D-25 3.78D-25
  9  7  5  7.54D-21 1.13D-21 2.74D-22 8.88D-23 3.47D-23 1.56D-23 7.71D-24 4.14D-24 2.36D-24
  9  7  6  4.89D-21 7.77D-22 1.98D-22 6.65D-23 2.68D-23 1.23D-23 6.20D-24 3.38D-24 1.96D-24
  9  7  7  8.78D-22 1.43D-22 3.72D-23 1.27D-23 5.19D-24 2.40D-24 1.22D-24 6.72D-25 3.91D-25
  9  8     5.33D-20 6.05D-21 1.26D-21 3.66D-22 1.33D-22 5.61D-23 2.66D-23 1.37D-23 7.61D-24
  9  8  0  3.87D-21 3.29D-22 5.65D-23 1.42D-23 4.58D-24 1.75D-24 7.59D-25 3.63D-25 1.87D-25
  9  8  1  4.93D-21 5.37D-22 1.10D-22 3.19D-23 1.15D-23 4.85D-24 2.29D-24 1.18D-24 6.51D-25
  9  8  2  3.13D-21 2.87D-22 5.12D-23 1.33D-23 4.40D-24 1.72D-24 7.65D-25 3.74D-25 1.97D-25
  9  8  3  4.52D-21 5.23D-22 1.08D-22 3.10D-23 1.11D-23 4.63D-24 2.17D-24 1.11D-24 6.07D-25
  9  8  4  2.29D-21 2.66D-22 5.60D-23 1.66D-23 6.09D-24 2.61D-24 1.25D-24 6.53D-25 3.65D-25
  9  8  5  3.28D-21 3.54D-22 6.82D-23 1.85D-23 6.28D-24 2.51D-24 1.13D-24 5.56D-25 2.95D-25
  9  8  6  4.34D-21 5.72D-22 1.29D-22 3.94D-23 1.48D-23 6.44D-24 3.12D-24 1.64D-24 9.22D-25
  9  8  7  1.94D-21 2.82D-22 6.76D-23 2.18D-23 8.49D-24 3.80D-24 1.88D-24 1.01D-24 5.76D-25
  9  8  8  2.75D-22 4.24D-23 1.06D-23 3.50D-24 1.39D-24 6.32D-25 3.17D-25 1.72D-25 9.89D-26
    9                / number of energies
    1                / nmin
    9                / nmax
            2000.    3000.    4000.    5000.    6000.    7000.    8000.    9000.   10000.   / energies         (keV/amu)
               2.74     2.78     2.85     2.81     2.77     2.81     2.81     2.77     2.81 / alpha
           4.38D-21 6.55D-22 1.68D-22 5.76D-23 2.37D-23 1.11D-23 5.65D-24 3.12D-24 1.82D-24 / total xsects.    (cm2)
  n  l  m                                                                                   / partial xsects.  (cm2)
  1        8.40D-22 2.24D-22 7.51D-23 2.98D-23 1.34D-23 6.65D-24 3.55D-24 2.02D-24 1.21D-24
  1  0     8.40D-22 2.24D-22 7.51D-23 2.98D-23 1.34D-23 6.65D-24 3.55D-24 2.02D-24 1.21D-24
  2        1.42D-21 1.97D-22 4.53D-23 1.41D-23 5.32D-24 2.32D-24 1.12D-24 5.89D-25 3.30D-25
  2  0     5.15D-22 9.21D-23 2.43D-23 8.20D-24 3.30D-24 1.50D-24 7.51D-25 4.05D-25 2.32D-25
  2  1     9.02D-22 1.05D-22 2.11D-23 5.86D-24 2.03D-24 8.19D-25 3.71D-25 1.84D-25 9.78D-26
  2  1  0  6.67D-22 7.60D-23 1.50D-23 4.11D-24 1.40D-24 5.55D-25 2.48D-25 1.21D-25 6.35D-26
  2  1  1  1.17D-22 1.44D-23 3.03D-24 8.78D-25 3.15D-25 1.32D-25 6.15D-26 3.13D-26 1.71D-26
  3        7.95D-22 9.31D-23 1.96D-23 5.74D-24 2.09D-24 8.87D-25 4.20D-25 2.17D-25 1.20D-25
  3  0     2.31D-22 3.63D-23 8.92D-24 2.89D-24 1.13D-24 5.03D-25 2.48D-25 1.32D-25 7.48D-26
  3  1     4.17D-22 4.50D-23 8.69D-24 2.36D-24 8.04D-25 3.21D-25 1.44D-25 7.10D-26 3.76D-26
  3  1  0  3.18D-22 3.32D-23 6.25D-24 1.66D-24 5.54D-25 2.17D-25 9.59D-26 4.65D-26 2.42D-26
  3  1  1  4.93D-23 5.89D-24 1.22D-24 3.51D-25 1.25D-25 5.18D-26 2.41D-26 1.23D-26 6.68D-27
  3  2     1.46D-22 1.18D-23 1.96D-24 4.93D-25 1.61D-25 6.33D-26 2.84D-26 1.41D-26 7.59D-27
  3  2  0  6.98D-23 4.91D-24 7.02D-25 1.52D-25 4.27D-26 1.46D-26 5.71D-27 2.49D-27 1.19D-27
  3  2  1  3.35D-23 2.89D-24 5.03D-25 1.31D-25 4.38D-26 1.75D-26 7.99D-27 4.01D-27 2.17D-27
  3  2  2  4.78D-24 5.74D-25 1.28D-25 3.99D-26 1.53D-26 6.81D-27 3.36D-27 1.80D-27 1.03D-27
  4        4.33D-22 4.76D-23 9.68D-24 2.79D-24 1.00D-24 4.21D-25 1.98D-25 1.02D-25 5.60D-26
  4  0     1.14D-22 1.70D-23 4.06D-24 1.30D-24 5.01D-25 2.22D-25 1.09D-25 5.76D-26 3.26D-26
  4  1     2.08D-22 2.17D-23 4.10D-24 1.10D-24 3.72D-25 1.47D-25 6.59D-26 3.23D-26 1.70D-26
  4  1  0  1.60D-22 1.60D-23 2.95D-24 7.76D-25 2.57D-25 9.99D-26 4.39D-26 2.12D-26 1.10D-26
  4  1  1  2.40D-23 2.81D-24 5.75D-25 1.63D-25 5.76D-26 2.38D-26 1.10D-26 5.56D-27 3.02D-27
  4  2     9.36D-23 7.48D-24 1.24D-24 3.10D-25 1.01D-25 3.98D-26 1.79D-26 8.89D-27 4.79D-27
  4  2  0  4.48D-23 3.08D-24 4.34D-25 9.29D-26 2.60D-26 8.82D-27 3.44D-27 1.50D-27 7.13D-28
  4  2  1  2.13D-23 1.83D-24 3.19D-25 8.28D-26 2.78D-26 1.11D-26 5.07D-27 2.55D-27 1.38D-27
  4  2  2  3.11D-24 3.71D-25 8.23D-26 2.55D-26 9.79D-27 4.34D-27 2.14D-27 1.15D-27 6.55D-28
  4  3     1.79D-23 1.51D-24 2.81D-25 7.85D-26 2.81D-26 1.19D-26 5.64D-27 2.94D-27 1.64D-27
  4  3  0  5.10D-24 3.51D-25 5.85D-26 1.55D-26 5.39D-27 2.24D-27 1.06D-27 5.49D-28 3.06D-28
  4  3  1  2.87D-24 1.75D-25 2.46D-26 5.50D-27 1.64D-27 5.98D-28 2.51D-28 1.18D-28 6.01D-29
  4  3  2  2.73D-24 3.01D-25 6.28D-26 1.86D-26 6.87D-27 2.96D-27 1.43D-27 7.48D-28 4.20D-28
  4  3  3  7.95D-25 1.04D-25 2.36D-26 7.39D-27 2.83D-27 1.25D-27 6.14D-28 3.27D-28 1.86D-28
  5        2.54D-22 2.70D-23 5.42D-24 1.55D-24 5.52D-25 2.31D-25 1.08D-25 5.56D-26 3.06D-26
  5  0     6.26D-23 9.12D-24 2.16D-24 6.83D-25 2.63D-25 1.16D-25 5.66D-26 3.00D-26 1.69D-26
  5  1     1.15D-22 1.18D-23 2.21D-24 5.90D-25 1.98D-25 7.84D-26 3.50D-26 1.71D-26 9.02D-27
  5  1  0  8.91D-23 8.73D-24 1.59D-24 4.16D-25 1.37D-25 5.32D-26 2.33D-26 1.12D-26 5.83D-27
  5  1  1  1.31D-23 1.52D-24 3.08D-25 8.72D-26 3.07D-26 1.26D-26 5.82D-27 2.94D-27 1.59D-27
  5  2     5.70D-23 4.48D-24 7.31D-25 1.81D-25 5.86D-26 2.28D-26 1.02D-26 5.04D-27 2.70D-27
  5  2  0  2.73D-23 1.85D-24 2.59D-25 5.52D-26 1.54D-26 5.21D-27 2.03D-27 8.80D-28 4.17D-28
  5  2  1  1.30D-23 1.10D-24 1.88D-25 4.84D-26 1.61D-26 6.39D-27 2.89D-27 1.44D-27 7.79D-28
  5  2  2  1.87D-24 2.17D-25 4.72D-26 1.45D-26 5.49D-27 2.42D-27 1.19D-27 6.33D-28 3.60D-28
  5  3     1.48D-23 1.26D-24 2.35D-25 6.59D-26 2.37D-26 1.01D-26 4.80D-27 2.50D-27 1.40D-27
  5  3  0  4.26D-24 2.92D-25 4.87D-26 1.30D-26 4.53D-27 1.90D-27 8.99D-28 4.68D-28 2.61D-28
  5  3  1  2.37D-24 1.43D-25 1.99D-26 4.42D-27 1.32D-27 4.79D-28 2.01D-28 9.43D-29 4.81D-29
  5  3  2  2.24D-24 2.50D-25 5.28D-26 1.58D-26 5.85D-27 2.53D-27 1.22D-27 6.42D-28 3.61D-28
  5  3  3  6.79D-25 8.84D-26 2.02D-26 6.32D-27 2.43D-27 1.07D-27 5.29D-28 2.82D-28 1.61D-28
  5  4     4.03D-24 4.14D-25 8.40D-26 2.45D-26 8.95D-27 3.83D-27 1.83D-27 9.58D-28 5.36D-28
  5  4  0  6.11D-25 5.22D-26 9.66D-27 2.66D-27 9.38D-28 3.90D-28 1.83D-28 9.39D-29 5.18D-29
  5  4  1  3.76D-25 3.58D-26 7.19D-27 2.10D-27 7.73D-28 3.32D-28 1.60D-28 8.39D-29 4.71D-29
  5  4  2  4.02D-25 3.64D-26 6.72D-27 1.83D-27 6.35D-28 2.61D-28 1.21D-28 6.15D-29 3.37D-29
  5  4  3  7.19D-25 8.26D-26 1.75D-26 5.22D-27 1.94D-27 8.36D-28 4.03D-28 2.12D-28 1.19D-28
  5  4  4  2.11D-25 2.61D-26 5.75D-27 1.76D-27 6.63D-28 2.90D-28 1.41D-28 7.47D-29 4.22D-29
  6        1.59D-22 1.67D-23 3.32D-24 9.43D-25 3.36D-25 1.40D-25 6.57D-26 3.37D-26 1.85D-26
  6  0     3.77D-23 5.42D-24 1.27D-24 4.02D-25 1.54D-25 6.78D-26 3.31D-26 1.75D-26 9.86D-27
  6  1     6.97D-23 7.04D-24 1.31D-24 3.50D-25 1.17D-25 4.63D-26 2.06D-26 1.01D-26 5.31D-27
  6  1  0  5.40D-23 5.23D-24 9.49D-25 2.47D-25 8.11D-26 3.14D-26 1.38D-26 6.63D-27 3.44D-27
  6  1  1  7.86D-24 9.05D-25 1.83D-25 5.17D-26 1.81D-26 7.45D-27 3.43D-27 1.73D-27 9.38D-28
  6  2     3.60D-23 2.80D-24 4.54D-25 1.12D-25 3.60D-26 1.40D-26 6.22D-27 3.07D-27 1.64D-27
  6  2  0  1.73D-23 1.16D-24 1.62D-25 3.45D-26 9.60D-27 3.24D-27 1.26D-27 5.46D-28 2.59D-28
  6  2  1  8.19D-24 6.87D-25 1.17D-25 2.99D-26 9.90D-27 3.92D-27 1.77D-27 8.80D-28 4.74D-28
  6  2  2  1.17D-24 1.34D-25 2.89D-26 8.79D-27 3.32D-27 1.46D-27 7.15D-28 3.80D-28 2.16D-28
  6  3     1.06D-23 8.68D-25 1.59D-25 4.42D-26 1.58D-26 6.66D-27 3.17D-27 1.65D-27 9.19D-28
  6  3  0  3.04D-24 2.02D-25 3.31D-26 8.67D-27 3.01D-27 1.25D-27 5.91D-28 3.06D-28 1.71D-28
  6  3  1  1.73D-24 1.03D-25 1.42D-26 3.13D-27 9.25D-28 3.34D-28 1.40D-28 6.52D-29 3.31D-29
  6  3  2  1.56D-24 1.70D-25 3.55D-26 1.05D-26 3.88D-27 1.67D-27 8.04D-28 4.22D-28 2.37D-28
  6  3  3  4.61D-25 5.89D-26 1.33D-26 4.15D-27 1.59D-27 7.02D-28 3.45D-28 1.84D-28 1.04D-28
  6  4     3.94D-24 4.15D-25 8.57D-26 2.53D-26 9.32D-27 4.01D-27 1.93D-27 1.01D-27 5.68D-28
  6  4  0  5.87D-25 5.09D-26 9.60D-27 2.69D-27 9.56D-28 4.01D-28 1.89D-28 9.76D-29 5.41D-29
  6  4  1  3.65D-25 3.53D-26 7.23D-27 2.15D-27 7.97D-28 3.45D-28 1.67D-28 8.82D-29 4.97D-29
  6  4  2  3.74D-25 3.49D-26 6.58D-27 1.82D-27 6.39D-28 2.65D-28 1.24D-28 6.33D-29 3.48D-29
  6  4  3  7.20D-25 8.46D-26 1.82D-26 5.47D-27 2.04D-27 8.85D-28 4.28D-28 2.26D-28 1.27D-28
  6  4  4  2.18D-25 2.73D-26 6.06D-27 1.86D-27 7.05D-28 3.09D-28 1.51D-28 8.00D-29 4.53D-29
  6  5     1.49D-24 1.58D-25 3.23D-26 9.40D-27 3.44D-27 1.47D-27 7.02D-28 3.67D-28 2.05D-28
  6  5  0  4.64D-26 3.57D-27 6.04D-28 1.55D-28 5.18D-29 2.06D-29 9.32D-30 4.65D-30 2.50D-30
  6  5  1  2.01D-25 2.08D-26 4.20D-27 1.21D-27 4.41D-28 1.88D-28 8.94D-29 4.66D-29 2.60D-29
  6  5  2  5.34D-26 5.20D-27 1.02D-27 2.91D-28 1.05D-28 4.44D-29 2.11D-29 1.10D-29 6.10D-30
  6  5  3  1.68D-25 1.70D-26 3.34D-27 9.52D-28 3.42D-28 1.44D-28 6.84D-29 3.54D-29 1.97D-29
  6  5  4  2.39D-25 2.70D-26 5.69D-27 1.69D-27 6.26D-28 2.70D-28 1.30D-28 6.83D-29 3.83D-29
  6  5  5  6.18D-26 7.32D-27 1.58D-27 4.76D-28 1.78D-28 7.73D-29 3.75D-29 1.98D-29 1.11D-29
  7        1.06D-22 1.10D-23 2.18D-24 6.17D-25 2.20D-25 9.15D-26 4.29D-26 2.20D-26 1.21D-26
  7  0     2.43D-23 3.47D-24 8.12D-25 2.56D-25 9.77D-26 4.30D-26 2.10D-26 1.11D-26 6.24D-27
  7  1     4.50D-23 4.52D-24 8.42D-25 2.24D-25 7.49D-26 2.96D-26 1.32D-26 6.43D-27 3.38D-27
  7  1  0  3.49D-23 3.36D-24 6.08D-25 1.58D-25 5.18D-26 2.01D-26 8.78D-27 4.22D-27 2.19D-27
  7  1  1  5.06D-24 5.80D-25 1.17D-25 3.30D-26 1.16D-26 4.75D-27 2.19D-27 1.10D-27 5.97D-28
  7  2     2.39D-23 1.85D-24 2.98D-25 7.32D-26 2.35D-26 9.11D-27 4.04D-27 1.99D-27 1.06D-27
  7  2  0  1.15D-23 7.68D-25 1.07D-25 2.27D-26 6.31D-27 2.13D-27 8.26D-28 3.58D-28 1.69D-28
  7  2  1  5.43D-24 4.53D-25 7.69D-26 1.96D-26 6.46D-27 2.55D-27 1.15D-27 5.71D-28 3.07D-28
  7  2  2  7.70D-25 8.74D-26 1.88D-26 5.69D-27 2.15D-27 9.41D-28 4.60D-28 2.45D-28 1.39D-28
  7  3     7.42D-24 6.00D-25 1.09D-25 3.00D-26 1.07D-26 4.48D-27 2.13D-27 1.10D-27 6.15D-28
  7  3  0  2.15D-24 1.40D-25 2.26D-26 5.88D-27 2.03D-27 8.39D-28 3.95D-28 2.05D-28 1.14D-28
  7  3  1  1.24D-24 7.36D-26 1.01D-26 2.20D-27 6.47D-28 2.33D-28 9.70D-29 4.51D-29 2.29D-29
  7  3  2  1.08D-24 1.16D-25 2.41D-26 7.09D-27 2.61D-27 1.12D-27 5.39D-28 2.82D-28 1.58D-28
  7  3  3  3.15D-25 3.97D-26 8.94D-27 2.78D-27 1.06D-27 4.68D-28 2.29D-28 1.22D-28 6.94D-29
  7  4     3.05D-24 3.16D-25 6.48D-26 1.90D-26 7.01D-27 3.01D-27 1.45D-27 7.58D-28 4.25D-28
  7  4  0  4.69D-25 3.97D-26 7.41D-27 2.06D-27 7.29D-28 3.05D-28 1.43D-28 7.39D-29 4.09D-29
  7  4  1  2.77D-25 2.62D-26 5.34D-27 1.58D-27 5.89D-28 2.55D-28 1.24D-28 6.52D-29 3.68D-29
  7  4  2  2.99D-25 2.74D-26 5.12D-27 1.41D-27 4.92D-28 2.03D-28 9.45D-29 4.83D-29 2.65D-29
  7  4  3  5.50D-25 6.41D-26 1.37D-26 4.11D-27 1.53D-27 6.63D-28 3.21D-28 1.69D-28 9.51D-29
  7  4  4  1.65D-25 2.04D-26 4.53D-27 1.39D-27 5.26D-28 2.30D-28 1.12D-28 5.96D-29 3.38D-29
  7  5     1.68D-24 1.85D-25 3.85D-26 1.14D-26 4.19D-27 1.80D-27 8.66D-28 4.54D-28 2.55D-28
  7  5  0  4.43D-26 3.49D-27 6.08D-28 1.60D-28 5.46D-29 2.21D-29 1.01D-29 5.12D-30 2.79D-30
  7  5  1  2.22D-25 2.41D-26 4.96D-27 1.46D-27 5.34D-28 2.29D-28 1.10D-28 5.74D-29 3.21D-29
  7  5  2  5.61D-26 5.76D-27 1.16D-27 3.39D-28 1.24D-28 5.30D-29 2.54D-29 1.33D-29 7.43D-30
  7  5  3  1.83D-25 1.93D-26 3.90D-27 1.13D-27 4.10D-28 1.74D-28 8.32D-29 4.33D-29 2.42D-29
  7  5  4  2.81D-25 3.26D-26 6.95D-27 2.08D-27 7.75D-28 3.36D-28 1.62D-28 8.54D-29 4.81D-29
  7  5  5  7.52D-26 9.02D-27 1.96D-27 5.95D-28 2.23D-28 9.71D-29 4.72D-29 2.49D-29 1.41D-29
  7  6     6.49D-25 6.84D-26 1.39D-26 4.04D-27 1.47D-27 6.29D-28 3.01D-28 1.57D-28 8.77D-29
  7  6  0  6.38D-26 6.85D-27 1.40D-27 4.11D-28 1.50D-28 6.44D-29 3.09D-29 1.61D-29 9.04D-30
  7  6  1  2.12D-26 1.67D-27 2.79D-28 7.03D-29 2.29D-29 8.95D-30 3.98D-30 1.95D-30 1.03D-30
  7  6  2  7.34D-26 7.87D-27 1.61D-27 4.71D-28 1.73D-28 7.38D-29 3.54D-29 1.85D-29 1.03D-29
  7  6  3  1.12D-26 8.70D-28 1.43D-28 3.57D-29 1.16D-29 4.48D-30 1.98D-30 9.66D-31 5.10D-31
  7  6  4  8.09D-26 8.45D-27 1.70D-27 4.93D-28 1.79D-28 7.63D-29 3.64D-29 1.90D-29 1.06D-29
  7  6  5  8.64D-26 9.67D-27 2.03D-27 6.00D-28 2.22D-28 9.55D-29 4.60D-29 2.41D-29 1.35D-29
  7  6  6  1.96D-26 2.26D-27 4.82D-28 1.44D-28 5.36D-29 2.32D-29 1.12D-29 5.90D-30 3.32D-30
  8        7.39D-23 7.63D-24 1.51D-24 4.26D-25 1.51D-25 6.31D-26 2.95D-26 1.51D-26 8.31D-27
  8  0     1.66D-23 2.35D-24 5.49D-25 1.72D-25 6.58D-26 2.89D-26 1.41D-26 7.44D-27 4.19D-27
  8  1     3.07D-23 3.07D-24 5.70D-25 1.51D-25 5.06D-26 2.00D-26 8.88D-27 4.34D-27 2.28D-27
  8  1  0  2.38D-23 2.28D-24 4.12D-25 1.07D-25 3.50D-26 1.35D-26 5.93D-27 2.85D-27 1.48D-27
  8  1  1  3.43D-24 3.93D-25 7.92D-26 2.23D-26 7.82D-27 3.21D-27 1.48D-27 7.43D-28 4.02D-28
  8  2     1.65D-23 1.28D-24 2.05D-25 5.03D-26 1.61D-26 6.23D-27 2.76D-27 1.36D-27 7.23D-28
  8  2  0  7.95D-24 5.31D-25 7.38D-26 1.56D-26 4.35D-27 1.46D-27 5.68D-28 2.46D-28 1.16D-28
  8  2  1  3.76D-24 3.12D-25 5.29D-26 1.34D-26 4.43D-27 1.74D-27 7.84D-28 3.90D-28 2.09D-28
  8  2  2  5.30D-25 5.99D-26 1.28D-26 3.88D-27 1.46D-27 6.40D-28 3.12D-28 1.66D-28 9.42D-29
  8  3     5.32D-24 4.25D-25 7.65D-26 2.10D-26 7.44D-27 3.12D-27 1.48D-27 7.67D-28 4.27D-28
  8  3  0  1.54D-24 9.98D-26 1.59D-26 4.11D-27 1.41D-27 5.84D-28 2.74D-28 1.42D-28 7.89D-29
  8  3  1  9.00D-25 5.31D-26 7.24D-27 1.58D-27 4.62D-28 1.66D-28 6.90D-29 3.21D-29 1.62D-29
  8  3  2  7.67D-25 8.19D-26 1.68D-26 4.95D-27 1.82D-27 7.80D-28 3.74D-28 1.96D-28 1.10D-28
  8  3  3  2.21D-25 2.77D-26 6.21D-27 1.92D-27 7.34D-28 3.24D-28 1.59D-28 8.44D-29 4.80D-29
  8  4     2.29D-24 2.34D-25 4.76D-26 1.40D-26 5.12D-27 2.20D-27 1.06D-27 5.53D-28 3.10D-28
  8  4  0  3.60D-25 2.99D-26 5.53D-27 1.53D-27 5.40D-28 2.25D-28 1.06D-28 5.44D-29 3.00D-29
  8  4  1  2.06D-25 1.90D-26 3.86D-27 1.14D-27 4.25D-28 1.84D-28 8.93D-29 4.71D-29 2.66D-29
  8  4  2  2.30D-25 2.08D-26 3.85D-27 1.05D-27 3.66D-28 1.51D-28 7.00D-29 3.57D-29 1.96D-29
  8  4  3  4.07D-25 4.71D-26 1.00D-26 3.01D-27 1.12D-27 4.84D-28 2.34D-28 1.23D-28 6.92D-29
  8  4  4  1.21D-25 1.49D-26 3.30D-27 1.01D-27 3.82D-28 1.67D-28 8.17D-29 4.33D-29 2.45D-29
  8  5     1.41D-24 1.54D-25 3.21D-26 9.46D-27 3.49D-27 1.50D-27 7.21D-28 3.78D-28 2.12D-28
  8  5  0  3.75D-26 2.89D-27 5.01D-28 1.32D-28 4.48D-29 1.81D-29 8.33D-30 4.21D-30 2.29D-30
  8  5  1  1.85D-25 2.01D-26 4.13D-27 1.21D-27 4.45D-28 1.91D-28 9.14D-29 4.78D-29 2.68D-29
  8  5  2  4.55D-26 4.66D-27 9.46D-28 2.76D-28 1.01D-28 4.34D-29 2.08D-29 1.09D-29 6.11D-30
  8  5  3  1.56D-25 1.63D-26 3.29D-27 9.50D-28 3.45D-28 1.46D-28 6.98D-29 3.63D-29 2.02D-29
  8  5  4  2.34D-25 2.71D-26 5.79D-27 1.73D-27 6.45D-28 2.79D-28 1.35D-28 7.11D-29 4.00D-29
  8  5  5  6.25D-26 7.49D-27 1.63D-27 4.94D-28 1.85D-28 8.07D-29 3.92D-29 2.07D-29 1.17D-29
  8  6     8.23D-25 9.01D-26 1.87D-26 5.51D-27 2.03D-27 8.70D-28 4.18D-28 2.19D-28 1.23D-28
  8  6  0  8.25D-26 9.15D-27 1.91D-27 5.65D-28 2.09D-28 8.97D-29 4.32D-29 2.27D-29 1.27D-29
  8  6  1  2.04D-26 1.69D-27 2.93D-28 7.58D-29 2.53D-29 1.01D-29 4.54D-30 2.26D-30 1.21D-30
  8  6  2  9.46D-26 1.05D-26 2.19D-27 6.47D-28 2.39D-28 1.03D-28 4.94D-29 2.59D-29 1.45D-29
  8  6  3  1.07D-26 8.68D-28 1.48D-28 3.78D-29 1.25D-29 4.93D-30 2.22D-30 1.10D-30 5.87D-31
  8  6  4  1.01D-25 1.10D-26 2.27D-27 6.68D-28 2.45D-28 1.05D-28 5.04D-29 2.64D-29 1.48D-29
  8  6  5  1.16D-25 1.33D-26 2.81D-27 8.38D-28 3.11D-28 1.35D-28 6.50D-29 3.42D-29 1.92D-29
  8  6  6  2.72D-26 3.17D-27 6.79D-28 2.04D-28 7.61D-29 3.30D-29 1.60D-29 8.41D-30 4.74D-30
  8  7     3.08D-25 3.23D-26 6.54D-27 1.90D-27 6.92D-28 2.95D-28 1.41D-28 7.36D-29 4.11D-29
  8  7  0  2.06D-26 2.00D-27 3.87D-28 1.09D-28 3.89D-29 1.63D-29 7.72D-30 3.99D-30 2.21D-30
  8  7  1  1.55D-26 1.64D-27 3.33D-28 9.72D-29 3.55D-29 1.52D-29 7.26D-30 3.79D-30 2.12D-30
  8  7  2  1.70D-26 1.61D-27 3.06D-28 8.53D-29 3.02D-29 1.26D-29 5.91D-30 3.04D-30 1.68D-30
  8  7  3  2.52D-26 2.72D-27 5.59D-28 1.64D-28 6.01D-29 2.58D-29 1.24D-29 6.47D-30 3.62D-30
  8  7  4  5.58D-27 4.31D-28 7.05D-29 1.74D-29 5.58D-30 2.15D-30 9.40D-31 4.55D-31 2.39D-31
  8  7  5  4.02D-26 4.27D-27 8.70D-28 2.54D-28 9.26D-29 3.96D-29 1.89D-29 9.89D-30 5.53D-30
  8  7  6  3.35D-26 3.72D-27 7.77D-28 2.30D-28 8.47D-29 3.64D-29 1.75D-29 9.20D-30 5.16D-30
  8  7  7  6.73D-27 7.63D-28 1.61D-28 4.79D-29 1.77D-29 7.66D-30 3.69D-30 1.94D-30 1.09D-30
  9        5.35D-23 5.50D-24 1.08D-24 3.06D-25 1.09D-25 4.53D-26 2.12D-26 1.09D-26 5.97D-27
  9  0     1.18D-23 1.66D-24 3.87D-25 1.21D-25 4.64D-26 2.04D-26 9.92D-27 5.24D-27 2.95D-27
  9  1     2.18D-23 2.17D-24 4.03D-25 1.07D-25 3.58D-26 1.41D-26 6.27D-27 3.06D-27 1.61D-27
  9  1  0  1.69D-23 1.62D-24 2.91D-25 7.55D-26 2.47D-26 9.57D-27 4.18D-27 2.01D-27 1.04D-27
  9  1  1  2.44D-24 2.78D-25 5.60D-26 1.58D-26 5.52D-27 2.26D-27 1.04D-27 5.25D-28 2.84D-28
  9  2     1.19D-23 9.13D-25 1.47D-25 3.59D-26 1.15D-26 4.44D-27 1.97D-27 9.65D-28 5.14D-28
  9  2  0  5.72D-24 3.80D-25 5.29D-26 1.12D-26 3.11D-27 1.05D-27 4.06D-28 1.76D-28 8.32D-29
  9  2  1  2.70D-24 2.24D-25 3.78D-26 9.59D-27 3.16D-27 1.24D-27 5.58D-28 2.77D-28 1.49D-28
  9  2  2  3.80D-25 4.28D-26 9.12D-27 2.76D-27 1.04D-27 4.54D-28 2.21D-28 1.18D-28 6.67D-29
  9  3     3.91D-24 3.10D-25 5.55D-26 1.52D-26 5.37D-27 2.25D-27 1.06D-27 5.51D-28 3.07D-28
  9  3  0  1.14D-24 7.28D-26 1.16D-26 2.97D-27 1.02D-27 4.20D-28 1.97D-28 1.02D-28 5.66D-29
  9  3  1  6.67D-25 3.92D-26 5.33D-27 1.16D-27 3.39D-28 1.21D-28 5.04D-29 2.34D-29 1.18D-29
  9  3  2  5.59D-25 5.94D-26 1.22D-26 3.57D-27 1.31D-27 5.61D-28 2.69D-28 1.41D-28 7.88D-29
  9  3  3  1.60D-25 1.99D-26 4.46D-27 1.38D-27 5.26D-28 2.32D-28 1.14D-28 6.05D-29 3.43D-29
  9  4     1.72D-24 1.74D-25 3.54D-26 1.03D-26 3.79D-27 1.62D-27 7.79D-28 4.08D-28 2.29D-28
  9  4  0  2.76D-25 2.26D-26 4.15D-27 1.14D-27 4.03D-28 1.67D-28 7.85D-29 4.04D-29 2.23D-29
  9  4  1  1.54D-25 1.40D-26 2.84D-27 8.40D-28 3.12D-28 1.35D-28 6.55D-29 3.46D-29 1.95D-29
  9  4  2  1.77D-25 1.58D-26 2.91D-27 7.91D-28 2.75D-28 1.13D-28 5.23D-29 2.66D-29 1.46D-29
  9  4  3  3.04D-25 3.50D-26 7.44D-27 2.22D-27 8.26D-28 3.57D-28 1.73D-28 9.07D-29 5.10D-29
  9  4  4  8.92D-26 1.10D-26 2.43D-27 7.44D-28 2.81D-28 1.23D-28 6.01D-29 3.18D-29 1.80D-29
  9  5     1.11D-24 1.22D-25 2.52D-26 7.43D-27 2.74D-27 1.18D-27 5.65D-28 2.96D-28 1.66D-28
  9  5  0  3.05D-26 2.31D-27 3.97D-28 1.04D-28 3.52D-29 1.42D-29 6.53D-30 3.30D-30 1.80D-30
  9  5  1  1.47D-25 1.58D-26 3.25D-27 9.53D-28 3.49D-28 1.50D-28 7.17D-29 3.75D-29 2.10D-29
  9  5  2  3.54D-26 3.61D-27 7.33D-28 2.14D-28 7.85D-29 3.37D-29 1.62D-29 8.47D-30 4.75D-30
  9  5  3  1.26D-25 1.30D-26 2.62D-27 7.53D-28 2.73D-28 1.16D-28 5.51D-29 2.86D-29 1.60D-29
  9  5  4  1.84D-25 2.13D-26 4.54D-27 1.36D-27 5.06D-28 2.19D-28 1.06D-28 5.56D-29 3.13D-29
  9  5  5  4.89D-26 5.86D-27 1.27D-27 3.86D-28 1.45D-28 6.30D-29 3.06D-29 1.62D-29 9.13D-30
  9  6     7.41D-25 8.14D-26 1.69D-26 4.98D-27 1.84D-27 7.88D-28 3.79D-28 1.99D-28 1.11D-28
  9  6  0  7.30D-26 8.16D-27 1.71D-27 5.08D-28 1.88D-28 8.09D-29 3.90D-29 2.05D-29 1.15D-29
  9  6  1  1.89D-26 1.57D-27 2.71D-28 7.02D-29 2.34D-29 9.29D-30 4.19D-30 2.08D-30 1.12D-30
  9  6  2  8.43D-26 9.41D-27 1.97D-27 5.83D-28 2.15D-28 9.28D-29 4.47D-29 2.34D-29 1.32D-29
  9  6  3  9.62D-27 7.77D-28 1.32D-28 3.38D-29 1.12D-29 4.43D-30 1.99D-30 9.85D-31 5.27D-31
  9  6  4  9.20D-26 1.00D-26 2.07D-27 6.07D-28 2.23D-28 9.55D-29 4.58D-29 2.40D-29 1.34D-29
  9  6  5  1.05D-25 1.20D-26 2.54D-27 7.59D-28 2.82D-28 1.22D-28 5.89D-29 3.10D-29 1.74D-29
  9  6  6  2.46D-26 2.87D-27 6.14D-28 1.85D-28 6.89D-29 2.99D-29 1.45D-29 7.62D-30 4.29D-30
  9  7     4.29D-25 4.67D-26 9.66D-27 2.84D-27 1.04D-27 4.48D-28 2.15D-28 1.13D-28 6.32D-29
  9  7  0  2.59D-26 2.67D-27 5.35D-28 1.54D-28 5.60D-29 2.38D-29 1.13D-29 5.90D-30 3.29D-30
  9  7  1  2.24D-26 2.43D-27 5.02D-28 1.48D-28 5.44D-29 2.33D-29 1.12D-29 5.87D-30 3.29D-30
  9  7  2  2.06D-26 2.08D-27 4.12D-28 1.18D-28 4.25D-29 1.80D-29 8.54D-30 4.44D-30 2.47D-30
  9  7  3  3.67D-26 4.06D-27 8.47D-28 2.50D-28 9.24D-29 3.97D-29 1.91D-29 1.00D-29 5.63D-30
  9  7  4  5.21D-27 4.21D-28 7.14D-29 1.81D-29 5.97D-30 2.34D-30 1.05D-30 5.15D-31 2.74D-31
  9  7  5  5.65D-26 6.21D-27 1.29D-27 3.81D-28 1.40D-28 6.03D-29 2.90D-29 1.52D-29 8.52D-30
  9  7  6  5.00D-26 5.65D-27 1.19D-27 3.54D-28 1.31D-28 5.66D-29 2.73D-29 1.43D-29 8.06D-30
  9  7  7  1.03D-26 1.18D-27 2.50D-28 7.47D-29 2.77D-29 1.20D-29 5.79D-30 3.04D-30 1.71D-30
  9  8     1.57D-25 1.64D-26 3.32D-27 9.62D-28 3.50D-28 1.49D-28 7.13D-29 3.72D-29 2.08D-29
  9  8  0  2.48D-27 2.05D-28 3.58D-29 9.39D-30 3.17D-30 1.28D-30 5.83D-31 2.93D-31 1.58D-31
  9  8  1  1.31D-26 1.36D-27 2.72D-28 7.86D-29 2.85D-29 1.21D-29 5.79D-30 3.01D-30 1.68D-30
  9  8  2  3.11D-27 2.88D-28 5.44D-29 1.51D-29 5.35D-30 2.23D-30 1.05D-30 5.39D-31 2.98D-31
  9  8  3  1.18D-26 1.19D-27 2.37D-28 6.80D-29 2.46D-29 1.04D-29 4.95D-30 2.57D-30 1.43D-30
  9  8  4  7.98D-27 8.53D-28 1.75D-28 5.12D-29 1.87D-29 8.02D-30 3.85D-30 2.01D-30 1.13D-30
  9  8  5  4.64D-27 4.21D-28 7.80D-29 2.13D-29 7.45D-30 3.07D-30 1.43D-30 7.32D-31 4.02D-31
  9  8  6  2.04D-26 2.19D-27 4.48D-28 1.31D-28 4.80D-29 2.05D-29 9.84D-30 5.14D-30 2.88D-30
  9  8  7  1.38D-26 1.52D-27 3.17D-28 9.36D-29 3.45D-29 1.48D-29 7.13D-30 3.74D-30 2.10D-30
  9  8  8  2.47D-27 2.77D-28 5.80D-29 1.72D-29 6.37D-30 2.74D-30 1.32D-30 6.93D-31 3.89D-31
   -1   -1
C------------------------------------------------------------------------------------------
C
C  nlm resolved bare nucleus charge exchange data  formatted to ADF01
C
C  Receiver:      N +7
C
C  Donor:         H +0 (ground state )
C
C  Source:        Data from Gayet - 20 Dec. 1991
C
C  Reformatting:  Primary using JETSHP.STRIP.FORT(TEXSTRIP)
C
C  Completion:    Total & alpha using JETSHP.STRIP.FORT(GAYET)
C
C  Compiler    :  Completed by H. P. Summers 24 Apr. 1992
C------------------------------------------------------------------------------------------
 
C---------------------------------------------------------------------------------
C ADAS ADF01 DATA - SCCS info: @(#)$Header: /home/adascvs/adas/adf01/qcx#h0/qcx#h0_gyt#n7.dat,v 2.1 2004/07/06 21:15:17 whitefor Exp $ Date $Date: 2004/07/06 21:15:17 $
C---------------------------------------------------------------------------------

C-----------------------------------------------------------------------
C                               OPEN-ADAS
C                               +++++++++
C
C This file has been downloaded from OPEN-ADAS (http://open.adas.ac.uk)
C by Matthew Reinke on 13-Apr-2010.
C
C TERMS AND CONDITIONS
C --------------------
C
C The user of the OPEN-ADAS system and data (hereinafter "the User")
C accepts the following terms and conditions:
C
C   1. The University of Strathclyde uses all reasonable endeavours to
C      ensure the accuracy of the data provided and any information
C      given, but the University makes no warranty, expressed or implied
C      as to its accuracy, integrity, fitness for purpose and shall not
C      be responsible for the use to which the data is put by the User
C      and/or any consequences arising out of any inaccuracies or
C      omissions.
C
C   2. Any downloaded OPEN-ADAS file is made available for the
C      personal use of the User only.  It must not be used for any
C      commercial application, incorporated into any web site or in
C      any form re-distributed without express prior written permission
C      from the ADAS Project. In particular, but not by way of
C      limitation, it must not be:
C        *  inserted into a managed database structure,
C        *  redistributed along with a modelling or analysis code,
C        *  made available on a public website.
C
C Permission for OPEN-ADAS data incorporation in non-commercial
C code/system development for scientific advance will not be
C unreasonably withheld, but will be subject to written agreement
C on a case by case basis.
C
C The User will indemnify the University of Strathclyde and keep it
C fully and effectively indemnified against each and every claim made
C against the University as a result of the User's use of the data.
C
C-----------------------------------------------------------------------
