SEQ='NA'     NUCCHG=42                                                  /IC/

   PARENT LEVEL INDEXING                BWNP= 710508778.0   NPRNTI= 1   NPRNTF= 1
   ---------------------
   INDP         CODE                 S L   WI        WNP
   ----         ----                 - -   --  ----------
     1                              (1)0( 0.0)        0.0 

   IC RESOLVED LEVEL INDEXING           BWNR= 724966596.0   NLVL=  60
   --------------------------
   INDX  INDP   CODE                 S L   WJ        WNR
   ----  ----   ----                 - -   --  ----------
     1     1    3S1                 (2)0( 0.5)        0.0 
     2     1    3P1                 (2)1( 0.5)   562251.4 
     3     1    3P1                 (2)1( 1.5)   761024.0 
     4     1    3D1                 (2)2( 1.5)  1523991.5 
     5     1    3D1                 (2)2( 2.5)  1567809.3 
     6     1    4S1                 (2)0( 0.5)  6639116.0 
     7     1    4P1                 (2)1( 0.5)  6870090.4 
     8     1    4P1                 (2)1( 1.5)  6950788.9 
     9     1    4D1                 (2)2( 1.5)  7236548.5 
    10     1    4D1                 (2)2( 2.5)  7255679.2 
    11     1    4F1                 (2)3( 2.5)  7406394.9 
    12     1    4F1                 (2)3( 3.5)  7414389.9 
    13     1    5S1                 (2)0( 0.5)  9563842.9 
    14     1    5P1                 (2)1( 0.5)  9679740.9 
    15     1    5P1                 (2)1( 1.5)  9720267.2 
    16     1    5D1                 (2)2( 1.5)  9859499.6 
    17     1    5D1                 (2)2( 2.5)  9869402.4 
    18     1    5F1                 (2)3( 2.5)  9943882.5 
    19     1    5F1                 (2)3( 3.5)  9947991.5 
    20     1    5G1                 (1)*( 3.5)  9955952.0 
    21     1    5G1                 (1)*( 4.5)  9955952.0 
    22     1    6S1                 (2)0( 0.5) 11108091.2 
    23     1    6P1                 (2)1( 0.5) 11174192.6 
    24     1    6P1                 (2)1( 1.5) 11197367.5 
    25     1    6D1                 (2)2( 1.5) 11275801.0 
    26     1    6D1                 (2)2( 2.5) 11281557.6 
    27     1    6F1                 (2)3( 2.5) 11323836.0 
    28     1    6F1                 (2)3( 3.5) 11326219.8 
    29     1    6G1                 (1)*( 3.5) 11332335.7 
    30     1    6G1                 (1)*( 4.5) 11332335.7 
    31     1    6H1                 (1)*( 4.5) 11334303.7 
    32     1    6H1                 (1)*( 5.5) 11334303.7 
    33     1    7S1                 (2)0( 0.5) 12021838.8 
    34     1    7P1                 (2)1( 0.5) 12063016.5 
    35     1    7P1                 (2)1( 1.5) 12077492.1 
    36     1    7D1                 (2)2( 1.5) 12126064.1 
    37     1    7D1                 (2)2( 2.5) 12129696.9 
    38     1    7F1                 (2)3( 2.5) 12156009.4 
    39     1    7F1                 (2)3( 3.5) 12157513.0 
    40     1    7G1                 (1)*( 3.5) 12161972.1 
    41     1    7G1                 (1)*( 4.5) 12161972.1 
    42     1    7H1                 (1)*( 4.5) 12163211.1 
    43     1    7H1                 (1)*( 5.5) 12163211.1 
    44     1    7I1                 (1)*( 5.5) 12163764.5 
    45     1    7I1                 (1)*( 6.5) 12163764.5 
    46     1    8S1                 (2)0( 0.5) 12606933.0 
    47     1    8P1                 (2)1( 0.5) 12634289.5 
    48     1    8P1                 (2)1( 1.5) 12643929.5 
    49     1    8D1                 (2)2( 1.5) 12676101.7 
    50     1    8D1                 (2)2( 2.5) 12678537.9 
    51     1    8F1                 (2)3( 2.5) 12696028.5 
    52     1    8F1                 (2)3( 3.5) 12697036.8 
    53     1    8G1                 (1)*( 3.5) 12700306.0 
    54     1    8G1                 (1)*( 4.5) 12700306.0 
    55     1    8H1                 (1)*( 4.5) 12701135.9 
    56     1    8H1                 (1)*( 5.5) 12701135.9 
    57     1    8I1                 (1)*( 5.5) 12701506.6 
    58     1    8I1                 (1)*( 6.5) 12701506.6 
    59     1    8J1                 (1)*( 6.5) 12701696.0 
    60     1    8J1                 (1)*( 7.5) 12701696.0 

   NL-SHELL INDEXING                     NLREP= 55
   -----------------
   ILREP   N   L
   -----   -   -
     1     1   0
     2     2   0
     3     2   1
     4     3   0
     5     3   1
     6     3   2
     7     4   0
     8     4   1
     9     4   2
    10     4   3
    11     5   0
    12     5   1
    13     5   2
    14     5   3
    15     5   4
    16     6   0
    17     6   1
    18     6   2
    19     6   3
    20     6   4
    21     6   5
    22     7   0
    23     7   1
    24     7   2
    25     7   3
    26     7   4
    27     7   5
    28     7   6
    29     8   0
    30     8   1
    31     8   2
    32     8   3
    33     8   4
    34     8   5
    35     8   6
    36     8   7
    37     9   0
    38     9   1
    39     9   2
    40     9   3
    41     9   4
    42     9   5
    43     9   6
    44     9   7
    45     9   8
    46    10   0
    47    10   1
    48    10   2
    49    10   3
    50    10   4
    51    10   5
    52    10   6
    53    10   7
    54    10   8
    55    10   9

   N-SHELL INDEXING                                     NREP= 42
   ----------------
   INREP   N
   -----   -
     1     1
     2     2
     3     3
     4     4
     5     5
     6     6
     7     7
     8     8
     9     9
    10    10
    11    11
    12    12
    13    13
    14    14
    15    15
    16    16
    17    18
    18    20
    19    22
    20    25
    21    29
    22    35
    23    39
    24    45
    25    49
    26    55
    27    61
    28    70
    29    81
    30   100
    31   115
    32   140
    33   162
    34   200
    35   235
    36   300
    37   353
    38   450
    39   535
    40   700
    41   811
    42   999



 --------------------------
 PRTI= 1  LVLPRT= (1S  0.0)

   INDX TE=  1.02E+04  2.05E+04  5.12E+04  1.02E+05  2.05E+05  5.12E+05  1.02E+06  2.05E+06  5.12E+06  1.02E+07
   ---- ---  2.05E+07  5.12E+07  1.02E+08  2.05E+08  5.12E+08  1.02E+09  2.05E+09  5.12E+09  1.02E+10
     1       9.41E-12  6.66E-12  4.21E-12  2.98E-12  2.10E-12  1.33E-12  9.41E-13  6.65E-13  4.20E-13  2.94E-13
             2.04E-13  1.21E-13  7.77E-14  4.71E-14  2.19E-14  1.12E-14  5.41E-15  1.87E-15  7.89E-16
     2       1.13E-11  7.98E-12  5.04E-12  3.56E-12  2.51E-12  1.58E-12  1.11E-12  7.72E-13  4.66E-13  3.07E-13
             1.92E-13  9.26E-14  4.86E-14  2.34E-14  7.94E-15  3.25E-15  1.27E-15  3.46E-16  1.26E-16
     3       2.16E-11  1.53E-11  9.66E-12  6.82E-12  4.82E-12  3.03E-12  2.13E-12  1.48E-12  8.99E-13  5.94E-13
             3.73E-13  1.81E-13  9.54E-14  4.61E-14  1.57E-14  6.42E-15  2.51E-15  6.85E-16  2.50E-16
     4       1.45E-11  1.03E-11  6.48E-12  4.57E-12  3.21E-12  1.99E-12  1.36E-12  9.03E-13  4.90E-13  2.85E-13
             1.52E-13  5.78E-14  2.52E-14  1.03E-14  2.91E-15  1.08E-15  3.91E-16  1.01E-16  3.58E-17
     5       2.16E-11  1.53E-11  9.63E-12  6.78E-12  4.76E-12  2.95E-12  2.02E-12  1.34E-12  7.28E-13  4.24E-13
             2.26E-13  8.62E-14  3.77E-14  1.54E-14  4.35E-15  1.61E-15  5.83E-16  1.50E-16  5.34E-17
     6       4.01E-12  2.84E-12  1.79E-12  1.27E-12  8.97E-13  5.68E-13  4.01E-13  2.83E-13  1.78E-13  1.24E-13
             8.56E-14  5.02E-14  3.20E-14  1.93E-14  8.89E-15  4.56E-15  2.19E-15  7.56E-16  3.19E-16
     7       4.80E-12  3.39E-12  2.15E-12  1.52E-12  1.07E-12  6.74E-13  4.73E-13  3.30E-13  1.99E-13  1.31E-13
             8.20E-14  3.96E-14  2.08E-14  1.00E-14  3.38E-15  1.38E-15  5.39E-16  1.47E-16  5.38E-17
     8       9.30E-12  6.57E-12  4.16E-12  2.94E-12  2.07E-12  1.31E-12  9.19E-13  6.41E-13  3.89E-13  2.57E-13
             1.61E-13  7.82E-14  4.11E-14  1.98E-14  6.72E-15  2.75E-15  1.07E-15  2.93E-16  1.07E-16
     9       8.63E-12  6.10E-12  3.85E-12  2.71E-12  1.90E-12  1.18E-12  8.07E-13  5.37E-13  2.92E-13  1.70E-13
             9.08E-14  3.45E-14  1.51E-14  6.14E-15  1.74E-15  6.43E-16  2.33E-16  5.99E-17  2.13E-17
    10       1.28E-11  9.07E-12  5.72E-12  4.03E-12  2.83E-12  1.76E-12  1.20E-12  8.00E-13  4.35E-13  2.54E-13
             1.36E-13  5.16E-14  2.25E-14  9.18E-15  2.60E-15  9.61E-16  3.49E-16  8.97E-17  3.19E-17
    11       6.09E-12  4.30E-12  2.70E-12  1.89E-12  1.32E-12  7.95E-13  5.23E-13  3.26E-13  1.56E-13  8.00E-14
             3.72E-14  1.19E-14  4.68E-15  1.76E-15  4.64E-16  1.66E-16  5.93E-17  1.51E-17  5.34E-18
    12       8.09E-12  5.71E-12  3.59E-12  2.52E-12  1.75E-12  1.06E-12  6.95E-13  4.34E-13  2.07E-13  1.06E-13
             4.95E-14  1.59E-14  6.22E-15  2.34E-15  6.17E-16  2.21E-16  7.89E-17  2.01E-17  7.10E-18
    13       2.13E-12  1.51E-12  9.53E-13  6.74E-13  4.76E-13  3.01E-13  2.12E-13  1.50E-13  9.35E-14  6.48E-14
             4.42E-14  2.56E-14  1.62E-14  9.72E-15  4.47E-15  2.29E-15  1.10E-15  3.79E-16  1.59E-16
    14       2.53E-12  1.79E-12  1.13E-12  7.98E-13  5.63E-13  3.55E-13  2.49E-13  1.73E-13  1.04E-13  6.86E-14
             4.28E-14  2.06E-14  1.07E-14  5.16E-15  1.74E-15  7.12E-16  2.78E-16  7.58E-17  2.77E-17
    15       4.93E-12  3.48E-12  2.20E-12  1.56E-12  1.10E-12  6.93E-13  4.87E-13  3.39E-13  2.05E-13  1.35E-13
             8.46E-14  4.08E-14  2.13E-14  1.03E-14  3.47E-15  1.42E-15  5.53E-16  1.51E-16  5.52E-17
    16       5.12E-12  3.62E-12  2.28E-12  1.61E-12  1.13E-12  7.00E-13  4.79E-13  3.19E-13  1.73E-13  1.01E-13
             5.37E-14  2.04E-14  8.87E-15  3.61E-15  1.02E-15  3.77E-16  1.37E-16  3.52E-17  1.25E-17
    17       7.63E-12  5.39E-12  3.40E-12  2.40E-12  1.68E-12  1.04E-12  7.14E-13  4.76E-13  2.58E-13  1.50E-13
             8.02E-14  3.04E-14  1.33E-14  5.41E-15  1.53E-15  5.65E-16  2.05E-16  5.27E-17  1.87E-17
    18       5.36E-12  3.78E-12  2.38E-12  1.67E-12  1.16E-12  7.00E-13  4.60E-13  2.87E-13  1.37E-13  7.03E-14
             3.27E-14  1.05E-14  4.10E-15  1.54E-15  4.06E-16  1.46E-16  5.20E-17  1.32E-17  4.68E-18
    19       7.12E-12  5.03E-12  3.16E-12  2.22E-12  1.54E-12  9.31E-13  6.12E-13  3.82E-13  1.83E-13  9.36E-14
             4.35E-14  1.39E-14  5.46E-15  2.05E-15  5.41E-16  1.94E-16  6.92E-17  1.76E-17  6.23E-18
    20       2.96E-12  2.08E-12  1.30E-12  9.08E-13  6.23E-13  3.62E-13  2.27E-13  1.32E-13  5.55E-14  2.57E-14
             1.09E-14  3.15E-15  1.17E-15  4.28E-16  1.10E-16  3.92E-17  1.39E-17  3.52E-18  1.25E-18
    21       3.69E-12  2.60E-12  1.63E-12  1.13E-12  7.78E-13  4.53E-13  2.84E-13  1.65E-13  6.94E-14  3.21E-14
             1.36E-14  3.94E-15  1.47E-15  5.35E-16  1.38E-16  4.90E-17  1.74E-17  4.41E-18  1.56E-18
    22       1.29E-12  9.10E-13  5.75E-13  4.07E-13  2.87E-13  1.81E-13  1.28E-13  8.96E-14  5.55E-14  3.82E-14
             2.58E-14  1.48E-14  9.34E-15  5.58E-15  2.56E-15  1.31E-15  6.26E-16  2.16E-16  9.09E-17
    23       1.51E-12  1.07E-12  6.76E-13  4.77E-13  3.37E-13  2.12E-13  1.49E-13  1.03E-13  6.20E-14  4.05E-14
             2.51E-14  1.20E-14  6.26E-15  3.01E-15  1.01E-15  4.14E-16  1.61E-16  4.40E-17  1.61E-17
    24       2.96E-12  2.09E-12  1.32E-12  9.35E-13  6.60E-13  4.16E-13  2.92E-13  2.03E-13  1.22E-13  8.02E-14
             4.99E-14  2.39E-14  1.25E-14  5.99E-15  2.02E-15  8.26E-16  3.22E-16  8.79E-17  3.21E-17
    25       3.24E-12  2.29E-12  1.45E-12  1.02E-12  7.15E-13  4.43E-13  3.03E-13  2.01E-13  1.09E-13  6.32E-14
             3.36E-14  1.27E-14  5.53E-15  2.25E-15  6.35E-16  2.35E-16  8.52E-17  2.19E-17  7.79E-18
    26       4.84E-12  3.42E-12  2.16E-12  1.52E-12  1.07E-12  6.61E-13  4.52E-13  3.01E-13  1.63E-13  9.45E-14
             5.03E-14  1.90E-14  8.28E-15  3.37E-15  9.51E-16  3.52E-16  1.28E-16  3.28E-17  1.17E-17
    27       3.99E-12  2.81E-12  1.77E-12  1.24E-12  8.63E-13  5.21E-13  3.43E-13  2.14E-13  1.02E-13  5.21E-14
             2.42E-14  7.73E-15  3.03E-15  1.14E-15  3.00E-16  1.08E-16  3.83E-17  9.74E-18  3.45E-18
    28       5.31E-12  3.74E-12  2.36E-12  1.65E-12  1.15E-12  6.93E-13  4.56E-13  2.84E-13  1.36E-13  6.94E-14
             3.22E-14  1.03E-14  4.03E-15  1.51E-15  3.99E-16  1.43E-16  5.10E-17  1.30E-17  4.59E-18
    29       3.37E-12  2.37E-12  1.49E-12  1.03E-12  7.09E-13  4.13E-13  2.58E-13  1.50E-13  6.32E-14  2.92E-14
             1.24E-14  3.58E-15  1.34E-15  4.86E-16  1.25E-16  4.46E-17  1.58E-17  4.01E-18  1.42E-18
    30       4.21E-12  2.96E-12  1.86E-12  1.29E-12  8.87E-13  5.16E-13  3.23E-13  1.88E-13  7.90E-14  3.65E-14
             1.55E-14  4.48E-15  1.67E-15  6.08E-16  1.57E-16  5.57E-17  1.98E-17  5.01E-18  1.77E-18
    31       1.49E-12  1.05E-12  6.52E-13  4.49E-13  3.02E-13  1.68E-13  9.94E-14  5.36E-14  2.02E-14  8.67E-15
             3.45E-15  9.49E-16  3.46E-16  1.24E-16  3.18E-17  1.13E-17  3.99E-18  1.01E-18  3.57E-19
    32       1.79E-12  1.26E-12  7.82E-13  5.39E-13  3.63E-13  2.01E-13  1.19E-13  6.43E-14  2.43E-14  1.04E-14
             4.14E-15  1.14E-15  4.15E-16  1.49E-16  3.81E-17  1.35E-17  4.79E-18  1.21E-18  4.29E-19
    33       8.47E-13  5.98E-13  3.78E-13  2.67E-13  1.89E-13  1.19E-13  8.34E-14  5.83E-14  3.58E-14  2.44E-14
             1.64E-14  9.36E-15  5.87E-15  3.49E-15  1.60E-15  8.16E-16  3.90E-16  1.35E-16  5.67E-17
    34       9.88E-13  6.98E-13  4.41E-13  3.12E-13  2.20E-13  1.38E-13  9.66E-14  6.69E-14  3.99E-14  2.60E-14
             1.60E-14  7.64E-15  3.97E-15  1.90E-15  6.40E-16  2.61E-16  1.02E-16  2.78E-17  1.01E-17
    35       1.94E-12  1.37E-12  8.67E-13  6.12E-13  4.32E-13  2.72E-13  1.90E-13  1.32E-13  7.90E-14  5.15E-14
             3.19E-14  1.52E-14  7.92E-15  3.79E-15  1.28E-15  5.22E-16  2.03E-16  5.55E-17  2.02E-17
    36       2.18E-12  1.54E-12  9.72E-13  6.85E-13  4.81E-13  2.97E-13  2.03E-13  1.35E-13  7.26E-14  4.19E-14
             2.23E-14  8.40E-15  3.65E-15  1.48E-15  4.19E-16  1.55E-16  5.61E-17  1.44E-17  5.13E-18
    37       3.26E-12  2.30E-12  1.45E-12  1.02E-12  7.18E-13  4.44E-13  3.03E-13  2.01E-13  1.09E-13  6.28E-14
             3.33E-14  1.26E-14  5.47E-15  2.22E-15  6.27E-16  2.32E-16  8.41E-17  2.16E-17  7.69E-18
    38       2.92E-12  2.06E-12  1.30E-12  9.08E-13  6.31E-13  3.81E-13  2.50E-13  1.56E-13  7.40E-14  3.78E-14
             1.75E-14  5.60E-15  2.19E-15  8.23E-16  2.17E-16  7.78E-17  2.77E-17  7.04E-18  2.49E-18
    39       3.88E-12  2.74E-12  1.72E-12  1.21E-12  8.40E-13  5.07E-13  3.33E-13  2.07E-13  9.86E-14  5.04E-14
             2.34E-14  7.45E-15  2.92E-15  1.10E-15  2.89E-16  1.04E-16  3.69E-17  9.38E-18  3.32E-18
    40       2.96E-12  2.09E-12  1.31E-12  9.10E-13  6.24E-13  3.63E-13  2.27E-13  1.32E-13  5.55E-14  2.56E-14
             1.08E-14  3.14E-15  1.17E-15  4.26E-16  1.10E-16  3.90E-17  1.38E-17  3.51E-18  1.24E-18
    41       3.70E-12  2.61E-12  1.63E-12  1.14E-12  7.80E-13  4.54E-13  2.84E-13  1.65E-13  6.93E-14  3.20E-14
             1.35E-14  3.92E-15  1.46E-15  5.32E-16  1.37E-16  4.88E-17  1.73E-17  4.39E-18  1.55E-18
    42       2.09E-12  1.47E-12  9.13E-13  6.29E-13  4.24E-13  2.35E-13  1.39E-13  7.52E-14  2.84E-14  1.21E-14
             4.84E-15  1.33E-15  4.85E-16  1.74E-16  4.45E-17  1.58E-17  5.59E-18  1.41E-18  5.00E-19
    43       2.50E-12  1.76E-12  1.10E-12  7.55E-13  5.09E-13  2.83E-13  1.67E-13  9.02E-14  3.40E-14  1.46E-14
             5.80E-15  1.60E-15  5.81E-16  2.09E-16  5.34E-17  1.89E-17  6.70E-18  1.70E-18  6.00E-19
    44       7.55E-13  5.29E-13  3.27E-13  2.22E-13  1.46E-13  7.69E-14  4.29E-14  2.16E-14  7.43E-15  3.01E-15
             1.15E-15  3.08E-16  1.11E-16  3.96E-17  1.01E-17  3.57E-18  1.26E-18  3.19E-19  1.13E-19
    45       8.81E-13  6.18E-13  3.81E-13  2.59E-13  1.71E-13  8.98E-14  5.01E-14  2.52E-14  8.67E-15  3.51E-15
             1.35E-15  3.59E-16  1.29E-16  4.61E-17  1.17E-17  4.16E-18  1.47E-18  3.73E-19  1.32E-19
    46       5.92E-13  4.18E-13  2.64E-13  1.87E-13  1.32E-13  8.27E-14  5.79E-14  4.02E-14  2.45E-14  1.66E-14
             1.11E-14  6.28E-15  3.92E-15  2.33E-15  1.06E-15  5.43E-16  2.60E-16  8.94E-17  3.76E-17
    47       6.86E-13  4.85E-13  3.06E-13  2.16E-13  1.53E-13  9.56E-14  6.67E-14  4.60E-14  2.73E-14  1.77E-14
             1.09E-14  5.15E-15  2.67E-15  1.28E-15  4.30E-16  1.75E-16  6.83E-17  1.86E-17  6.80E-18
    48       1.35E-12  9.55E-13  6.03E-13  4.26E-13  3.01E-13  1.89E-13  1.32E-13  9.10E-14  5.41E-14  3.51E-14
             2.16E-14  1.03E-14  5.33E-15  2.55E-15  8.59E-16  3.51E-16  1.36E-16  3.72E-17  1.36E-17
    49       1.54E-12  1.09E-12  6.88E-13  4.84E-13  3.40E-13  2.10E-13  1.43E-13  9.44E-14  5.07E-14  2.92E-14
             1.55E-14  5.81E-15  2.52E-15  1.03E-15  2.89E-16  1.07E-16  3.87E-17  9.95E-18  3.54E-18
    50       2.31E-12  1.63E-12  1.03E-12  7.24E-13  5.07E-13  3.13E-13  2.14E-13  1.41E-13  7.59E-14  4.37E-14
             2.31E-14  8.71E-15  3.78E-15  1.54E-15  4.33E-16  1.60E-16  5.80E-17  1.49E-17  5.30E-18
    51       2.17E-12  1.53E-12  9.61E-13  6.74E-13  4.68E-13  2.82E-13  1.85E-13  1.15E-13  5.45E-14  2.78E-14
             1.29E-14  4.10E-15  1.60E-15  6.02E-16  1.59E-16  5.69E-17  2.03E-17  5.15E-18  1.82E-18
    52       2.88E-12  2.03E-12  1.28E-12  8.97E-13  6.23E-13  3.75E-13  2.46E-13  1.53E-13  7.26E-14  3.70E-14
             1.72E-14  5.46E-15  2.14E-15  8.02E-16  2.11E-16  7.58E-17  2.70E-17  6.86E-18  2.43E-18
    53       2.43E-12  1.71E-12  1.07E-12  7.46E-13  5.12E-13  2.97E-13  1.86E-13  1.08E-13  4.53E-14  2.09E-14
             8.84E-15  2.56E-15  9.54E-16  3.47E-16  8.94E-17  3.18E-17  1.13E-17  2.86E-18  1.01E-18
    54       3.03E-12  2.14E-12  1.34E-12  9.32E-13  6.39E-13  3.72E-13  2.32E-13  1.35E-13  5.66E-14  2.61E-14
             1.10E-14  3.20E-15  1.19E-15  4.34E-16  1.12E-16  3.97E-17  1.41E-17  3.57E-18  1.26E-18
    55       2.12E-12  1.49E-12  9.26E-13  6.38E-13  4.30E-13  2.39E-13  1.41E-13  7.61E-14  2.87E-14  1.23E-14
             4.89E-15  1.35E-15  4.90E-16  1.76E-16  4.50E-17  1.60E-17  5.65E-18  1.43E-18  5.06E-19
    56       2.54E-12  1.79E-12  1.11E-12  7.66E-13  5.16E-13  2.86E-13  1.69E-13  9.14E-14  3.45E-14  1.48E-14
             5.87E-15  1.61E-15  5.88E-16  2.11E-16  5.40E-17  1.92E-17  6.78E-18  1.72E-18  6.08E-19
    57       1.26E-12  8.82E-13  5.44E-13  3.70E-13  2.44E-13  1.28E-13  7.15E-14  3.59E-14  1.24E-14  5.02E-15
             1.92E-15  5.12E-16  1.85E-16  6.59E-17  1.68E-17  5.94E-18  2.10E-18  5.32E-19  1.88E-19
    58       1.47E-12  1.03E-12  6.35E-13  4.32E-13  2.84E-13  1.50E-13  8.34E-14  4.19E-14  1.44E-14  5.85E-15
             2.24E-15  5.98E-16  2.15E-16  7.68E-17  1.96E-17  6.93E-18  2.45E-18  6.21E-19  2.19E-19
    59       3.85E-13  2.69E-13  1.64E-13  1.10E-13  7.03E-14  3.49E-14  1.83E-14  8.65E-15  2.77E-15  1.08E-15
             4.04E-16  1.06E-16  3.79E-17  1.35E-17  3.42E-18  1.21E-18  4.28E-19  1.08E-19  3.83E-20
    60       4.40E-13  3.07E-13  1.88E-13  1.26E-13  8.04E-14  3.98E-14  2.09E-14  9.88E-15  3.17E-15  1.24E-15
             4.62E-16  1.21E-16  4.33E-17  1.54E-17  3.91E-18  1.38E-18  4.90E-19  1.24E-19  4.38E-20

                                                                                     --------------------------
                                                                                     PRTF= 1  LVLPRT= (1S  0.0)
   ILREP
   -----
     4       9.41E-12  6.66E-12  4.21E-12  2.98E-12  2.10E-12  1.33E-12  9.41E-13  6.65E-13  4.20E-13  2.94E-13
             2.04E-13  1.21E-13  7.77E-14  4.71E-14  2.19E-14  1.12E-14  5.41E-15  1.87E-15  7.89E-16
     5       3.29E-11  2.33E-11  1.47E-11  1.04E-11  7.33E-12  4.62E-12  3.24E-12  2.26E-12  1.36E-12  9.00E-13
             5.65E-13  2.74E-13  1.44E-13  6.96E-14  2.36E-14  9.67E-15  3.77E-15  1.03E-15  3.77E-16
     6       3.61E-11  2.55E-11  1.61E-11  1.14E-11  7.97E-12  4.94E-12  3.38E-12  2.24E-12  1.22E-12  7.09E-13
             3.79E-13  1.44E-13  6.29E-14  2.57E-14  7.26E-15  2.69E-15  9.74E-16  2.51E-16  8.91E-17
     7       4.01E-12  2.84E-12  1.79E-12  1.27E-12  8.97E-13  5.68E-13  4.01E-13  2.83E-13  1.78E-13  1.24E-13
             8.56E-14  5.02E-14  3.20E-14  1.93E-14  8.89E-15  4.56E-15  2.19E-15  7.56E-16  3.19E-16
     8       1.41E-11  9.97E-12  6.30E-12  4.45E-12  3.15E-12  1.98E-12  1.39E-12  9.71E-13  5.88E-13  3.88E-13
             2.43E-13  1.18E-13  6.18E-14  2.98E-14  1.01E-14  4.13E-15  1.61E-15  4.40E-16  1.61E-16
     9       2.15E-11  1.52E-11  9.57E-12  6.74E-12  4.74E-12  2.93E-12  2.01E-12  1.34E-12  7.27E-13  4.24E-13
             2.26E-13  8.61E-14  3.76E-14  1.53E-14  4.33E-15  1.60E-15  5.82E-16  1.50E-16  5.32E-17
    10       1.42E-11  1.00E-11  6.29E-12  4.41E-12  3.07E-12  1.85E-12  1.22E-12  7.61E-13  3.63E-13  1.86E-13
             8.68E-14  2.78E-14  1.09E-14  4.10E-15  1.08E-15  3.88E-16  1.38E-16  3.51E-17  1.24E-17
    11       2.13E-12  1.51E-12  9.53E-13  6.74E-13  4.76E-13  3.01E-13  2.12E-13  1.50E-13  9.35E-14  6.48E-14
             4.42E-14  2.56E-14  1.62E-14  9.72E-15  4.47E-15  2.29E-15  1.10E-15  3.79E-16  1.59E-16
    12       7.46E-12  5.27E-12  3.33E-12  2.35E-12  1.66E-12  1.05E-12  7.36E-13  5.13E-13  3.10E-13  2.04E-13
             1.27E-13  6.13E-14  3.21E-14  1.54E-14  5.21E-15  2.13E-15  8.31E-16  2.27E-16  8.29E-17
    13       1.28E-11  9.00E-12  5.68E-12  4.00E-12  2.81E-12  1.74E-12  1.19E-12  7.94E-13  4.31E-13  2.51E-13
             1.34E-13  5.08E-14  2.22E-14  9.02E-15  2.55E-15  9.43E-16  3.42E-16  8.79E-17  3.13E-17
    14       1.25E-11  8.81E-12  5.54E-12  3.88E-12  2.70E-12  1.63E-12  1.07E-12  6.70E-13  3.20E-13  1.64E-13
             7.62E-14  2.44E-14  9.56E-15  3.59E-15  9.47E-16  3.40E-16  1.21E-16  3.08E-17  1.09E-17
    15       6.65E-12  4.68E-12  2.93E-12  2.04E-12  1.40E-12  8.15E-13  5.10E-13  2.96E-13  1.25E-13  5.78E-14
             2.44E-14  7.09E-15  2.64E-15  9.62E-16  2.48E-16  8.82E-17  3.13E-17  7.93E-18  2.81E-18
    16       1.29E-12  9.10E-13  5.75E-13  4.07E-13  2.87E-13  1.81E-13  1.28E-13  8.96E-14  5.55E-14  3.82E-14
             2.58E-14  1.48E-14  9.34E-15  5.58E-15  2.56E-15  1.31E-15  6.26E-16  2.16E-16  9.09E-17
    17       4.47E-12  3.16E-12  2.00E-12  1.41E-12  9.98E-13  6.28E-13  4.41E-13  3.06E-13  1.84E-13  1.21E-13
             7.50E-14  3.59E-14  1.87E-14  9.00E-15  3.04E-15  1.24E-15  4.83E-16  1.32E-16  4.82E-17
    18       8.08E-12  5.71E-12  3.60E-12  2.54E-12  1.78E-12  1.10E-12  7.55E-13  5.02E-13  2.72E-13  1.58E-13
             8.39E-14  3.17E-14  1.38E-14  5.62E-15  1.59E-15  5.87E-16  2.13E-16  5.47E-17  1.95E-17
    19       9.29E-12  6.56E-12  4.13E-12  2.89E-12  2.01E-12  1.21E-12  7.98E-13  4.98E-13  2.37E-13  1.21E-13
             5.64E-14  1.80E-14  7.06E-15  2.65E-15  6.99E-16  2.51E-16  8.94E-17  2.27E-17  8.04E-18
    20       7.57E-12  5.34E-12  3.34E-12  2.33E-12  1.60E-12  9.28E-13  5.82E-13  3.38E-13  1.42E-13  6.58E-14
             2.78E-14  8.06E-15  3.01E-15  1.09E-15  2.82E-16  1.00E-16  3.56E-17  9.01E-18  3.19E-18
    21       3.28E-12  2.30E-12  1.43E-12  9.88E-13  6.65E-13  3.69E-13  2.19E-13  1.18E-13  4.45E-14  1.91E-14
             7.60E-15  2.09E-15  7.61E-16  2.74E-16  6.99E-17  2.48E-17  8.78E-18  2.22E-18  7.86E-19
    22       8.47E-13  5.98E-13  3.78E-13  2.67E-13  1.89E-13  1.19E-13  8.34E-14  5.83E-14  3.58E-14  2.44E-14
             1.64E-14  9.36E-15  5.87E-15  3.49E-15  1.60E-15  8.16E-16  3.90E-16  1.35E-16  5.67E-17
    23       2.93E-12  2.07E-12  1.31E-12  9.24E-13  6.52E-13  4.10E-13  2.87E-13  1.99E-13  1.19E-13  7.75E-14
             4.79E-14  2.28E-14  1.19E-14  5.70E-15  1.92E-15  7.83E-16  3.05E-16  8.32E-17  3.04E-17
    24       5.44E-12  3.84E-12  2.42E-12  1.71E-12  1.20E-12  7.42E-13  5.06E-13  3.36E-13  1.81E-13  1.05E-13
             5.56E-14  2.10E-14  9.12E-15  3.71E-15  1.05E-15  3.87E-16  1.40E-16  3.60E-17  1.28E-17
    25       6.80E-12  4.80E-12  3.02E-12  2.12E-12  1.47E-12  8.87E-13  5.83E-13  3.63E-13  1.73E-13  8.82E-14
             4.09E-14  1.30E-14  5.11E-15  1.92E-15  5.06E-16  1.81E-16  6.46E-17  1.64E-17  5.82E-18
    26       6.66E-12  4.69E-12  2.94E-12  2.05E-12  1.40E-12  8.17E-13  5.11E-13  2.97E-13  1.25E-13  5.77E-14
             2.44E-14  7.06E-15  2.63E-15  9.58E-16  2.47E-16  8.78E-17  3.11E-17  7.89E-18  2.79E-18
    27       4.59E-12  3.23E-12  2.01E-12  1.38E-12  9.33E-13  5.18E-13  3.07E-13  1.65E-13  6.24E-14  2.67E-14
             1.06E-14  2.92E-15  1.07E-15  3.83E-16  9.78E-17  3.47E-17  1.23E-17  3.11E-18  1.10E-18
    28       1.64E-12  1.15E-12  7.08E-13  4.82E-13  3.17E-13  1.67E-13  9.30E-14  4.67E-14  1.61E-14  6.53E-15
             2.50E-15  6.66E-16  2.40E-16  8.57E-17  2.18E-17  7.72E-18  2.73E-18  6.92E-19  2.45E-19
    29       5.92E-13  4.18E-13  2.64E-13  1.87E-13  1.32E-13  8.27E-14  5.79E-14  4.02E-14  2.45E-14  1.66E-14
             1.11E-14  6.28E-15  3.92E-15  2.33E-15  1.06E-15  5.43E-16  2.60E-16  8.94E-17  3.76E-17
    30       2.04E-12  1.44E-12  9.10E-13  6.42E-13  4.53E-13  2.84E-13  1.98E-13  1.37E-13  8.14E-14  5.27E-14
             3.25E-14  1.54E-14  8.00E-15  3.83E-15  1.29E-15  5.26E-16  2.05E-16  5.59E-17  2.04E-17
    31       3.85E-12  2.72E-12  1.72E-12  1.21E-12  8.47E-13  5.23E-13  3.56E-13  2.36E-13  1.27E-13  7.29E-14
             3.86E-14  1.45E-14  6.31E-15  2.56E-15  7.22E-16  2.67E-16  9.67E-17  2.49E-17  8.84E-18
    32       5.05E-12  3.56E-12  2.24E-12  1.57E-12  1.09E-12  6.57E-13  4.31E-13  2.68E-13  1.27E-13  6.48E-14
             3.00E-14  9.56E-15  3.74E-15  1.40E-15  3.70E-16  1.33E-16  4.73E-17  1.20E-17  4.25E-18
    33       5.46E-12  3.85E-12  2.41E-12  1.68E-12  1.15E-12  6.69E-13  4.18E-13  2.43E-13  1.02E-13  4.71E-14
             1.99E-14  5.76E-15  2.15E-15  7.81E-16  2.01E-16  7.15E-17  2.54E-17  6.43E-18  2.28E-18
    34       4.66E-12  3.27E-12  2.04E-12  1.40E-12  9.46E-13  5.25E-13  3.11E-13  1.68E-13  6.32E-14  2.71E-14
             1.08E-14  2.96E-15  1.08E-15  3.88E-16  9.90E-17  3.51E-17  1.24E-17  3.15E-18  1.11E-18
    35       2.73E-12  1.91E-12  1.18E-12  8.02E-13  5.28E-13  2.78E-13  1.55E-13  7.78E-14  2.68E-14  1.09E-14
             4.16E-15  1.11E-15  4.00E-16  1.43E-16  3.63E-17  1.29E-17  4.55E-18  1.15E-18  4.08E-19
    36       8.25E-13  5.76E-13  3.52E-13  2.36E-13  1.51E-13  7.47E-14  3.93E-14  1.85E-14  5.94E-15  2.32E-15
             8.65E-16  2.27E-16  8.12E-17  2.89E-17  7.33E-18  2.60E-18  9.18E-19  2.32E-19  8.22E-20
    37       4.33E-13  3.06E-13  1.93E-13  1.36E-13  9.61E-14  6.02E-14  4.20E-14  2.90E-14  1.75E-14  1.18E-14
             7.84E-15  4.42E-15  2.75E-15  1.63E-15  7.44E-16  3.79E-16  1.81E-16  6.25E-17  2.63E-17
    38       1.48E-12  1.05E-12  6.63E-13  4.68E-13  3.30E-13  2.06E-13  1.43E-13  9.86E-14  5.82E-14  3.75E-14
             2.30E-14  1.09E-14  5.64E-15  2.70E-15  9.07E-16  3.70E-16  1.44E-16  3.93E-17  1.43E-17
    39       2.83E-12  2.00E-12  1.26E-12  8.89E-13  6.23E-13  3.84E-13  2.61E-13  1.72E-13  9.18E-14  5.27E-14
             2.78E-14  1.04E-14  4.53E-15  1.84E-15  5.18E-16  1.91E-16  6.94E-17  1.78E-17  6.34E-18
    40       3.83E-12  2.70E-12  1.70E-12  1.19E-12  8.27E-13  4.97E-13  3.26E-13  2.02E-13  9.54E-14  4.85E-14
             2.25E-14  7.14E-15  2.79E-15  1.05E-15  2.76E-16  9.90E-17  3.53E-17  8.96E-18  3.17E-18
    41       4.40E-12  3.10E-12  1.94E-12  1.35E-12  9.26E-13  5.38E-13  3.36E-13  1.95E-13  8.17E-14  3.77E-14
             1.59E-14  4.60E-15  1.71E-15  6.23E-16  1.61E-16  5.71E-17  2.03E-17  5.14E-18  1.82E-18
    42       4.23E-12  2.97E-12  1.85E-12  1.28E-12  8.59E-13  4.77E-13  2.82E-13  1.52E-13  5.73E-14  2.45E-14
             9.75E-15  2.68E-15  9.77E-16  3.51E-16  8.96E-17  3.18E-17  1.13E-17  2.85E-18  1.01E-18
    43       3.13E-12  2.20E-12  1.36E-12  9.22E-13  6.06E-13  3.19E-13  1.78E-13  8.94E-14  3.08E-14  1.25E-14
             4.78E-15  1.27E-15  4.59E-16  1.64E-16  4.17E-17  1.48E-17  5.23E-18  1.32E-18  4.68E-19
    44       1.59E-12  1.11E-12  6.80E-13  4.55E-13  2.91E-13  1.44E-13  7.59E-14  3.58E-14  1.15E-14  4.48E-15
             1.67E-15  4.38E-16  1.57E-16  5.58E-17  1.42E-17  5.02E-18  1.77E-18  4.49E-19  1.59E-19
    45       4.19E-13  2.91E-13  1.76E-13  1.15E-13  7.14E-14  3.33E-14  1.66E-14  7.41E-15  2.25E-15  8.54E-16
             3.14E-16  8.13E-17  2.90E-17  1.03E-17  2.61E-18  9.24E-19  3.27E-19  8.27E-20  2.92E-20
    46       3.28E-13  2.32E-13  1.46E-13  1.03E-13  7.27E-14  4.53E-14  3.15E-14  2.17E-14  1.30E-14  8.70E-15
             5.75E-15  3.22E-15  2.00E-15  1.19E-15  5.40E-16  2.75E-16  1.32E-16  4.53E-17  1.91E-17
    47       1.12E-12  7.93E-13  5.01E-13  3.53E-13  2.48E-13  1.55E-13  1.07E-13  7.35E-14  4.31E-14  2.77E-14
             1.69E-14  7.98E-15  4.13E-15  1.97E-15  6.61E-16  2.70E-16  1.05E-16  2.86E-17  1.04E-17
    48       2.16E-12  1.52E-12  9.60E-13  6.75E-13  4.73E-13  2.90E-13  1.97E-13  1.29E-13  6.87E-14  3.93E-14
             2.07E-14  7.76E-15  3.36E-15  1.36E-15  3.84E-16  1.42E-16  5.13E-17  1.32E-17  4.69E-18
    49       2.97E-12  2.09E-12  1.32E-12  9.22E-13  6.40E-13  3.84E-13  2.51E-13  1.55E-13  7.31E-14  3.71E-14
             1.71E-14  5.44E-15  2.13E-15  7.98E-16  2.10E-16  7.54E-17  2.68E-17  6.82E-18  2.42E-18
    50       3.54E-12  2.50E-12  1.56E-12  1.09E-12  7.45E-13  4.32E-13  2.70E-13  1.56E-13  6.53E-14  3.01E-14
             1.27E-14  3.67E-15  1.37E-15  4.97E-16  1.28E-16  4.56E-17  1.62E-17  4.10E-18  1.45E-18
    51       3.67E-12  2.58E-12  1.61E-12  1.11E-12  7.46E-13  4.14E-13  2.45E-13  1.32E-13  4.96E-14  2.12E-14
             8.44E-15  2.32E-15  8.44E-16  3.03E-16  7.75E-17  2.75E-17  9.73E-18  2.46E-18  8.72E-19
    52       3.12E-12  2.19E-12  1.35E-12  9.20E-13  6.05E-13  3.18E-13  1.77E-13  8.91E-14  3.07E-14  1.24E-14
             4.75E-15  1.27E-15  4.57E-16  1.63E-16  4.15E-17  1.47E-17  5.20E-18  1.32E-18  4.66E-19
    53       2.05E-12  1.43E-12  8.73E-13  5.84E-13  3.74E-13  1.85E-13  9.74E-14  4.60E-14  1.47E-14  5.75E-15
             2.15E-15  5.62E-16  2.01E-16  7.16E-17  1.82E-17  6.44E-18  2.28E-18  5.76E-19  2.04E-19
    54       9.21E-13  6.41E-13  3.86E-13  2.53E-13  1.57E-13  7.33E-14  3.64E-14  1.63E-14  4.94E-15  1.88E-15
             6.90E-16  1.79E-16  6.38E-17  2.26E-17  5.74E-18  2.03E-18  7.19E-19  1.82E-19  6.43E-20
    55       2.14E-13  1.48E-13  8.78E-14  5.63E-14  3.38E-14  1.48E-14  6.99E-15  2.99E-15  8.72E-16  3.25E-16
             1.18E-16  3.04E-17  1.08E-17  3.84E-18  9.73E-19  3.44E-19  1.22E-19  3.08E-20  1.09E-20

   INREP
   -----
     3       7.85E-11  5.55E-11  3.50E-11  2.47E-11  1.74E-11  1.09E-11  7.56E-12  5.17E-12  3.00E-12  1.90E-12
             1.15E-12  5.38E-13  2.84E-13  1.42E-13  5.25E-14  2.35E-14  1.01E-14  3.14E-15  1.25E-15
     4       5.38E-11  3.80E-11  2.40E-11  1.69E-11  1.18E-11  7.34E-12  5.02E-12  3.35E-12  1.86E-12  1.12E-12
             6.42E-13  2.81E-13  1.42E-13  6.83E-14  2.43E-14  1.06E-14  4.49E-15  1.37E-15  5.42E-16
     5       4.15E-11  2.93E-11  1.84E-11  1.30E-11  9.05E-12  5.54E-12  3.73E-12  2.42E-12  1.28E-12  7.41E-13
             4.06E-13  1.69E-13  8.24E-14  3.86E-14  1.34E-14  5.76E-15  2.41E-15  7.28E-16  2.86E-16
     6       3.40E-11  2.40E-11  1.51E-11  1.06E-11  7.34E-12  4.42E-12  2.92E-12  1.85E-12  9.36E-13  5.23E-13
             2.76E-13  1.10E-13  5.25E-14  2.41E-14  8.18E-15  3.49E-15  1.45E-15  4.33E-16  1.70E-16
     7       2.89E-11  2.04E-11  1.28E-11  8.93E-12  6.16E-12  3.66E-12  2.37E-12  1.47E-12  7.12E-13  3.86E-13
             1.98E-13  7.66E-14  3.58E-14  1.62E-14  5.40E-15  2.28E-15  9.40E-16  2.80E-16  1.09E-16
     8       2.52E-11  1.77E-11  1.11E-11  7.73E-12  5.30E-12  3.09E-12  1.97E-12  1.19E-12  5.58E-13  2.94E-13
             1.48E-13  5.56E-14  2.56E-14  1.14E-14  3.76E-15  1.58E-15  6.47E-16  1.92E-16  7.45E-17
     9       2.24E-11  1.57E-11  9.82E-12  6.80E-12  4.63E-12  2.66E-12  1.66E-12  9.82E-13  4.47E-13  2.30E-13
             1.13E-13  4.18E-14  1.90E-14  8.37E-15  2.73E-15  1.14E-15  4.65E-16  1.37E-16  5.33E-17
    10       2.01E-11  1.41E-11  8.80E-12  6.06E-12  4.10E-12  2.31E-12  1.42E-12  8.23E-13  3.64E-13  1.84E-13
             8.92E-14  3.23E-14  1.45E-14  6.34E-15  2.05E-15  8.52E-16  3.46E-16  1.02E-16  3.94E-17
    11       1.83E-11  1.28E-11  7.96E-12  5.46E-12  3.66E-12  2.03E-12  1.23E-12  6.97E-13  3.01E-13  1.50E-13
             7.15E-14  2.55E-14  1.13E-14  4.92E-15  1.58E-15  6.55E-16  2.65E-16  7.78E-17  3.00E-17
    12       1.67E-11  1.17E-11  7.25E-12  4.95E-12  3.29E-12  1.80E-12  1.07E-12  5.98E-13  2.53E-13  1.24E-13
             5.84E-14  2.05E-14  9.06E-15  3.91E-15  1.25E-15  5.14E-16  2.08E-16  6.07E-17  2.34E-17
    13       1.54E-11  1.08E-11  6.66E-12  4.52E-12  2.98E-12  1.60E-12  9.39E-13  5.17E-13  2.14E-13  1.04E-13
             4.83E-14  1.68E-14  7.36E-15  3.16E-15  1.00E-15  4.12E-16  1.66E-16  4.84E-17  1.87E-17
    14       1.43E-11  1.00E-11  6.15E-12  4.15E-12  2.71E-12  1.44E-12  8.30E-13  4.50E-13  1.83E-13  8.79E-14
             4.05E-14  1.39E-14  6.07E-15  2.59E-15  8.19E-16  3.35E-16  1.35E-16  3.92E-17  1.51E-17
    15       1.34E-11  9.37E-12  5.73E-12  3.84E-12  2.49E-12  1.30E-12  7.40E-13  3.96E-13  1.59E-13  7.52E-14
             3.44E-14  1.17E-14  5.07E-15  2.15E-15  6.77E-16  2.77E-16  1.11E-16  3.23E-17  1.24E-17
    16       1.26E-11  8.78E-12  5.34E-12  3.57E-12  2.29E-12  1.18E-12  6.62E-13  3.50E-13  1.38E-13  6.48E-14
             2.94E-14  9.93E-15  4.27E-15  1.81E-15  5.67E-16  2.31E-16  9.25E-17  2.68E-17  1.03E-17
    17       1.12E-11  7.75E-12  4.67E-12  3.08E-12  1.95E-12  9.72E-13  5.34E-13  2.76E-13  1.06E-13  4.91E-14
             2.20E-14  7.33E-15  3.13E-15  1.32E-15  4.10E-16  1.66E-16  6.64E-17  1.92E-17  7.33E-18
    18       1.00E-11  6.93E-12  4.14E-12  2.70E-12  1.68E-12  8.17E-13  4.40E-13  2.23E-13  8.41E-14  3.83E-14
             1.70E-14  5.59E-15  2.37E-15  9.91E-16  3.07E-16  1.24E-16  4.94E-17  1.42E-17  5.42E-18
    19       9.08E-12  6.26E-12  3.70E-12  2.38E-12  1.46E-12  6.93E-13  3.67E-13  1.83E-13  6.77E-14  3.05E-14
             1.34E-14  4.37E-15  1.84E-15  7.66E-16  2.36E-16  9.50E-17  3.77E-17  1.09E-17  4.15E-18
    20       7.92E-12  5.43E-12  3.16E-12  2.00E-12  1.20E-12  5.52E-13  2.85E-13  1.40E-13  5.04E-14  2.24E-14
             9.71E-15  3.13E-15  1.31E-15  5.41E-16  1.65E-16  6.65E-17  2.63E-17  7.55E-18  2.88E-18
    21       6.76E-12  4.59E-12  2.61E-12  1.62E-12  9.43E-13  4.19E-13  2.11E-13  1.01E-13  3.56E-14  1.56E-14
             6.66E-15  2.12E-15  8.79E-16  3.61E-16  1.10E-16  4.39E-17  1.73E-17  4.95E-18  1.88E-18
    22       5.50E-12  3.68E-12  2.03E-12  1.22E-12  6.85E-13  2.91E-13  1.42E-13  6.61E-14  2.26E-14  9.75E-15
             4.11E-15  1.29E-15  5.29E-16  2.16E-16  6.50E-17  2.59E-17  1.02E-17  2.89E-18  1.10E-18
    23       4.87E-12  3.22E-12  1.74E-12  1.02E-12  5.65E-13  2.34E-13  1.12E-13  5.15E-14  1.74E-14  7.42E-15
             3.11E-15  9.65E-16  3.95E-16  1.60E-16  4.80E-17  1.91E-17  7.48E-18  2.13E-18  8.06E-19
    24       4.13E-12  2.69E-12  1.41E-12  8.08E-13  4.34E-13  1.74E-13  8.17E-14  3.68E-14  1.22E-14  5.15E-15
             2.14E-15  6.58E-16  2.68E-16  1.08E-16  3.22E-17  1.27E-17  4.99E-18  1.41E-18  5.35E-19
    25       3.73E-12  2.40E-12  1.24E-12  6.98E-13  3.69E-13  1.45E-13  6.74E-14  3.01E-14  9.87E-15  4.14E-15
             1.71E-15  5.23E-16  2.12E-16  8.54E-17  2.54E-17  1.00E-17  3.92E-18  1.11E-18  4.19E-19
    26       3.24E-12  2.05E-12  1.03E-12  5.68E-13  2.94E-13  1.13E-13  5.16E-14  2.28E-14  7.38E-15  3.07E-15
             1.26E-15  3.83E-16  1.55E-16  6.20E-17  1.84E-17  7.23E-18  2.82E-18  7.96E-19  3.00E-19
    27       2.84E-12  1.77E-12  8.69E-13  4.70E-13  2.39E-13  8.97E-14  4.06E-14  1.77E-14  5.67E-15  2.35E-15
             9.58E-16  2.90E-16  1.16E-16  4.65E-17  1.37E-17  5.40E-18  2.10E-18  5.91E-19  2.23E-19
    28       2.37E-12  1.45E-12  6.86E-13  3.62E-13  1.80E-13  6.57E-14  2.93E-14  1.26E-14  3.99E-15  1.64E-15
             6.64E-16  1.99E-16  7.97E-17  3.17E-17  9.32E-18  3.66E-18  1.42E-18  3.99E-19  1.50E-19
    29       1.94E-12  1.16E-12  5.28E-13  2.71E-13  1.31E-13  4.69E-14  2.06E-14  8.75E-15  2.73E-15  1.11E-15
             4.49E-16  1.34E-16  5.33E-17  2.11E-17  6.18E-18  2.42E-18  9.37E-19  2.63E-19  9.90E-20
    30       1.43E-12  8.18E-13  3.55E-13  1.76E-13  8.26E-14  2.85E-14  1.23E-14  5.13E-15  1.58E-15  6.36E-16
             2.54E-16  7.51E-17  2.97E-17  1.17E-17  3.41E-18  1.33E-18  5.13E-19  1.44E-19  5.39E-20
    31       1.15E-12  6.42E-13  2.69E-13  1.30E-13  6.01E-14  2.03E-14  8.64E-15  3.59E-15  1.09E-15  4.38E-16
             1.74E-16  5.11E-17  2.01E-17  7.93E-18  2.30E-18  8.93E-19  3.44E-19  9.61E-20  3.60E-20
    32       8.32E-13  4.48E-13  1.79E-13  8.44E-14  3.80E-14  1.25E-14  5.25E-15  2.15E-15  6.47E-16  2.58E-16
             1.02E-16  2.97E-17  1.16E-17  4.56E-18  1.32E-18  5.10E-19  1.96E-19  5.45E-20  2.04E-20
    33       6.46E-13  3.38E-13  1.31E-13  6.06E-14  2.68E-14  8.70E-15  3.61E-15  1.47E-15  4.38E-16  1.73E-16
             6.82E-17  1.98E-17  7.74E-18  3.03E-18  8.69E-19  3.36E-19  1.29E-19  3.58E-20  1.34E-20
    34       4.39E-13  2.21E-13  8.24E-14  3.70E-14  1.61E-14  5.10E-15  2.09E-15  8.42E-16  2.48E-16  9.77E-17
             3.82E-17  1.10E-17  4.29E-18  1.67E-18  4.78E-19  1.84E-19  7.06E-20  1.96E-20  7.31E-21
    35       3.22E-13  1.58E-13  5.71E-14  2.52E-14  1.08E-14  3.37E-15  1.37E-15  5.48E-16  1.61E-16  6.28E-17
             2.45E-17  7.02E-18  2.73E-18  1.06E-18  3.02E-19  1.16E-19  4.44E-20  1.23E-20  4.59E-21
    36       1.96E-13  9.26E-14  3.22E-14  1.39E-14  5.82E-15  1.79E-15  7.17E-16  2.84E-16  8.25E-17  3.21E-17
             1.24E-17  3.55E-18  1.37E-18  5.30E-19  1.50E-19  5.77E-20  2.20E-20  6.07E-21  2.26E-21
    37       1.39E-13  6.41E-14  2.17E-14  9.25E-15  3.84E-15  1.17E-15  4.65E-16  1.83E-16  5.28E-17  2.05E-17
             7.91E-18  2.25E-18  8.66E-19  3.34E-19  9.45E-20  3.62E-20  1.38E-20  3.79E-21  1.41E-21
    38       8.10E-14  3.64E-14  1.20E-14  5.00E-15  2.05E-15  6.12E-16  2.42E-16  9.47E-17  2.71E-17  1.04E-17
             4.02E-18  1.13E-18  4.36E-19  1.67E-19  4.72E-20  1.80E-20  6.85E-21  1.88E-21  7.00E-22
    39       5.45E-14  2.40E-14  7.75E-15  3.20E-15  1.30E-15  3.85E-16  1.51E-16  5.89E-17  1.68E-17  6.45E-18
             2.47E-18  6.96E-19  2.67E-19  1.02E-19  2.88E-20  1.10E-20  4.16E-21  1.14E-21  4.23E-22
    40       2.87E-14  1.24E-14  3.89E-15  1.58E-15  6.34E-16  1.86E-16  7.25E-17  2.81E-17  7.93E-18  3.03E-18
             1.16E-18  3.25E-19  1.24E-19  4.74E-20  1.33E-20  5.05E-21  1.91E-21  5.22E-22  1.93E-22
    41       1.99E-14  8.49E-15  2.64E-15  1.07E-15  4.26E-16  1.24E-16  4.82E-17  1.86E-17  5.25E-18  2.00E-18
             7.64E-19  2.13E-19  8.14E-20  3.11E-20  8.68E-21  3.30E-21  1.25E-21  3.40E-22  1.26E-22
    42       1.17E-14  4.91E-15  1.51E-15  6.06E-16  2.40E-16  6.94E-17  2.69E-17  1.03E-17  2.90E-18  1.11E-18
             4.21E-19  1.17E-19  4.46E-20  1.70E-20  4.74E-21  1.80E-21  6.80E-22  1.86E-22  6.87E-23



    T(K)     ALFT( 1)  ALFT( 2)  ALFT( 3)  ALFT( 4)  ALFT( 5)  ALFT( 6)  ALFT( 7)  ALFT( 8)  ALFT( 9)  ALFT(10)
    ----     --------  --------  --------  --------  --------  --------  --------  --------  --------  --------
  1.02E+04   8.88E-10
  2.05E+04   5.85E-10
  5.12E+04   3.30E-10
  1.02E+05   2.14E-10
  2.05E+05   1.32E-10
  5.12E+05   6.89E-11
  1.02E+06   4.16E-11
  2.05E+06   2.47E-11
  5.12E+06   1.19E-11
  1.02E+07   6.66E-12
  2.05E+07   3.59E-12
  5.12E+07   1.49E-12
  1.02E+08   7.37E-13
  2.05E+08   3.49E-13
  5.12E+08   1.23E-13
  1.02E+09   5.36E-14
  2.05E+09   2.26E-14
  5.12E+09   6.88E-15
  1.02E+10   2.72E-15
C--------------------------------------------------------------------------------------------------------------
C
C                                                                            
C
C NAME:
C DATE:   /  /  
C
C--------------------------------------------------------------------------------------------------------------
