SEQ='H '     NUCCHG=42                                                  /LS/

   PARENT TERM INDEXING                 BWNP=         0.0   NPRNTI= 1   NPRNTF= 1
   --------------------
   INDP         CODE                 S L   WI        WNP
   ----         ----                 - -   --  ----------
     1                              (1)0( 0.0)        0.0 

   LS RESOLVED TERM INDEXING            BWNR= 193576773.6   NTRM=  36
   -------------------------
   INDX  INDP   CODE                 S L   WJ        WNR
   ----  ----   ----                 - -   --  ----------
     1     1    1S1                 (2)0( 0.5)        0.0 
     2     1    2S1                 (2)0( 0.5)145182580.2 
     3     1    2P1                 (2)1( 2.5)145182580.2 
     4     1    3S1                 (2)0( 0.5)172068243.2 
     5     1    3P1                 (2)1( 2.5)172068243.2 
     6     1    3D1                 (2)2( 4.5)172068243.2 
     7     1    4S1                 (2)0( 0.5)181478225.3 
     8     1    4P1                 (2)1( 2.5)181478225.3 
     9     1    4D1                 (2)2( 4.5)181478225.3 
    10     1    4F1                 (2)3( 6.5)181478225.3 
    11     1    5S1                 (2)0( 0.5)185833702.7 
    12     1    5P1                 (2)1( 2.5)185833702.7 
    13     1    5D1                 (2)2( 4.5)185833702.7 
    14     1    5F1                 (2)3( 6.5)185833702.7 
    15     1    5G1                 (2)4( 8.5)185833702.7 
    16     1    6S1                 (2)0( 0.5)188199641.0 
    17     1    6P1                 (2)1( 2.5)188199641.0 
    18     1    6D1                 (2)2( 4.5)188199641.0 
    19     1    6F1                 (2)3( 6.5)188199641.0 
    20     1    6G1                 (2)4( 8.5)188199641.0 
    21     1    6H1                 (2)5(10.5)188199641.0 
    22     1    7S1                 (2)0( 0.5)189626227.2 
    23     1    7P1                 (2)1( 2.5)189626227.2 
    24     1    7D1                 (2)2( 4.5)189626227.2 
    25     1    7F1                 (2)3( 6.5)189626227.2 
    26     1    7G1                 (2)4( 8.5)189626227.2 
    27     1    7H1                 (2)5(10.5)189626227.2 
    28     1    7I1                 (2)6(12.5)189626227.2 
    29     1    8S1                 (2)0( 0.5)190552136.5 
    30     1    8P1                 (2)1( 2.5)190552136.5 
    31     1    8D1                 (2)2( 4.5)190552136.5 
    32     1    8F1                 (2)3( 6.5)190552136.5 
    33     1    8G1                 (2)4( 8.5)190552136.5 
    34     1    8H1                 (2)5(10.5)190552136.5 
    35     1    8I1                 (2)6(12.5)190552136.5 
    36     1    8J1                 (2)7(14.5)190552136.5 

   N-SHELL INDEXING                                     NREP= 42
   ----------------
   IREP    N
   -----   -
     1     1
     2     2
     3     3
     4     4
     5     5
     6     6
     7     7
     8     8
     9     9
    10    10
    11    11
    12    12
    13    13
    14    14
    15    15
    16    16
    17    18
    18    20
    19    22
    20    25
    21    29
    22    35
    23    39
    24    45
    25    49
    26    55
    27    61
    28    70
    29    81
    30   100
    31   115
    32   140
    33   162
    34   200
    35   235
    36   300
    37   353
    38   450
    39   535
    40   700
    41   811
    42   999



 --------------------------------
 PRTI= 1  TRMPRT= (1S)  SPNPRT= 1

   INDX TE=  1.76E+04  3.53E+04  8.82E+04  1.76E+05  3.53E+05  8.82E+05  1.76E+06  3.53E+06  8.82E+06  1.76E+07
   ---- ---  3.53E+07  8.82E+07  1.76E+08  3.53E+08  8.82E+08  1.76E+09  3.53E+09  8.82E+09  1.76E+10
     1       2.19E-10  1.55E-10  9.78E-11  6.91E-11  4.89E-11  3.09E-11  2.18E-11  1.53E-11  9.58E-12  6.64E-12
             4.53E-12  2.61E-12  1.63E-12  9.57E-13  4.25E-13  2.12E-13  9.91E-14  3.32E-14  1.37E-14
     2       3.20E-11  2.27E-11  1.43E-11  1.01E-11  7.16E-12  4.53E-12  3.20E-12  2.25E-12  1.41E-12  9.84E-13
             6.72E-13  3.85E-13  2.38E-13  1.38E-13  5.98E-14  2.93E-14  1.35E-14  4.46E-15  1.83E-15
     3       8.81E-11  6.23E-11  3.94E-11  2.78E-11  1.96E-11  1.23E-11  8.58E-12  5.92E-12  3.50E-12  2.25E-12
             1.36E-12  6.25E-13  3.14E-13  1.45E-13  4.70E-14  1.87E-14  7.16E-15  1.92E-15  6.96E-16
     4       1.08E-11  7.63E-12  4.82E-12  3.41E-12  2.41E-12  1.52E-12  1.08E-12  7.58E-13  4.74E-13  3.28E-13
             2.22E-13  1.25E-13  7.61E-14  4.34E-14  1.86E-14  9.03E-15  4.13E-15  1.36E-15  5.55E-16
     5       3.34E-11  2.36E-11  1.49E-11  1.06E-11  7.44E-12  4.67E-12  3.26E-12  2.25E-12  1.33E-12  8.56E-13
             5.17E-13  2.36E-13  1.18E-13  5.43E-14  1.75E-14  6.93E-15  2.64E-15  7.08E-16  2.56E-16
     6       3.87E-11  2.73E-11  1.73E-11  1.21E-11  8.52E-12  5.27E-12  3.59E-12  2.37E-12  1.27E-12  7.28E-13
             3.81E-13  1.41E-13  6.02E-14  2.41E-14  6.69E-15  2.46E-15  8.86E-16  2.27E-16  8.07E-17
     7       5.05E-12  3.57E-12  2.26E-12  1.60E-12  1.13E-12  7.13E-13  5.03E-13  3.54E-13  2.20E-13  1.51E-13
             1.01E-13  5.57E-14  3.35E-14  1.89E-14  8.03E-15  3.89E-15  1.77E-15  5.80E-16  2.37E-16
     8       1.60E-11  1.13E-11  7.16E-12  5.05E-12  3.56E-12  2.24E-12  1.56E-12  1.08E-12  6.35E-13  4.06E-13
             2.44E-13  1.10E-13  5.48E-14  2.51E-14  8.03E-15  3.18E-15  1.21E-15  3.24E-16  1.17E-16
     9       2.42E-11  1.71E-11  1.08E-11  7.60E-12  5.33E-12  3.30E-12  2.25E-12  1.49E-12  7.96E-13  4.55E-13
             2.38E-13  8.77E-14  3.74E-14  1.49E-14  4.15E-15  1.52E-15  5.49E-16  1.41E-16  4.99E-17
    10       1.81E-11  1.28E-11  8.02E-12  5.62E-12  3.91E-12  2.35E-12  1.54E-12  9.61E-13  4.56E-13  2.33E-13
             1.08E-13  3.42E-14  1.33E-14  5.00E-15  1.31E-15  4.71E-16  1.68E-16  4.26E-17  1.51E-17
    11       2.83E-12  2.00E-12  1.27E-12  8.94E-13  6.32E-13  3.98E-13  2.80E-13  1.96E-13  1.21E-13  8.20E-14
             5.42E-14  2.96E-14  1.76E-14  9.90E-15  4.17E-15  2.01E-15  9.16E-16  2.99E-16  1.22E-16
    12       8.99E-12  6.35E-12  4.02E-12  2.84E-12  2.00E-12  1.25E-12  8.74E-13  6.01E-13  3.52E-13  2.23E-13
             1.33E-13  5.98E-14  2.96E-14  1.35E-14  4.30E-15  1.70E-15  6.47E-16  1.73E-16  6.26E-17
    13       1.48E-11  1.05E-11  6.61E-12  4.65E-12  3.26E-12  2.02E-12  1.37E-12  9.08E-13  4.85E-13  2.77E-13
             1.44E-13  5.29E-14  2.25E-14  8.99E-15  2.49E-15  9.14E-16  3.29E-16  8.44E-17  3.00E-17
    14       1.59E-11  1.12E-11  7.06E-12  4.95E-12  3.44E-12  2.07E-12  1.36E-12  8.46E-13  4.01E-13  2.05E-13
             9.46E-14  3.00E-14  1.17E-14  4.38E-15  1.15E-15  4.12E-16  1.47E-16  3.73E-17  1.32E-17
    15       8.72E-12  6.15E-12  3.85E-12  2.68E-12  1.83E-12  1.06E-12  6.66E-13  3.86E-13  1.62E-13  7.49E-14
             3.17E-14  9.17E-15  3.42E-15  1.24E-15  3.20E-16  1.14E-16  4.04E-17  1.02E-17  3.63E-18
    16       1.77E-12  1.25E-12  7.91E-13  5.59E-13  3.95E-13  2.48E-13  1.74E-13  1.21E-13  7.38E-14  4.96E-14
             3.25E-14  1.75E-14  1.04E-14  5.81E-15  2.44E-15  1.17E-15  5.33E-16  1.74E-16  7.10E-17
    17       5.61E-12  3.96E-12  2.50E-12  1.77E-12  1.25E-12  7.80E-13  5.42E-13  3.71E-13  2.16E-13  1.36E-13
             8.07E-14  3.59E-14  1.77E-14  8.05E-15  2.56E-15  1.01E-15  3.84E-16  1.03E-16  3.72E-17
    18       9.58E-12  6.77E-12  4.27E-12  3.01E-12  2.11E-12  1.30E-12  8.86E-13  5.84E-13  3.11E-13  1.77E-13
             9.18E-14  3.36E-14  1.43E-14  5.68E-15  1.57E-15  5.76E-16  2.08E-16  5.33E-17  1.89E-17
    19       1.19E-11  8.37E-12  5.26E-12  3.69E-12  2.56E-12  1.54E-12  1.01E-12  6.30E-13  2.98E-13  1.52E-13
             7.01E-14  2.22E-14  8.65E-15  3.24E-15  8.51E-16  3.05E-16  1.09E-16  2.76E-17  9.76E-18
    20       9.93E-12  7.00E-12  4.38E-12  3.05E-12  2.09E-12  1.21E-12  7.59E-13  4.40E-13  1.85E-13  8.53E-14
             3.60E-14  1.04E-14  3.89E-15  1.41E-15  3.64E-16  1.30E-16  4.60E-17  1.17E-17  4.12E-18
    21       4.30E-12  3.02E-12  1.88E-12  1.29E-12  8.70E-13  4.82E-13  2.85E-13  1.53E-13  5.78E-14  2.47E-14
             9.84E-15  2.70E-15  9.86E-16  3.54E-16  9.04E-17  3.21E-17  1.14E-17  2.88E-18  1.02E-18
    22       1.19E-12  8.44E-13  5.34E-13  3.77E-13  2.66E-13  1.67E-13  1.17E-13  8.07E-14  4.86E-14  3.24E-14
             2.10E-14  1.13E-14  6.63E-15  3.69E-15  1.54E-15  7.43E-16  3.37E-16  1.10E-16  4.48E-17
    23       3.77E-12  2.66E-12  1.68E-12  1.19E-12  8.36E-13  5.22E-13  3.62E-13  2.47E-13  1.42E-13  8.91E-14
             5.25E-14  2.32E-14  1.14E-14  5.17E-15  1.64E-15  6.48E-16  2.46E-16  6.58E-17  2.38E-17
    24       6.54E-12  4.62E-12  2.92E-12  2.05E-12  1.44E-12  8.87E-13  6.02E-13  3.96E-13  2.09E-13  1.19E-13
             6.14E-14  2.24E-14  9.50E-15  3.78E-15  1.05E-15  3.83E-16  1.38E-16  3.54E-17  1.26E-17
    25       8.68E-12  6.13E-12  3.86E-12  2.70E-12  1.88E-12  1.13E-12  7.41E-13  4.60E-13  2.17E-13  1.10E-13
             5.09E-14  1.61E-14  6.27E-15  2.34E-15  6.15E-16  2.21E-16  7.85E-17  1.99E-17  7.06E-18
    26       8.74E-12  6.16E-12  3.86E-12  2.68E-12  1.84E-12  1.07E-12  6.67E-13  3.86E-13  1.62E-13  7.48E-14
             3.16E-14  9.14E-15  3.41E-15  1.24E-15  3.19E-16  1.14E-16  4.03E-17  1.02E-17  3.61E-18
    27       6.02E-12  4.23E-12  2.63E-12  1.81E-12  1.22E-12  6.76E-13  3.99E-13  2.15E-13  8.10E-14  3.47E-14
             1.38E-14  3.79E-15  1.38E-15  4.96E-16  1.27E-16  4.49E-17  1.59E-17  4.03E-18  1.43E-18
    28       2.15E-12  1.50E-12  9.28E-13  6.30E-13  4.14E-13  2.17E-13  1.21E-13  6.07E-14  2.09E-14  8.46E-15
             3.24E-15  8.64E-16  3.11E-16  1.11E-16  2.83E-17  1.00E-17  3.54E-18  8.97E-19  3.17E-19
    29       8.51E-13  6.02E-13  3.80E-13  2.68E-13  1.89E-13  1.18E-13  8.22E-14  5.66E-14  3.37E-14  2.23E-14
             1.44E-14  7.64E-15  4.49E-15  2.49E-15  1.04E-15  4.99E-16  2.27E-16  7.38E-17  3.01E-17
    30       2.67E-12  1.89E-12  1.19E-12  8.42E-13  5.92E-13  3.69E-13  2.55E-13  1.73E-13  9.88E-14  6.15E-14
             3.60E-14  1.58E-14  7.76E-15  3.52E-15  1.12E-15  4.40E-16  1.67E-16  4.46E-17  1.61E-17
    31       4.68E-12  3.30E-12  2.08E-12  1.47E-12  1.03E-12  6.32E-13  4.28E-13  2.80E-13  1.47E-13  8.32E-14
             4.30E-14  1.56E-14  6.61E-15  2.63E-15  7.27E-16  2.66E-16  9.59E-17  2.46E-17  8.72E-18
    32       6.45E-12  4.55E-12  2.86E-12  2.01E-12  1.39E-12  8.37E-13  5.48E-13  3.40E-13  1.60E-13  8.11E-14
             3.73E-14  1.18E-14  4.59E-15  1.72E-15  4.51E-16  1.61E-16  5.75E-17  1.46E-17  5.17E-18
    33       7.17E-12  5.05E-12  3.16E-12  2.20E-12  1.51E-12  8.74E-13  5.46E-13  3.16E-13  1.32E-13  6.10E-14
             2.57E-14  7.45E-15  2.77E-15  1.01E-15  2.60E-16  9.25E-17  3.28E-17  8.31E-18  2.94E-18
    34       6.11E-12  4.29E-12  2.67E-12  1.84E-12  1.24E-12  6.85E-13  4.05E-13  2.18E-13  8.20E-14  3.51E-14
             1.40E-14  3.83E-15  1.40E-15  5.02E-16  1.28E-16  4.55E-17  1.61E-17  4.08E-18  1.44E-18
    35       3.57E-12  2.51E-12  1.55E-12  1.05E-12  6.90E-13  3.62E-13  2.02E-13  1.01E-13  3.48E-14  1.41E-14
             5.40E-15  1.44E-15  5.18E-16  1.85E-16  4.71E-17  1.67E-17  5.90E-18  1.49E-18  5.28E-19
    36       1.08E-12  7.56E-13  4.61E-13  3.08E-13  1.97E-13  9.73E-14  5.11E-14  2.41E-14  7.72E-15  3.01E-15
             1.12E-15  2.94E-16  1.05E-16  3.75E-17  9.52E-18  3.37E-18  1.19E-18  3.02E-19  1.07E-19


 -----------------------------------------
 PRTF= 1  TRMPRT= (1S)  SPNPRT= 1  NSYS= 1
                                                                                              -----------------
                                                                                              SYS= 1  SPNSYS= 2
   IREP
   ----
     1       2.19E-10  1.55E-10  9.78E-11  6.91E-11  4.89E-11  3.09E-11  2.18E-11  1.53E-11  9.58E-12  6.64E-12
             4.53E-12  2.61E-12  1.63E-12  9.57E-13  4.25E-13  2.12E-13  9.91E-14  3.32E-14  1.37E-14
     2       1.20E-10  8.49E-11  5.37E-11  3.79E-11  2.68E-11  1.68E-11  1.18E-11  8.18E-12  4.91E-12  3.23E-12
             2.03E-12  1.01E-12  5.52E-13  2.83E-13  1.07E-13  4.81E-14  2.07E-14  6.38E-15  2.53E-15
     3       8.29E-11  5.86E-11  3.70E-11  2.61E-11  1.84E-11  1.15E-11  7.93E-12  5.38E-12  3.08E-12  1.91E-12
             1.12E-12  5.02E-13  2.54E-13  1.22E-13  4.27E-14  1.84E-14  7.66E-15  2.29E-15  8.93E-16
     4       6.34E-11  4.48E-11  2.82E-11  1.99E-11  1.39E-11  8.60E-12  5.86E-12  3.88E-12  2.11E-12  1.24E-12
             6.90E-13  2.88E-13  1.39E-13  6.40E-14  2.15E-14  9.06E-15  3.70E-15  1.09E-15  4.19E-16
     5       5.13E-11  3.62E-11  2.28E-11  1.60E-11  1.12E-11  6.80E-12  4.55E-12  2.94E-12  1.52E-12  8.61E-13
             4.58E-13  1.81E-13  8.48E-14  3.80E-14  1.24E-14  5.16E-15  2.08E-15  6.04E-16  2.32E-16
     6       4.30E-11  3.04E-11  1.91E-11  1.34E-11  9.27E-12  5.57E-12  3.66E-12  2.30E-12  1.14E-12  6.24E-13
             3.21E-13  1.22E-13  5.58E-14  2.45E-14  7.88E-15  3.23E-15  1.29E-15  3.72E-16  1.42E-16
     7       3.71E-11  2.62E-11  1.64E-11  1.14E-11  7.89E-12  4.67E-12  3.01E-12  1.84E-12  8.81E-13  4.68E-13
             2.34E-13  8.67E-14  3.89E-14  1.68E-14  5.32E-15  2.16E-15  8.60E-16  2.46E-16  9.36E-17
     8       3.26E-11  2.30E-11  1.44E-11  9.98E-12  6.83E-12  3.97E-12  2.52E-12  1.51E-12  6.97E-13  3.61E-13
             1.77E-13  6.39E-14  2.82E-14  1.21E-14  3.78E-15  1.52E-15  6.03E-16  1.72E-16  6.52E-17
     9       2.90E-11  2.04E-11  1.28E-11  8.82E-12  6.00E-12  3.43E-12  2.13E-12  1.25E-12  5.61E-13  2.85E-13
             1.37E-13  4.85E-14  2.12E-14  8.99E-15  2.78E-15  1.12E-15  4.40E-16  1.25E-16  4.73E-17
    10       2.62E-11  1.84E-11  1.15E-11  7.89E-12  5.32E-12  2.99E-12  1.83E-12  1.05E-12  4.60E-13  2.29E-13
             1.09E-13  3.78E-14  1.64E-14  6.88E-15  2.11E-15  8.45E-16  3.32E-16  9.38E-17  3.54E-17
    11       2.38E-11  1.67E-11  1.04E-11  7.11E-12  4.76E-12  2.63E-12  1.58E-12  8.95E-13  3.82E-13  1.88E-13
             8.76E-14  3.01E-14  1.29E-14  5.40E-15  1.65E-15  6.56E-16  2.57E-16  7.23E-17  2.73E-17
    12       2.19E-11  1.53E-11  9.47E-12  6.46E-12  4.28E-12  2.33E-12  1.38E-12  7.68E-13  3.21E-13  1.56E-13
             7.18E-14  2.44E-14  1.04E-14  4.32E-15  1.31E-15  5.20E-16  2.03E-16  5.70E-17  2.15E-17
    13       2.02E-11  1.41E-11  8.70E-12  5.90E-12  3.88E-12  2.08E-12  1.21E-12  6.65E-13  2.73E-13  1.31E-13
             5.97E-14  2.00E-14  8.49E-15  3.51E-15  1.06E-15  4.19E-16  1.63E-16  4.58E-17  1.72E-17
    14       1.88E-11  1.31E-11  8.04E-12  5.42E-12  3.53E-12  1.87E-12  1.07E-12  5.80E-13  2.34E-13  1.11E-13
             5.02E-14  1.67E-14  7.03E-15  2.89E-15  8.70E-16  3.43E-16  1.33E-16  3.74E-17  1.40E-17
    15       1.75E-11  1.22E-11  7.46E-12  5.00E-12  3.23E-12  1.68E-12  9.55E-13  5.09E-13  2.02E-13  9.49E-14
             4.26E-14  1.41E-14  5.90E-15  2.42E-15  7.24E-16  2.85E-16  1.11E-16  3.09E-17  1.16E-17
    16       1.64E-11  1.14E-11  6.94E-12  4.63E-12  2.97E-12  1.52E-12  8.54E-13  4.50E-13  1.76E-13  8.19E-14
             3.66E-14  1.20E-14  5.00E-15  2.04E-15  6.09E-16  2.39E-16  9.27E-17  2.59E-17  9.70E-18
    17       1.46E-11  1.01E-11  6.08E-12  4.01E-12  2.53E-12  1.26E-12  6.92E-13  3.57E-13  1.37E-13  6.25E-14
             2.75E-14  8.90E-15  3.69E-15  1.50E-15  4.44E-16  1.74E-16  6.71E-17  1.87E-17  7.00E-18
    18       1.31E-11  9.04E-12  5.39E-12  3.51E-12  2.18E-12  1.06E-12  5.70E-13  2.88E-13  1.08E-13  4.88E-14
             2.13E-14  6.81E-15  2.80E-15  1.13E-15  3.34E-16  1.31E-16  5.03E-17  1.40E-17  5.22E-18
    19       1.18E-11  8.16E-12  4.81E-12  3.10E-12  1.89E-12  8.99E-13  4.75E-13  2.37E-13  8.71E-14  3.90E-14
             1.68E-14  5.34E-15  2.19E-15  8.80E-16  2.58E-16  1.01E-16  3.87E-17  1.07E-17  4.00E-18
    20       1.04E-11  7.09E-12  4.12E-12  2.60E-12  1.56E-12  7.16E-13  3.70E-13  1.81E-13  6.50E-14  2.87E-14
             1.23E-14  3.84E-15  1.56E-15  6.25E-16  1.83E-16  7.09E-17  2.72E-17  7.51E-18  2.80E-18
    21       8.84E-12  5.99E-12  3.41E-12  2.11E-12  1.23E-12  5.44E-13  2.74E-13  1.31E-13  4.59E-14  1.99E-14
             8.43E-15  2.61E-15  1.05E-15  4.20E-16  1.22E-16  4.71E-17  1.80E-17  4.97E-18  1.85E-18
    22       7.20E-12  4.80E-12  2.65E-12  1.58E-12  8.91E-13  3.77E-13  1.84E-13  8.57E-14  2.93E-14  1.25E-14
             5.22E-15  1.59E-15  6.39E-16  2.53E-16  7.28E-17  2.81E-17  1.07E-17  2.94E-18  1.09E-18
    23       6.37E-12  4.21E-12  2.27E-12  1.33E-12  7.34E-13  3.03E-13  1.46E-13  6.68E-14  2.25E-14  9.53E-15
             3.95E-15  1.20E-15  4.78E-16  1.88E-16  5.41E-17  2.08E-17  7.91E-18  2.17E-18  8.05E-19
    24       5.40E-12  3.51E-12  1.84E-12  1.05E-12  5.64E-13  2.25E-13  1.06E-13  4.78E-14  1.58E-14  6.63E-15
             2.72E-15  8.19E-16  3.25E-16  1.28E-16  3.65E-17  1.40E-17  5.30E-18  1.45E-18  5.38E-19
    25       4.87E-12  3.13E-12  1.61E-12  9.07E-13  4.79E-13  1.88E-13  8.75E-14  3.90E-14  1.28E-14  5.33E-15
             2.18E-15  6.52E-16  2.58E-16  1.01E-16  2.88E-17  1.10E-17  4.18E-18  1.14E-18  4.23E-19
    26       4.23E-12  2.68E-12  1.34E-12  7.39E-13  3.82E-13  1.46E-13  6.71E-14  2.96E-14  9.56E-15  3.96E-15
             1.61E-15  4.79E-16  1.89E-16  7.36E-17  2.09E-17  7.99E-18  3.03E-18  8.25E-19  3.05E-19
    27       3.71E-12  2.31E-12  1.13E-12  6.11E-13  3.10E-13  1.16E-13  5.27E-14  2.30E-14  7.35E-15  3.03E-15
             1.22E-15  3.62E-16  1.42E-16  5.54E-17  1.57E-17  5.99E-18  2.26E-18  6.16E-19  2.28E-19
    28       3.10E-12  1.89E-12  8.92E-13  4.70E-13  2.33E-13  8.54E-14  3.80E-14  1.64E-14  5.17E-15  2.11E-15
             8.49E-16  2.50E-16  9.77E-17  3.79E-17  1.07E-17  4.07E-18  1.54E-18  4.18E-19  1.54E-19
    29       2.53E-12  1.51E-12  6.86E-13  3.52E-13  1.71E-13  6.09E-14  2.67E-14  1.14E-14  3.55E-15  1.44E-15
             5.75E-16  1.68E-16  6.55E-17  2.53E-17  7.13E-18  2.71E-18  1.02E-18  2.76E-19  1.02E-19
    30       1.86E-12  1.06E-12  4.61E-13  2.28E-13  1.07E-13  3.70E-14  1.59E-14  6.68E-15  2.05E-15  8.23E-16
             3.26E-16  9.45E-17  3.66E-17  1.41E-17  3.95E-18  1.50E-18  5.62E-19  1.52E-19  5.61E-20
    31       1.50E-12  8.34E-13  3.49E-13  1.69E-13  7.81E-14  2.64E-14  1.12E-14  4.67E-15  1.42E-15  5.66E-16
             2.23E-16  6.44E-17  2.49E-17  9.56E-18  2.67E-18  1.01E-18  3.79E-19  1.02E-19  3.77E-20
    32       1.08E-12  5.82E-13  2.33E-13  1.10E-13  4.94E-14  1.63E-14  6.83E-15  2.80E-15  8.42E-16  3.34E-16
             1.31E-16  3.75E-17  1.44E-17  5.52E-18  1.54E-18  5.80E-19  2.17E-19  5.85E-20  2.15E-20
    33       8.40E-13  4.39E-13  1.71E-13  7.87E-14  3.49E-14  1.13E-14  4.70E-15  1.91E-15  5.70E-16  2.25E-16
             8.78E-17  2.50E-17  9.61E-18  3.67E-18  1.02E-18  3.84E-19  1.43E-19  3.86E-20  1.42E-20
    34       5.71E-13  2.88E-13  1.07E-13  4.81E-14  2.09E-14  6.64E-15  2.72E-15  1.10E-15  3.23E-16  1.27E-16
             4.92E-17  1.40E-17  5.34E-18  2.03E-18  5.62E-19  2.11E-19  7.88E-20  2.12E-20  7.77E-21
    35       4.18E-13  2.05E-13  7.41E-14  3.28E-14  1.40E-14  4.39E-15  1.79E-15  7.14E-16  2.09E-16  8.15E-17
             3.16E-17  8.91E-18  3.40E-18  1.29E-18  3.56E-19  1.34E-19  4.98E-20  1.34E-20  4.90E-21
    36       2.54E-13  1.20E-13  4.18E-14  1.81E-14  7.58E-15  2.33E-15  9.36E-16  3.71E-16  1.07E-16  4.17E-17
             1.61E-17  4.51E-18  1.71E-18  6.49E-19  1.78E-19  6.67E-20  2.48E-20  6.64E-21  2.43E-21
    37       1.80E-13  8.33E-14  2.83E-14  1.20E-14  5.00E-15  1.52E-15  6.07E-16  2.39E-16  6.89E-17  2.66E-17
             1.02E-17  2.86E-18  1.08E-18  4.10E-19  1.12E-19  4.20E-20  1.56E-20  4.17E-21  1.53E-21
    38       1.05E-13  4.74E-14  1.56E-14  6.52E-15  2.67E-15  7.99E-16  3.16E-16  1.24E-16  3.53E-17  1.36E-17
             5.19E-18  1.44E-18  5.46E-19  2.06E-19  5.63E-20  2.10E-20  7.79E-21  2.08E-21  7.60E-22
    39       7.10E-14  3.13E-14  1.01E-14  4.18E-15  1.70E-15  5.03E-16  1.98E-16  7.70E-17  2.19E-17  8.39E-18
             3.20E-18  8.87E-19  3.35E-19  1.26E-19  3.44E-20  1.28E-20  4.74E-21  1.26E-21  4.62E-22
    40       3.74E-14  1.61E-14  5.08E-15  2.07E-15  8.29E-16  2.43E-16  9.48E-17  3.67E-17  1.04E-17  3.95E-18
             1.50E-18  4.15E-19  1.56E-19  5.86E-20  1.59E-20  5.92E-21  2.19E-21  5.83E-22  2.13E-22
    41       2.60E-14  1.11E-14  3.45E-15  1.40E-15  5.57E-16  1.62E-16  6.31E-17  2.44E-17  6.85E-18  2.61E-18
             9.89E-19  2.73E-19  1.03E-19  3.84E-20  1.04E-20  3.88E-21  1.43E-21  3.81E-22  1.39E-22
    42       1.52E-14  6.41E-15  1.97E-15  7.92E-16  3.14E-16  9.08E-17  3.52E-17  1.35E-17  3.79E-18  1.44E-18
             5.45E-19  1.50E-19  5.63E-20  2.11E-20  5.71E-21  2.12E-21  7.82E-22  2.08E-22  7.58E-23



    T(K)     ALFT( 1)  ALFT( 2)  ALFT( 3)  ALFT( 4)  ALFT( 5)  ALFT( 6)  ALFT( 7)  ALFT( 8)  ALFT( 9)  ALFT(10)
    ----     --------  --------  --------  --------  --------  --------  --------  --------  --------  --------
  1.76E+04   1.45E-09
  3.53E+04   9.66E-10
  8.82E+04   5.54E-10
  1.76E+05   3.64E-10
  3.53E+05   2.36E-10
  8.82E+05   1.32E-10
  1.76E+06   8.43E-11
  3.53E+06   5.33E-11
  8.82E+06   2.85E-11
  1.76E+07   1.75E-11
  3.53E+07   1.05E-11
  8.82E+07   5.18E-12
  1.76E+08   2.92E-12
  3.53E+08   1.57E-12
  8.82E+08   6.43E-13
  1.76E+09   3.06E-13
  3.53E+09   1.38E-13
  8.82E+09   4.50E-14
  1.76E+10   1.84E-14
C--------------------------------------------------------------------------------------------------------------
C
C                                                                            
C
C NAME:
C DATE:   /  /  
C
C--------------------------------------------------------------------------------------------------------------
