SEQ='H '     NUCCHG=42                                                  /IC/

   PARENT LEVEL INDEXING                BWNP=         0.0   NPRNTI= 1   NPRNTF= 1
   ---------------------
   INDP         CODE                 S L   WI        WNP
   ----         ----                 - -   --  ----------
     1                              (1)0( 0.0)        0.0 

   IC RESOLVED LEVEL INDEXING           BWNR= 193576773.6   NLVL=  64
   --------------------------
   INDX  INDP   CODE                 S L   WJ        WNR
   ----  ----   ----                 - -   --  ----------
     1     1    1S1                 (1)*( 0.5)        0.0 
     2     1    2S1                 (1)*( 0.5)145182580.2 
     3     1    2P1                 (1)*( 0.5)145182580.2 
     4     1    2P1                 (1)*( 1.5)145182580.2 
     5     1    3S1                 (1)*( 0.5)172068243.2 
     6     1    3P1                 (1)*( 0.5)172068243.2 
     7     1    3P1                 (1)*( 1.5)172068243.2 
     8     1    3D1                 (1)*( 1.5)172068243.2 
     9     1    3D1                 (1)*( 2.5)172068243.2 
    10     1    4S1                 (1)*( 0.5)181478225.3 
    11     1    4P1                 (1)*( 0.5)181478225.3 
    12     1    4P1                 (1)*( 1.5)181478225.3 
    13     1    4D1                 (1)*( 1.5)181478225.3 
    14     1    4D1                 (1)*( 2.5)181478225.3 
    15     1    4F1                 (1)*( 2.5)181478225.3 
    16     1    4F1                 (1)*( 3.5)181478225.3 
    17     1    5S1                 (1)*( 0.5)185833702.7 
    18     1    5P1                 (1)*( 0.5)185833702.7 
    19     1    5P1                 (1)*( 1.5)185833702.7 
    20     1    5D1                 (1)*( 1.5)185833702.7 
    21     1    5D1                 (1)*( 2.5)185833702.7 
    22     1    5F1                 (1)*( 2.5)185833702.7 
    23     1    5F1                 (1)*( 3.5)185833702.7 
    24     1    5G1                 (1)*( 3.5)185833702.7 
    25     1    5G1                 (1)*( 4.5)185833702.7 
    26     1    6S1                 (1)*( 0.5)188199641.0 
    27     1    6P1                 (1)*( 0.5)188199641.0 
    28     1    6P1                 (1)*( 1.5)188199641.0 
    29     1    6D1                 (1)*( 1.5)188199641.0 
    30     1    6D1                 (1)*( 2.5)188199641.0 
    31     1    6F1                 (1)*( 2.5)188199641.0 
    32     1    6F1                 (1)*( 3.5)188199641.0 
    33     1    6G1                 (1)*( 3.5)188199641.0 
    34     1    6G1                 (1)*( 4.5)188199641.0 
    35     1    6H1                 (1)*( 4.5)188199641.0 
    36     1    6H1                 (1)*( 5.5)188199641.0 
    37     1    7S1                 (1)*( 0.5)189626227.2 
    38     1    7P1                 (1)*( 0.5)189626227.2 
    39     1    7P1                 (1)*( 1.5)189626227.2 
    40     1    7D1                 (1)*( 1.5)189626227.2 
    41     1    7D1                 (1)*( 2.5)189626227.2 
    42     1    7F1                 (1)*( 2.5)189626227.2 
    43     1    7F1                 (1)*( 3.5)189626227.2 
    44     1    7G1                 (1)*( 3.5)189626227.2 
    45     1    7G1                 (1)*( 4.5)189626227.2 
    46     1    7H1                 (1)*( 4.5)189626227.2 
    47     1    7H1                 (1)*( 5.5)189626227.2 
    48     1    7I1                 (1)*( 5.5)189626227.2 
    49     1    7I1                 (1)*( 6.5)189626227.2 
    50     1    8S1                 (1)*( 0.5)190552136.5 
    51     1    8P1                 (1)*( 0.5)190552136.5 
    52     1    8P1                 (1)*( 1.5)190552136.5 
    53     1    8D1                 (1)*( 1.5)190552136.5 
    54     1    8D1                 (1)*( 2.5)190552136.5 
    55     1    8F1                 (1)*( 2.5)190552136.5 
    56     1    8F1                 (1)*( 3.5)190552136.5 
    57     1    8G1                 (1)*( 3.5)190552136.5 
    58     1    8G1                 (1)*( 4.5)190552136.5 
    59     1    8H1                 (1)*( 4.5)190552136.5 
    60     1    8H1                 (1)*( 5.5)190552136.5 
    61     1    8I1                 (1)*( 5.5)190552136.5 
    62     1    8I1                 (1)*( 6.5)190552136.5 
    63     1    8J1                 (1)*( 6.5)190552136.5 
    64     1    8J1                 (1)*( 7.5)190552136.5 

   NL-SHELL INDEXING                     NLREP= 55
   -----------------
   ILREP   N   L
   -----   -   -
     1     1   0
     2     2   0
     3     2   1
     4     3   0
     5     3   1
     6     3   2
     7     4   0
     8     4   1
     9     4   2
    10     4   3
    11     5   0
    12     5   1
    13     5   2
    14     5   3
    15     5   4
    16     6   0
    17     6   1
    18     6   2
    19     6   3
    20     6   4
    21     6   5
    22     7   0
    23     7   1
    24     7   2
    25     7   3
    26     7   4
    27     7   5
    28     7   6
    29     8   0
    30     8   1
    31     8   2
    32     8   3
    33     8   4
    34     8   5
    35     8   6
    36     8   7
    37     9   0
    38     9   1
    39     9   2
    40     9   3
    41     9   4
    42     9   5
    43     9   6
    44     9   7
    45     9   8
    46    10   0
    47    10   1
    48    10   2
    49    10   3
    50    10   4
    51    10   5
    52    10   6
    53    10   7
    54    10   8
    55    10   9

   N-SHELL INDEXING                                     NREP= 42
   ----------------
   INREP   N
   -----   -
     1     1
     2     2
     3     3
     4     4
     5     5
     6     6
     7     7
     8     8
     9     9
    10    10
    11    11
    12    12
    13    13
    14    14
    15    15
    16    16
    17    18
    18    20
    19    22
    20    25
    21    29
    22    35
    23    39
    24    45
    25    49
    26    55
    27    61
    28    70
    29    81
    30   100
    31   115
    32   140
    33   162
    34   200
    35   235
    36   300
    37   353
    38   450
    39   535
    40   700
    41   811
    42   999



 --------------------------
 PRTI= 1  LVLPRT= (1S  0.0)

   INDX TE=  1.76E+04  3.53E+04  8.82E+04  1.76E+05  3.53E+05  8.82E+05  1.76E+06  3.53E+06  8.82E+06  1.76E+07
   ---- ---  3.53E+07  8.82E+07  1.76E+08  3.53E+08  8.82E+08  1.76E+09  3.53E+09  8.82E+09  1.76E+10
     1       2.19E-10  1.55E-10  9.78E-11  6.91E-11  4.89E-11  3.09E-11  2.18E-11  1.53E-11  9.58E-12  6.64E-12
             4.53E-12  2.61E-12  1.63E-12  9.57E-13  4.25E-13  2.12E-13  9.91E-14  3.32E-14  1.37E-14
     2       3.20E-11  2.27E-11  1.43E-11  1.01E-11  7.16E-12  4.53E-12  3.20E-12  2.25E-12  1.41E-12  9.84E-13
             6.72E-13  3.85E-13  2.38E-13  1.38E-13  5.98E-14  2.93E-14  1.35E-14  4.46E-15  1.83E-15
     3       2.94E-11  2.08E-11  1.31E-11  9.26E-12  6.53E-12  4.10E-12  2.86E-12  1.97E-12  1.17E-12  7.49E-13
             4.54E-13  2.08E-13  1.05E-13  4.85E-14  1.57E-14  6.25E-15  2.39E-15  6.41E-16  2.32E-16
     4       5.87E-11  4.15E-11  2.62E-11  1.85E-11  1.31E-11  8.20E-12  5.72E-12  3.95E-12  2.33E-12  1.50E-12
             9.08E-13  4.17E-13  2.09E-13  9.70E-14  3.14E-14  1.25E-14  4.77E-15  1.28E-15  4.64E-16
     5       1.08E-11  7.63E-12  4.82E-12  3.41E-12  2.41E-12  1.52E-12  1.08E-12  7.58E-13  4.74E-13  3.28E-13
             2.22E-13  1.25E-13  7.61E-14  4.34E-14  1.86E-14  9.03E-15  4.13E-15  1.36E-15  5.55E-16
     6       1.11E-11  7.88E-12  4.98E-12  3.52E-12  2.48E-12  1.56E-12  1.09E-12  7.51E-13  4.44E-13  2.85E-13
             1.72E-13  7.86E-14  3.93E-14  1.81E-14  5.82E-15  2.31E-15  8.81E-16  2.36E-16  8.55E-17
     7       2.23E-11  1.58E-11  9.96E-12  7.03E-12  4.96E-12  3.11E-12  2.18E-12  1.50E-12  8.89E-13  5.70E-13
             3.45E-13  1.57E-13  7.86E-14  3.62E-14  1.16E-14  4.62E-15  1.76E-15  4.72E-16  1.71E-16
     8       1.55E-11  1.09E-11  6.90E-12  4.86E-12  3.41E-12  2.11E-12  1.44E-12  9.49E-13  5.08E-13  2.91E-13
             1.53E-13  5.63E-14  2.41E-14  9.64E-15  2.68E-15  9.82E-16  3.54E-16  9.08E-17  3.23E-17
     9       2.32E-11  1.64E-11  1.04E-11  7.29E-12  5.11E-12  3.16E-12  2.15E-12  1.42E-12  7.62E-13  4.37E-13
             2.29E-13  8.45E-14  3.61E-14  1.45E-14  4.02E-15  1.47E-15  5.32E-16  1.36E-16  4.84E-17
    10       5.05E-12  3.57E-12  2.26E-12  1.60E-12  1.13E-12  7.13E-13  5.03E-13  3.54E-13  2.20E-13  1.51E-13
             1.01E-13  5.57E-14  3.35E-14  1.89E-14  8.03E-15  3.89E-15  1.77E-15  5.80E-16  2.37E-16
    11       5.34E-12  3.77E-12  2.39E-12  1.68E-12  1.19E-12  7.46E-13  5.21E-13  3.59E-13  2.12E-13  1.35E-13
             8.12E-14  3.67E-14  1.83E-14  8.36E-15  2.68E-15  1.06E-15  4.04E-16  1.08E-16  3.91E-17
    12       1.07E-11  7.55E-12  4.77E-12  3.37E-12  2.38E-12  1.49E-12  1.04E-12  7.18E-13  4.23E-13  2.70E-13
             1.62E-13  7.34E-14  3.65E-14  1.67E-14  5.35E-15  2.12E-15  8.08E-16  2.16E-16  7.82E-17
    13       9.68E-12  6.84E-12  4.32E-12  3.04E-12  2.13E-12  1.32E-12  8.99E-13  5.94E-13  3.18E-13  1.82E-13
             9.53E-14  3.51E-14  1.50E-14  5.98E-15  1.66E-15  6.08E-16  2.19E-16  5.62E-17  2.00E-17
    14       1.45E-11  1.03E-11  6.48E-12  4.56E-12  3.20E-12  1.98E-12  1.35E-12  8.92E-13  4.77E-13  2.73E-13
             1.43E-13  5.26E-14  2.24E-14  8.97E-15  2.49E-15  9.12E-16  3.29E-16  8.44E-17  3.00E-17
    15       7.74E-12  5.47E-12  3.44E-12  2.41E-12  1.67E-12  1.01E-12  6.62E-13  4.12E-13  1.95E-13  9.97E-14
             4.62E-14  1.47E-14  5.72E-15  2.14E-15  5.63E-16  2.02E-16  7.18E-17  1.83E-17  6.46E-18
    16       1.03E-11  7.29E-12  4.58E-12  3.21E-12  2.23E-12  1.34E-12  8.82E-13  5.49E-13  2.61E-13  1.33E-13
             6.15E-14  1.95E-14  7.62E-15  2.85E-15  7.50E-16  2.69E-16  9.58E-17  2.43E-17  8.62E-18
    17       2.83E-12  2.00E-12  1.27E-12  8.94E-13  6.32E-13  3.98E-13  2.80E-13  1.96E-13  1.21E-13  8.20E-14
             5.42E-14  2.96E-14  1.76E-14  9.90E-15  4.17E-15  2.01E-15  9.16E-16  2.99E-16  1.22E-16
    18       3.00E-12  2.12E-12  1.34E-12  9.45E-13  6.66E-13  4.18E-13  2.91E-13  2.00E-13  1.17E-13  7.45E-14
             4.44E-14  1.99E-14  9.85E-15  4.50E-15  1.43E-15  5.67E-16  2.16E-16  5.77E-17  2.09E-17
    19       5.99E-12  4.24E-12  2.68E-12  1.89E-12  1.33E-12  8.36E-13  5.83E-13  4.01E-13  2.35E-13  1.49E-13
             8.89E-14  3.98E-14  1.97E-14  8.99E-15  2.87E-15  1.13E-15  4.32E-16  1.15E-16  4.17E-17
    20       5.93E-12  4.19E-12  2.64E-12  1.86E-12  1.31E-12  8.07E-13  5.50E-13  3.63E-13  1.94E-13  1.11E-13
             5.77E-14  2.12E-14  9.01E-15  3.60E-15  9.97E-16  3.65E-16  1.32E-16  3.38E-17  1.20E-17
    21       8.89E-12  6.28E-12  3.97E-12  2.79E-12  1.96E-12  1.21E-12  8.25E-13  5.45E-13  2.91E-13  1.66E-13
             8.66E-14  3.18E-14  1.35E-14  5.40E-15  1.50E-15  5.48E-16  1.98E-16  5.07E-17  1.80E-17
    22       6.81E-12  4.81E-12  3.03E-12  2.12E-12  1.47E-12  8.87E-13  5.83E-13  3.63E-13  1.72E-13  8.77E-14
             4.05E-14  1.29E-14  5.01E-15  1.88E-15  4.93E-16  1.77E-16  6.29E-17  1.60E-17  5.66E-18
    23       9.08E-12  6.41E-12  4.03E-12  2.83E-12  1.96E-12  1.18E-12  7.77E-13  4.84E-13  2.29E-13  1.17E-13
             5.41E-14  1.71E-14  6.69E-15  2.50E-15  6.58E-16  2.36E-16  8.39E-17  2.13E-17  7.55E-18
    24       3.88E-12  2.73E-12  1.71E-12  1.19E-12  8.15E-13  4.73E-13  2.96E-13  1.72E-13  7.21E-14  3.33E-14
             1.41E-14  4.08E-15  1.52E-15  5.53E-16  1.42E-16  5.07E-17  1.80E-17  4.55E-18  1.61E-18
    25       4.84E-12  3.41E-12  2.14E-12  1.49E-12  1.02E-12  5.92E-13  3.70E-13  2.14E-13  9.01E-14  4.16E-14
             1.76E-14  5.09E-15  1.90E-15  6.91E-16  1.78E-16  6.33E-17  2.25E-17  5.69E-18  2.01E-18
    26       1.77E-12  1.25E-12  7.91E-13  5.59E-13  3.95E-13  2.48E-13  1.74E-13  1.21E-13  7.38E-14  4.96E-14
             3.25E-14  1.75E-14  1.04E-14  5.81E-15  2.44E-15  1.17E-15  5.33E-16  1.74E-16  7.10E-17
    27       1.87E-12  1.32E-12  8.35E-13  5.89E-13  4.15E-13  2.60E-13  1.81E-13  1.24E-13  7.20E-14  4.54E-14
             2.69E-14  1.20E-14  5.89E-15  2.68E-15  8.53E-16  3.37E-16  1.28E-16  3.43E-17  1.24E-17
    28       3.74E-12  2.64E-12  1.67E-12  1.18E-12  8.31E-13  5.20E-13  3.62E-13  2.48E-13  1.44E-13  9.08E-14
             5.38E-14  2.39E-14  1.18E-14  5.36E-15  1.71E-15  6.74E-16  2.56E-16  6.85E-17  2.48E-17
    29       3.83E-12  2.71E-12  1.71E-12  1.20E-12  8.44E-13  5.21E-13  3.55E-13  2.34E-13  1.24E-13  7.07E-14
             3.67E-14  1.34E-14  5.70E-15  2.27E-15  6.29E-16  2.31E-16  8.31E-17  2.13E-17  7.56E-18
    30       5.75E-12  4.06E-12  2.56E-12  1.80E-12  1.27E-12  7.81E-13  5.32E-13  3.51E-13  1.86E-13  1.06E-13
             5.51E-14  2.01E-14  8.55E-15  3.41E-15  9.44E-16  3.46E-16  1.25E-16  3.20E-17  1.13E-17
    31       5.08E-12  3.59E-12  2.26E-12  1.58E-12  1.10E-12  6.61E-13  4.34E-13  2.70E-13  1.28E-13  6.50E-14
             3.00E-14  9.51E-15  3.71E-15  1.39E-15  3.65E-16  1.31E-16  4.65E-17  1.18E-17  4.18E-18
    32       6.77E-12  4.78E-12  3.01E-12  2.11E-12  1.46E-12  8.82E-13  5.79E-13  3.60E-13  1.70E-13  8.67E-14
             4.01E-14  1.27E-14  4.94E-15  1.85E-15  4.86E-16  1.74E-16  6.20E-17  1.58E-17  5.58E-18
    33       4.42E-12  3.11E-12  1.95E-12  1.36E-12  9.29E-13  5.39E-13  3.37E-13  1.95E-13  8.21E-14  3.79E-14
             1.60E-14  4.64E-15  1.73E-15  6.29E-16  1.62E-16  5.76E-17  2.04E-17  5.18E-18  1.83E-18
    34       5.52E-12  3.89E-12  2.44E-12  1.69E-12  1.16E-12  6.74E-13  4.21E-13  2.44E-13  1.03E-13  4.74E-14
             2.00E-14  5.80E-15  2.16E-15  7.86E-16  2.02E-16  7.20E-17  2.55E-17  6.47E-18  2.29E-18
    35       1.95E-12  1.37E-12  8.54E-13  5.88E-13  3.96E-13  2.19E-13  1.29E-13  6.97E-14  2.63E-14  1.12E-14
             4.47E-15  1.23E-15  4.48E-16  1.61E-16  4.11E-17  1.46E-17  5.16E-18  1.31E-18  4.63E-19
    36       2.34E-12  1.65E-12  1.03E-12  7.06E-13  4.75E-13  2.63E-13  1.55E-13  8.37E-14  3.15E-14  1.35E-14
             5.37E-15  1.48E-15  5.38E-16  1.93E-16  4.93E-17  1.75E-17  6.20E-18  1.57E-18  5.55E-19
    37       1.19E-12  8.44E-13  5.34E-13  3.77E-13  2.66E-13  1.67E-13  1.17E-13  8.07E-14  4.86E-14  3.24E-14
             2.10E-14  1.13E-14  6.63E-15  3.69E-15  1.54E-15  7.43E-16  3.37E-16  1.10E-16  4.48E-17
    38       1.26E-12  8.88E-13  5.61E-13  3.96E-13  2.79E-13  1.74E-13  1.21E-13  8.22E-14  4.74E-14  2.97E-14
             1.75E-14  7.74E-15  3.80E-15  1.72E-15  5.48E-16  2.16E-16  8.21E-17  2.19E-17  7.93E-18
    39       2.51E-12  1.78E-12  1.12E-12  7.91E-13  5.57E-13  3.48E-13  2.41E-13  1.64E-13  9.48E-14  5.94E-14
             3.50E-14  1.55E-14  7.60E-15  3.45E-15  1.10E-15  4.32E-16  1.64E-16  4.39E-17  1.59E-17
    40       2.62E-12  1.85E-12  1.17E-12  8.21E-13  5.76E-13  3.55E-13  2.41E-13  1.58E-13  8.38E-14  4.75E-14
             2.46E-14  8.95E-15  3.80E-15  1.51E-15  4.18E-16  1.53E-16  5.52E-17  1.42E-17  5.02E-18
    41       3.93E-12  2.77E-12  1.75E-12  1.23E-12  8.63E-13  5.32E-13  3.61E-13  2.38E-13  1.26E-13  7.12E-14
             3.69E-14  1.34E-14  5.70E-15  2.27E-15  6.28E-16  2.30E-16  8.29E-17  2.12E-17  7.54E-18
    42       3.72E-12  2.63E-12  1.65E-12  1.16E-12  8.05E-13  4.84E-13  3.17E-13  1.97E-13  9.31E-14  4.73E-14
             2.18E-14  6.89E-15  2.69E-15  1.00E-15  2.64E-16  9.45E-17  3.36E-17  8.55E-18  3.03E-18
    43       4.96E-12  3.50E-12  2.20E-12  1.54E-12  1.07E-12  6.45E-13  4.23E-13  2.63E-13  1.24E-13  6.30E-14
             2.91E-14  9.19E-15  3.58E-15  1.34E-15  3.52E-16  1.26E-16  4.49E-17  1.14E-17  4.04E-18
    44       3.88E-12  2.74E-12  1.71E-12  1.19E-12  8.17E-13  4.74E-13  2.96E-13  1.72E-13  7.20E-14  3.32E-14
             1.40E-14  4.06E-15  1.51E-15  5.51E-16  1.42E-16  5.05E-17  1.79E-17  4.54E-18  1.60E-18
    45       4.85E-12  3.42E-12  2.14E-12  1.49E-12  1.02E-12  5.93E-13  3.71E-13  2.15E-13  9.00E-14  4.15E-14
             1.75E-14  5.08E-15  1.89E-15  6.88E-16  1.77E-16  6.31E-17  2.24E-17  5.67E-18  2.01E-18
    46       2.74E-12  1.92E-12  1.20E-12  8.25E-13  5.55E-13  3.07E-13  1.82E-13  9.78E-14  3.68E-14  1.58E-14
             6.27E-15  1.72E-15  6.27E-16  2.25E-16  5.76E-17  2.04E-17  7.23E-18  1.83E-18  6.48E-19
    47       3.28E-12  2.31E-12  1.44E-12  9.89E-13  6.65E-13  3.69E-13  2.18E-13  1.17E-13  4.42E-14  1.89E-14
             7.52E-15  2.07E-15  7.53E-16  2.70E-16  6.91E-17  2.45E-17  8.68E-18  2.20E-18  7.77E-19
    48       9.90E-13  6.94E-13  4.28E-13  2.91E-13  1.91E-13  1.00E-13  5.58E-14  2.80E-14  9.64E-15  3.91E-15
             1.50E-15  3.99E-16  1.44E-16  5.13E-17  1.30E-17  4.62E-18  1.64E-18  4.14E-19  1.46E-19
    49       1.16E-12  8.10E-13  5.00E-13  3.39E-13  2.23E-13  1.17E-13  6.51E-14  3.27E-14  1.12E-14  4.56E-15
             1.74E-15  4.65E-16  1.68E-16  5.98E-17  1.52E-17  5.39E-18  1.91E-18  4.83E-19  1.71E-19
    50       8.51E-13  6.02E-13  3.80E-13  2.68E-13  1.89E-13  1.18E-13  8.22E-14  5.66E-14  3.37E-14  2.23E-14
             1.44E-14  7.64E-15  4.49E-15  2.49E-15  1.04E-15  4.99E-16  2.27E-16  7.38E-17  3.01E-17
    51       8.92E-13  6.30E-13  3.98E-13  2.81E-13  1.97E-13  1.23E-13  8.49E-14  5.76E-14  3.29E-14  2.05E-14
             1.20E-14  5.28E-15  2.59E-15  1.17E-15  3.72E-16  1.47E-16  5.57E-17  1.49E-17  5.37E-18
    52       1.78E-12  1.26E-12  7.96E-13  5.61E-13  3.95E-13  2.46E-13  1.70E-13  1.15E-13  6.58E-14  4.10E-14
             2.40E-14  1.06E-14  5.17E-15  2.34E-15  7.43E-16  2.93E-16  1.11E-16  2.97E-17  1.07E-17
    53       1.87E-12  1.32E-12  8.33E-13  5.86E-13  4.11E-13  2.53E-13  1.71E-13  1.12E-13  5.90E-14  3.33E-14
             1.72E-14  6.24E-15  2.64E-15  1.05E-15  2.91E-16  1.06E-16  3.84E-17  9.83E-18  3.49E-18
    54       2.81E-12  1.98E-12  1.25E-12  8.80E-13  6.16E-13  3.79E-13  2.57E-13  1.68E-13  8.85E-14  4.99E-14
             2.58E-14  9.36E-15  3.97E-15  1.58E-15  4.36E-16  1.60E-16  5.75E-17  1.47E-17  5.23E-18
    55       2.77E-12  1.95E-12  1.23E-12  8.60E-13  5.97E-13  3.59E-13  2.35E-13  1.46E-13  6.86E-14  3.48E-14
             1.60E-14  5.05E-15  1.97E-15  7.35E-16  1.93E-16  6.92E-17  2.46E-17  6.26E-18  2.22E-18
    56       3.69E-12  2.60E-12  1.64E-12  1.15E-12  7.96E-13  4.79E-13  3.13E-13  1.94E-13  9.14E-14  4.63E-14
             2.13E-14  6.74E-15  2.62E-15  9.80E-16  2.57E-16  9.22E-17  3.28E-17  8.34E-18  2.95E-18
    57       3.18E-12  2.24E-12  1.41E-12  9.78E-13  6.70E-13  3.89E-13  2.43E-13  1.40E-13  5.88E-14  2.71E-14
             1.14E-14  3.31E-15  1.23E-15  4.49E-16  1.16E-16  4.11E-17  1.46E-17  3.69E-18  1.31E-18
    58       3.98E-12  2.81E-12  1.76E-12  1.22E-12  8.37E-13  4.86E-13  3.03E-13  1.76E-13  7.35E-14  3.39E-14
             1.43E-14  4.14E-15  1.54E-15  5.61E-16  1.44E-16  5.14E-17  1.82E-17  4.62E-18  1.63E-18
    59       2.78E-12  1.95E-12  1.21E-12  8.36E-13  5.62E-13  3.12E-13  1.84E-13  9.91E-14  3.73E-14  1.59E-14
             6.34E-15  1.74E-15  6.35E-16  2.28E-16  5.83E-17  2.07E-17  7.32E-18  1.85E-18  6.55E-19
    60       3.33E-12  2.34E-12  1.46E-12  1.00E-12  6.75E-13  3.74E-13  2.21E-13  1.19E-13  4.47E-14  1.91E-14
             7.61E-15  2.09E-15  7.62E-16  2.74E-16  6.99E-17  2.48E-17  8.78E-18  2.22E-18  7.86E-19
    61       1.65E-12  1.16E-12  7.13E-13  4.85E-13  3.18E-13  1.67E-13  9.30E-14  4.67E-14  1.61E-14  6.51E-15
             2.49E-15  6.64E-16  2.39E-16  8.54E-17  2.17E-17  7.70E-18  2.72E-18  6.89E-19  2.44E-19
    62       1.92E-12  1.35E-12  8.32E-13  5.66E-13  3.71E-13  1.95E-13  1.09E-13  5.45E-14  1.87E-14  7.59E-15
             2.91E-15  7.75E-16  2.79E-16  9.96E-17  2.53E-17  8.98E-18  3.18E-18  8.04E-19  2.84E-19
    63       5.05E-13  3.53E-13  2.15E-13  1.44E-13  9.18E-14  4.54E-14  2.38E-14  1.12E-14  3.60E-15  1.40E-15
             5.24E-16  1.37E-16  4.92E-17  1.75E-17  4.44E-18  1.57E-18  5.56E-19  1.41E-19  4.98E-20
    64       5.77E-13  4.03E-13  2.46E-13  1.64E-13  1.05E-13  5.19E-14  2.72E-14  1.28E-14  4.12E-15  1.60E-15
             5.99E-16  1.57E-16  5.62E-17  2.00E-17  5.08E-18  1.80E-18  6.36E-19  1.61E-19  5.69E-20

                                                                                     --------------------------
                                                                                     PRTF= 1  LVLPRT= (1S  0.0)
   ILREP
   -----
     1       2.19E-10  1.55E-10  9.78E-11  6.91E-11  4.89E-11  3.09E-11  2.18E-11  1.53E-11  9.58E-12  6.64E-12
             4.53E-12  2.61E-12  1.63E-12  9.57E-13  4.25E-13  2.12E-13  9.91E-14  3.32E-14  1.37E-14
     2       3.20E-11  2.27E-11  1.43E-11  1.01E-11  7.16E-12  4.53E-12  3.20E-12  2.25E-12  1.41E-12  9.84E-13
             6.72E-13  3.85E-13  2.38E-13  1.38E-13  5.98E-14  2.93E-14  1.35E-14  4.46E-15  1.83E-15
     3       8.81E-11  6.23E-11  3.94E-11  2.78E-11  1.96E-11  1.23E-11  8.58E-12  5.92E-12  3.50E-12  2.25E-12
             1.36E-12  6.25E-13  3.14E-13  1.45E-13  4.70E-14  1.87E-14  7.16E-15  1.92E-15  6.96E-16
     4       1.08E-11  7.63E-12  4.82E-12  3.41E-12  2.41E-12  1.52E-12  1.08E-12  7.58E-13  4.74E-13  3.28E-13
             2.22E-13  1.25E-13  7.61E-14  4.34E-14  1.86E-14  9.03E-15  4.13E-15  1.36E-15  5.55E-16
     5       3.34E-11  2.36E-11  1.49E-11  1.06E-11  7.44E-12  4.67E-12  3.26E-12  2.25E-12  1.33E-12  8.56E-13
             5.17E-13  2.36E-13  1.18E-13  5.43E-14  1.75E-14  6.93E-15  2.64E-15  7.08E-16  2.56E-16
     6       3.87E-11  2.73E-11  1.73E-11  1.21E-11  8.52E-12  5.27E-12  3.59E-12  2.37E-12  1.27E-12  7.28E-13
             3.81E-13  1.41E-13  6.02E-14  2.41E-14  6.69E-15  2.46E-15  8.86E-16  2.27E-16  8.07E-17
     7       5.05E-12  3.57E-12  2.26E-12  1.60E-12  1.13E-12  7.13E-13  5.03E-13  3.54E-13  2.20E-13  1.51E-13
             1.01E-13  5.57E-14  3.35E-14  1.89E-14  8.03E-15  3.89E-15  1.77E-15  5.80E-16  2.37E-16
     8       1.60E-11  1.13E-11  7.16E-12  5.05E-12  3.56E-12  2.24E-12  1.56E-12  1.08E-12  6.35E-13  4.06E-13
             2.44E-13  1.10E-13  5.48E-14  2.51E-14  8.03E-15  3.18E-15  1.21E-15  3.24E-16  1.17E-16
     9       2.42E-11  1.71E-11  1.08E-11  7.60E-12  5.33E-12  3.30E-12  2.25E-12  1.49E-12  7.96E-13  4.55E-13
             2.38E-13  8.77E-14  3.74E-14  1.49E-14  4.15E-15  1.52E-15  5.49E-16  1.41E-16  4.99E-17
    10       1.81E-11  1.28E-11  8.02E-12  5.62E-12  3.91E-12  2.35E-12  1.54E-12  9.61E-13  4.56E-13  2.33E-13
             1.08E-13  3.42E-14  1.33E-14  5.00E-15  1.31E-15  4.71E-16  1.68E-16  4.26E-17  1.51E-17
    11       2.83E-12  2.00E-12  1.27E-12  8.94E-13  6.32E-13  3.98E-13  2.80E-13  1.96E-13  1.21E-13  8.20E-14
             5.42E-14  2.96E-14  1.76E-14  9.90E-15  4.17E-15  2.01E-15  9.16E-16  2.99E-16  1.22E-16
    12       8.99E-12  6.35E-12  4.02E-12  2.84E-12  2.00E-12  1.25E-12  8.74E-13  6.01E-13  3.52E-13  2.23E-13
             1.33E-13  5.98E-14  2.96E-14  1.35E-14  4.30E-15  1.70E-15  6.47E-16  1.73E-16  6.26E-17
    13       1.48E-11  1.05E-11  6.61E-12  4.65E-12  3.26E-12  2.02E-12  1.37E-12  9.08E-13  4.85E-13  2.77E-13
             1.44E-13  5.29E-14  2.25E-14  8.99E-15  2.49E-15  9.14E-16  3.29E-16  8.44E-17  3.00E-17
    14       1.59E-11  1.12E-11  7.06E-12  4.95E-12  3.44E-12  2.07E-12  1.36E-12  8.46E-13  4.01E-13  2.05E-13
             9.46E-14  3.00E-14  1.17E-14  4.38E-15  1.15E-15  4.12E-16  1.47E-16  3.73E-17  1.32E-17
    15       8.72E-12  6.15E-12  3.85E-12  2.68E-12  1.83E-12  1.06E-12  6.66E-13  3.86E-13  1.62E-13  7.49E-14
             3.17E-14  9.17E-15  3.42E-15  1.24E-15  3.20E-16  1.14E-16  4.04E-17  1.02E-17  3.63E-18
    16       1.77E-12  1.25E-12  7.91E-13  5.59E-13  3.95E-13  2.48E-13  1.74E-13  1.21E-13  7.38E-14  4.96E-14
             3.25E-14  1.75E-14  1.04E-14  5.81E-15  2.44E-15  1.17E-15  5.33E-16  1.74E-16  7.10E-17
    17       5.61E-12  3.96E-12  2.50E-12  1.77E-12  1.25E-12  7.80E-13  5.42E-13  3.71E-13  2.16E-13  1.36E-13
             8.07E-14  3.59E-14  1.77E-14  8.05E-15  2.56E-15  1.01E-15  3.84E-16  1.03E-16  3.72E-17
    18       9.58E-12  6.77E-12  4.27E-12  3.01E-12  2.11E-12  1.30E-12  8.86E-13  5.84E-13  3.11E-13  1.77E-13
             9.18E-14  3.36E-14  1.43E-14  5.68E-15  1.57E-15  5.76E-16  2.08E-16  5.33E-17  1.89E-17
    19       1.19E-11  8.37E-12  5.26E-12  3.69E-12  2.56E-12  1.54E-12  1.01E-12  6.30E-13  2.98E-13  1.52E-13
             7.01E-14  2.22E-14  8.65E-15  3.24E-15  8.51E-16  3.05E-16  1.09E-16  2.76E-17  9.76E-18
    20       9.93E-12  7.00E-12  4.38E-12  3.05E-12  2.09E-12  1.21E-12  7.59E-13  4.40E-13  1.85E-13  8.53E-14
             3.60E-14  1.04E-14  3.89E-15  1.41E-15  3.64E-16  1.30E-16  4.60E-17  1.17E-17  4.12E-18
    21       4.30E-12  3.02E-12  1.88E-12  1.29E-12  8.70E-13  4.82E-13  2.85E-13  1.53E-13  5.78E-14  2.47E-14
             9.84E-15  2.70E-15  9.86E-16  3.54E-16  9.04E-17  3.21E-17  1.14E-17  2.88E-18  1.02E-18
    22       1.19E-12  8.44E-13  5.34E-13  3.77E-13  2.66E-13  1.67E-13  1.17E-13  8.07E-14  4.86E-14  3.24E-14
             2.10E-14  1.13E-14  6.63E-15  3.69E-15  1.54E-15  7.43E-16  3.37E-16  1.10E-16  4.48E-17
    23       3.77E-12  2.66E-12  1.68E-12  1.19E-12  8.36E-13  5.22E-13  3.62E-13  2.47E-13  1.42E-13  8.91E-14
             5.25E-14  2.32E-14  1.14E-14  5.17E-15  1.64E-15  6.48E-16  2.46E-16  6.58E-17  2.38E-17
    24       6.54E-12  4.62E-12  2.92E-12  2.05E-12  1.44E-12  8.87E-13  6.02E-13  3.96E-13  2.09E-13  1.19E-13
             6.14E-14  2.24E-14  9.50E-15  3.78E-15  1.05E-15  3.83E-16  1.38E-16  3.54E-17  1.26E-17
    25       8.68E-12  6.13E-12  3.86E-12  2.70E-12  1.88E-12  1.13E-12  7.41E-13  4.60E-13  2.17E-13  1.10E-13
             5.09E-14  1.61E-14  6.27E-15  2.34E-15  6.15E-16  2.21E-16  7.85E-17  1.99E-17  7.06E-18
    26       8.74E-12  6.16E-12  3.86E-12  2.68E-12  1.84E-12  1.07E-12  6.67E-13  3.86E-13  1.62E-13  7.48E-14
             3.16E-14  9.14E-15  3.41E-15  1.24E-15  3.19E-16  1.14E-16  4.03E-17  1.02E-17  3.61E-18
    27       6.02E-12  4.23E-12  2.63E-12  1.81E-12  1.22E-12  6.76E-13  3.99E-13  2.15E-13  8.10E-14  3.47E-14
             1.38E-14  3.79E-15  1.38E-15  4.96E-16  1.27E-16  4.49E-17  1.59E-17  4.03E-18  1.43E-18
    28       2.15E-12  1.50E-12  9.28E-13  6.30E-13  4.14E-13  2.17E-13  1.21E-13  6.07E-14  2.09E-14  8.46E-15
             3.24E-15  8.64E-16  3.11E-16  1.11E-16  2.83E-17  1.00E-17  3.54E-18  8.97E-19  3.17E-19
    29       8.51E-13  6.02E-13  3.80E-13  2.68E-13  1.89E-13  1.18E-13  8.22E-14  5.66E-14  3.37E-14  2.23E-14
             1.44E-14  7.64E-15  4.49E-15  2.49E-15  1.04E-15  4.99E-16  2.27E-16  7.38E-17  3.01E-17
    30       2.67E-12  1.89E-12  1.19E-12  8.42E-13  5.92E-13  3.69E-13  2.55E-13  1.73E-13  9.88E-14  6.15E-14
             3.60E-14  1.58E-14  7.76E-15  3.52E-15  1.12E-15  4.40E-16  1.67E-16  4.46E-17  1.61E-17
    31       4.68E-12  3.30E-12  2.08E-12  1.47E-12  1.03E-12  6.32E-13  4.28E-13  2.80E-13  1.47E-13  8.32E-14
             4.30E-14  1.56E-14  6.61E-15  2.63E-15  7.27E-16  2.66E-16  9.59E-17  2.46E-17  8.72E-18
    32       6.45E-12  4.55E-12  2.86E-12  2.01E-12  1.39E-12  8.37E-13  5.48E-13  3.40E-13  1.60E-13  8.11E-14
             3.73E-14  1.18E-14  4.59E-15  1.72E-15  4.51E-16  1.61E-16  5.75E-17  1.46E-17  5.17E-18
    33       7.17E-12  5.05E-12  3.16E-12  2.20E-12  1.51E-12  8.74E-13  5.46E-13  3.16E-13  1.32E-13  6.10E-14
             2.57E-14  7.45E-15  2.77E-15  1.01E-15  2.60E-16  9.25E-17  3.28E-17  8.31E-18  2.94E-18
    34       6.11E-12  4.29E-12  2.67E-12  1.84E-12  1.24E-12  6.85E-13  4.05E-13  2.18E-13  8.20E-14  3.51E-14
             1.40E-14  3.83E-15  1.40E-15  5.02E-16  1.28E-16  4.55E-17  1.61E-17  4.08E-18  1.44E-18
    35       3.57E-12  2.51E-12  1.55E-12  1.05E-12  6.90E-13  3.62E-13  2.02E-13  1.01E-13  3.48E-14  1.41E-14
             5.40E-15  1.44E-15  5.18E-16  1.85E-16  4.71E-17  1.67E-17  5.90E-18  1.49E-18  5.28E-19
    36       1.08E-12  7.56E-13  4.61E-13  3.08E-13  1.97E-13  9.73E-14  5.11E-14  2.41E-14  7.72E-15  3.01E-15
             1.12E-15  2.94E-16  1.05E-16  3.75E-17  9.52E-18  3.37E-18  1.19E-18  3.02E-19  1.07E-19
    37       6.33E-13  4.47E-13  2.82E-13  1.99E-13  1.40E-13  8.72E-14  6.04E-14  4.13E-14  2.44E-14  1.60E-14
             1.03E-14  5.42E-15  3.18E-15  1.76E-15  7.33E-16  3.52E-16  1.59E-16  5.19E-17  2.12E-17
    38       1.98E-12  1.40E-12  8.83E-13  6.22E-13  4.37E-13  2.71E-13  1.87E-13  1.26E-13  7.14E-14  4.42E-14
             2.58E-14  1.13E-14  5.52E-15  2.50E-15  7.91E-16  3.12E-16  1.18E-16  3.16E-17  1.14E-17
    39       3.47E-12  2.45E-12  1.54E-12  1.09E-12  7.60E-13  4.66E-13  3.15E-13  2.06E-13  1.08E-13  6.05E-14
             3.11E-14  1.13E-14  4.77E-15  1.90E-15  5.24E-16  1.92E-16  6.91E-17  1.77E-17  6.29E-18
    40       4.90E-12  3.46E-12  2.17E-12  1.52E-12  1.06E-12  6.34E-13  4.14E-13  2.56E-13  1.20E-13  6.08E-14
             2.79E-14  8.81E-15  3.43E-15  1.28E-15  3.36E-16  1.21E-16  4.29E-17  1.09E-17  3.86E-18
    41       5.77E-12  4.07E-12  2.55E-12  1.77E-12  1.21E-12  7.03E-13  4.39E-13  2.53E-13  1.06E-13  4.88E-14
             2.06E-14  5.95E-15  2.22E-15  8.06E-16  2.08E-16  7.38E-17  2.62E-17  6.64E-18  2.35E-18
    42       5.55E-12  3.90E-12  2.43E-12  1.67E-12  1.12E-12  6.22E-13  3.67E-13  1.98E-13  7.43E-14  3.18E-14
             1.26E-14  3.47E-15  1.26E-15  4.54E-16  1.16E-16  4.11E-17  1.46E-17  3.69E-18  1.30E-18
    43       4.11E-12  2.88E-12  1.78E-12  1.21E-12  7.93E-13  4.16E-13  2.32E-13  1.16E-13  4.00E-14  1.62E-14
             6.19E-15  1.65E-15  5.95E-16  2.12E-16  5.40E-17  1.91E-17  6.77E-18  1.71E-18  6.06E-19
    44       2.09E-12  1.46E-12  8.91E-13  5.95E-13  3.80E-13  1.88E-13  9.87E-14  4.65E-14  1.49E-14  5.81E-15
             2.17E-15  5.69E-16  2.03E-16  7.24E-17  1.84E-17  6.51E-18  2.30E-18  5.83E-19  2.06E-19
    45       5.49E-13  3.82E-13  2.30E-13  1.51E-13  9.32E-14  4.34E-14  2.15E-14  9.63E-15  2.92E-15  1.11E-15
             4.08E-16  1.06E-16  3.77E-17  1.34E-17  3.39E-18  1.20E-18  4.24E-19  1.07E-19  3.80E-20
    46       4.85E-13  3.43E-13  2.16E-13  1.52E-13  1.07E-13  6.64E-14  4.58E-14  3.11E-14  1.82E-14  1.19E-14
             7.59E-15  3.99E-15  2.33E-15  1.29E-15  5.36E-16  2.57E-16  1.16E-16  3.79E-17  1.54E-17
    47       1.51E-12  1.07E-12  6.75E-13  4.75E-13  3.33E-13  2.06E-13  1.41E-13  9.47E-14  5.34E-14  3.29E-14
             1.91E-14  8.33E-15  4.06E-15  1.84E-15  5.81E-16  2.29E-16  8.68E-17  2.32E-17  8.38E-18
    48       2.65E-12  1.87E-12  1.18E-12  8.30E-13  5.80E-13  3.55E-13  2.39E-13  1.55E-13  8.08E-14  4.53E-14
             2.33E-14  8.41E-15  3.55E-15  1.41E-15  3.90E-16  1.43E-16  5.14E-17  1.32E-17  4.67E-18
    49       3.80E-12  2.68E-12  1.69E-12  1.18E-12  8.18E-13  4.90E-13  3.19E-13  1.97E-13  9.21E-14  4.65E-14
             2.13E-14  6.72E-15  2.61E-15  9.76E-16  2.56E-16  9.18E-17  3.27E-17  8.30E-18  2.94E-18
    50       4.65E-12  3.28E-12  2.05E-12  1.43E-12  9.76E-13  5.65E-13  3.52E-13  2.03E-13  8.48E-14  3.90E-14
             1.64E-14  4.75E-15  1.77E-15  6.43E-16  1.66E-16  5.89E-17  2.09E-17  5.29E-18  1.87E-18
    51       4.82E-12  3.39E-12  2.11E-12  1.45E-12  9.76E-13  5.40E-13  3.19E-13  1.71E-13  6.43E-14  2.75E-14
             1.09E-14  3.00E-15  1.09E-15  3.93E-16  1.00E-16  3.56E-17  1.26E-17  3.19E-18  1.13E-18
    52       4.10E-12  2.87E-12  1.77E-12  1.20E-12  7.90E-13  4.15E-13  2.31E-13  1.16E-13  3.98E-14  1.61E-14
             6.16E-15  1.64E-15  5.92E-16  2.11E-16  5.38E-17  1.90E-17  6.74E-18  1.71E-18  6.03E-19
    53       2.68E-12  1.87E-12  1.14E-12  7.64E-13  4.88E-13  2.41E-13  1.27E-13  5.97E-14  1.91E-14  7.46E-15
             2.79E-15  7.30E-16  2.61E-16  9.29E-17  2.36E-17  8.35E-18  2.95E-18  7.48E-19  2.64E-19
    54       1.21E-12  8.40E-13  5.05E-13  3.31E-13  2.05E-13  9.54E-14  4.73E-14  2.12E-14  6.42E-15  2.44E-15
             8.96E-16  2.32E-16  8.28E-17  2.94E-17  7.46E-18  2.64E-18  9.33E-19  2.36E-19  8.35E-20
    55       2.80E-13  1.94E-13  1.15E-13  7.36E-14  4.40E-14  1.93E-14  9.09E-15  3.89E-15  1.13E-15  4.22E-16
             1.54E-16  3.95E-17  1.41E-17  4.99E-18  1.26E-18  4.47E-19  1.58E-19  4.00E-20  1.41E-20

   INREP
   -----
     1       2.19E-10  1.55E-10  9.78E-11  6.91E-11  4.89E-11  3.09E-11  2.18E-11  1.53E-11  9.58E-12  6.64E-12
             4.53E-12  2.61E-12  1.63E-12  9.57E-13  4.25E-13  2.12E-13  9.91E-14  3.32E-14  1.37E-14
     2       1.20E-10  8.49E-11  5.37E-11  3.79E-11  2.68E-11  1.68E-11  1.18E-11  8.18E-12  4.91E-12  3.23E-12
             2.03E-12  1.01E-12  5.52E-13  2.83E-13  1.07E-13  4.81E-14  2.07E-14  6.38E-15  2.53E-15
     3       8.29E-11  5.86E-11  3.70E-11  2.61E-11  1.84E-11  1.15E-11  7.93E-12  5.38E-12  3.08E-12  1.91E-12
             1.12E-12  5.02E-13  2.54E-13  1.22E-13  4.27E-14  1.84E-14  7.66E-15  2.29E-15  8.93E-16
     4       6.34E-11  4.48E-11  2.82E-11  1.99E-11  1.39E-11  8.60E-12  5.86E-12  3.88E-12  2.11E-12  1.24E-12
             6.90E-13  2.88E-13  1.39E-13  6.40E-14  2.15E-14  9.06E-15  3.70E-15  1.09E-15  4.19E-16
     5       5.13E-11  3.62E-11  2.28E-11  1.60E-11  1.12E-11  6.80E-12  4.55E-12  2.94E-12  1.52E-12  8.61E-13
             4.58E-13  1.81E-13  8.48E-14  3.80E-14  1.24E-14  5.16E-15  2.08E-15  6.04E-16  2.32E-16
     6       4.30E-11  3.04E-11  1.91E-11  1.34E-11  9.27E-12  5.57E-12  3.66E-12  2.30E-12  1.14E-12  6.24E-13
             3.21E-13  1.22E-13  5.58E-14  2.45E-14  7.88E-15  3.23E-15  1.29E-15  3.72E-16  1.42E-16
     7       3.71E-11  2.62E-11  1.64E-11  1.14E-11  7.89E-12  4.67E-12  3.01E-12  1.84E-12  8.81E-13  4.68E-13
             2.34E-13  8.67E-14  3.89E-14  1.68E-14  5.32E-15  2.16E-15  8.60E-16  2.46E-16  9.36E-17
     8       3.26E-11  2.30E-11  1.44E-11  9.98E-12  6.83E-12  3.97E-12  2.52E-12  1.51E-12  6.97E-13  3.61E-13
             1.77E-13  6.39E-14  2.82E-14  1.21E-14  3.78E-15  1.52E-15  6.03E-16  1.72E-16  6.52E-17
     9       2.90E-11  2.04E-11  1.28E-11  8.82E-12  6.00E-12  3.43E-12  2.13E-12  1.25E-12  5.61E-13  2.85E-13
             1.37E-13  4.85E-14  2.12E-14  8.99E-15  2.78E-15  1.12E-15  4.40E-16  1.25E-16  4.73E-17
    10       2.62E-11  1.84E-11  1.15E-11  7.89E-12  5.32E-12  2.99E-12  1.83E-12  1.05E-12  4.60E-13  2.29E-13
             1.09E-13  3.78E-14  1.64E-14  6.88E-15  2.11E-15  8.45E-16  3.32E-16  9.38E-17  3.54E-17
    11       2.38E-11  1.67E-11  1.04E-11  7.11E-12  4.76E-12  2.63E-12  1.58E-12  8.95E-13  3.82E-13  1.88E-13
             8.76E-14  3.01E-14  1.29E-14  5.40E-15  1.65E-15  6.56E-16  2.57E-16  7.23E-17  2.73E-17
    12       2.19E-11  1.53E-11  9.47E-12  6.46E-12  4.28E-12  2.33E-12  1.38E-12  7.68E-13  3.21E-13  1.56E-13
             7.18E-14  2.44E-14  1.04E-14  4.32E-15  1.31E-15  5.20E-16  2.03E-16  5.70E-17  2.15E-17
    13       2.02E-11  1.41E-11  8.70E-12  5.90E-12  3.88E-12  2.08E-12  1.21E-12  6.65E-13  2.73E-13  1.31E-13
             5.97E-14  2.00E-14  8.49E-15  3.51E-15  1.06E-15  4.19E-16  1.63E-16  4.58E-17  1.72E-17
    14       1.88E-11  1.31E-11  8.04E-12  5.42E-12  3.53E-12  1.87E-12  1.07E-12  5.80E-13  2.34E-13  1.11E-13
             5.02E-14  1.67E-14  7.03E-15  2.89E-15  8.70E-16  3.43E-16  1.33E-16  3.74E-17  1.40E-17
    15       1.75E-11  1.22E-11  7.46E-12  5.00E-12  3.23E-12  1.68E-12  9.55E-13  5.09E-13  2.02E-13  9.49E-14
             4.26E-14  1.41E-14  5.90E-15  2.42E-15  7.24E-16  2.85E-16  1.11E-16  3.09E-17  1.16E-17
    16       1.64E-11  1.14E-11  6.94E-12  4.63E-12  2.97E-12  1.52E-12  8.54E-13  4.50E-13  1.76E-13  8.19E-14
             3.66E-14  1.20E-14  5.00E-15  2.04E-15  6.09E-16  2.39E-16  9.27E-17  2.59E-17  9.70E-18
    17       1.46E-11  1.01E-11  6.08E-12  4.01E-12  2.53E-12  1.26E-12  6.92E-13  3.57E-13  1.37E-13  6.25E-14
             2.75E-14  8.90E-15  3.69E-15  1.50E-15  4.44E-16  1.74E-16  6.71E-17  1.87E-17  7.00E-18
    18       1.31E-11  9.04E-12  5.39E-12  3.51E-12  2.18E-12  1.06E-12  5.70E-13  2.88E-13  1.08E-13  4.88E-14
             2.13E-14  6.81E-15  2.80E-15  1.13E-15  3.34E-16  1.31E-16  5.03E-17  1.40E-17  5.22E-18
    19       1.18E-11  8.16E-12  4.81E-12  3.10E-12  1.89E-12  8.99E-13  4.75E-13  2.37E-13  8.71E-14  3.90E-14
             1.68E-14  5.34E-15  2.19E-15  8.80E-16  2.58E-16  1.01E-16  3.87E-17  1.07E-17  4.00E-18
    20       1.04E-11  7.09E-12  4.12E-12  2.60E-12  1.56E-12  7.16E-13  3.70E-13  1.81E-13  6.50E-14  2.87E-14
             1.23E-14  3.84E-15  1.56E-15  6.25E-16  1.83E-16  7.09E-17  2.72E-17  7.51E-18  2.80E-18
    21       8.84E-12  5.99E-12  3.41E-12  2.11E-12  1.23E-12  5.44E-13  2.74E-13  1.31E-13  4.59E-14  1.99E-14
             8.43E-15  2.61E-15  1.05E-15  4.20E-16  1.22E-16  4.71E-17  1.80E-17  4.97E-18  1.85E-18
    22       7.20E-12  4.80E-12  2.65E-12  1.58E-12  8.91E-13  3.77E-13  1.84E-13  8.57E-14  2.93E-14  1.25E-14
             5.22E-15  1.59E-15  6.39E-16  2.53E-16  7.28E-17  2.81E-17  1.07E-17  2.94E-18  1.09E-18
    23       6.37E-12  4.21E-12  2.27E-12  1.33E-12  7.34E-13  3.03E-13  1.46E-13  6.68E-14  2.25E-14  9.53E-15
             3.95E-15  1.20E-15  4.78E-16  1.88E-16  5.41E-17  2.08E-17  7.91E-18  2.17E-18  8.05E-19
    24       5.40E-12  3.51E-12  1.84E-12  1.05E-12  5.64E-13  2.25E-13  1.06E-13  4.78E-14  1.58E-14  6.63E-15
             2.72E-15  8.19E-16  3.25E-16  1.28E-16  3.65E-17  1.40E-17  5.30E-18  1.45E-18  5.38E-19
    25       4.87E-12  3.13E-12  1.61E-12  9.07E-13  4.79E-13  1.88E-13  8.75E-14  3.90E-14  1.28E-14  5.33E-15
             2.18E-15  6.52E-16  2.58E-16  1.01E-16  2.88E-17  1.10E-17  4.18E-18  1.14E-18  4.23E-19
    26       4.23E-12  2.68E-12  1.34E-12  7.39E-13  3.82E-13  1.46E-13  6.71E-14  2.96E-14  9.56E-15  3.96E-15
             1.61E-15  4.79E-16  1.89E-16  7.36E-17  2.09E-17  7.99E-18  3.03E-18  8.25E-19  3.05E-19
    27       3.71E-12  2.31E-12  1.13E-12  6.11E-13  3.10E-13  1.16E-13  5.27E-14  2.30E-14  7.35E-15  3.03E-15
             1.22E-15  3.62E-16  1.42E-16  5.54E-17  1.57E-17  5.99E-18  2.26E-18  6.16E-19  2.28E-19
    28       3.10E-12  1.89E-12  8.92E-13  4.70E-13  2.33E-13  8.54E-14  3.80E-14  1.64E-14  5.17E-15  2.11E-15
             8.49E-16  2.50E-16  9.77E-17  3.79E-17  1.07E-17  4.07E-18  1.54E-18  4.18E-19  1.54E-19
    29       2.53E-12  1.51E-12  6.86E-13  3.52E-13  1.71E-13  6.09E-14  2.67E-14  1.14E-14  3.55E-15  1.44E-15
             5.75E-16  1.68E-16  6.55E-17  2.53E-17  7.13E-18  2.71E-18  1.02E-18  2.76E-19  1.02E-19
    30       1.86E-12  1.06E-12  4.61E-13  2.28E-13  1.07E-13  3.70E-14  1.59E-14  6.68E-15  2.05E-15  8.23E-16
             3.26E-16  9.45E-17  3.66E-17  1.41E-17  3.95E-18  1.50E-18  5.62E-19  1.52E-19  5.61E-20
    31       1.50E-12  8.34E-13  3.49E-13  1.69E-13  7.81E-14  2.64E-14  1.12E-14  4.67E-15  1.42E-15  5.66E-16
             2.23E-16  6.44E-17  2.49E-17  9.56E-18  2.67E-18  1.01E-18  3.79E-19  1.02E-19  3.77E-20
    32       1.08E-12  5.82E-13  2.33E-13  1.10E-13  4.94E-14  1.63E-14  6.83E-15  2.80E-15  8.42E-16  3.34E-16
             1.31E-16  3.75E-17  1.44E-17  5.52E-18  1.54E-18  5.80E-19  2.17E-19  5.85E-20  2.15E-20
    33       8.40E-13  4.39E-13  1.71E-13  7.87E-14  3.49E-14  1.13E-14  4.70E-15  1.91E-15  5.70E-16  2.25E-16
             8.78E-17  2.50E-17  9.61E-18  3.67E-18  1.02E-18  3.84E-19  1.43E-19  3.86E-20  1.42E-20
    34       5.71E-13  2.88E-13  1.07E-13  4.81E-14  2.09E-14  6.64E-15  2.72E-15  1.10E-15  3.23E-16  1.27E-16
             4.92E-17  1.40E-17  5.34E-18  2.03E-18  5.62E-19  2.11E-19  7.88E-20  2.12E-20  7.77E-21
    35       4.18E-13  2.05E-13  7.41E-14  3.28E-14  1.40E-14  4.39E-15  1.79E-15  7.14E-16  2.09E-16  8.15E-17
             3.16E-17  8.91E-18  3.40E-18  1.29E-18  3.56E-19  1.34E-19  4.98E-20  1.34E-20  4.90E-21
    36       2.54E-13  1.20E-13  4.18E-14  1.81E-14  7.58E-15  2.33E-15  9.36E-16  3.71E-16  1.07E-16  4.17E-17
             1.61E-17  4.51E-18  1.71E-18  6.49E-19  1.78E-19  6.67E-20  2.48E-20  6.64E-21  2.43E-21
    37       1.80E-13  8.33E-14  2.83E-14  1.20E-14  5.00E-15  1.52E-15  6.07E-16  2.39E-16  6.89E-17  2.66E-17
             1.02E-17  2.86E-18  1.08E-18  4.10E-19  1.12E-19  4.20E-20  1.56E-20  4.17E-21  1.53E-21
    38       1.05E-13  4.74E-14  1.56E-14  6.52E-15  2.67E-15  7.99E-16  3.16E-16  1.24E-16  3.53E-17  1.36E-17
             5.19E-18  1.44E-18  5.46E-19  2.06E-19  5.63E-20  2.10E-20  7.79E-21  2.08E-21  7.60E-22
    39       7.10E-14  3.13E-14  1.01E-14  4.18E-15  1.70E-15  5.03E-16  1.98E-16  7.70E-17  2.19E-17  8.39E-18
             3.20E-18  8.87E-19  3.35E-19  1.26E-19  3.44E-20  1.28E-20  4.74E-21  1.26E-21  4.62E-22
    40       3.74E-14  1.61E-14  5.08E-15  2.07E-15  8.29E-16  2.43E-16  9.48E-17  3.67E-17  1.04E-17  3.95E-18
             1.50E-18  4.15E-19  1.56E-19  5.86E-20  1.59E-20  5.92E-21  2.19E-21  5.83E-22  2.13E-22
    41       2.60E-14  1.11E-14  3.45E-15  1.40E-15  5.57E-16  1.62E-16  6.31E-17  2.44E-17  6.85E-18  2.61E-18
             9.89E-19  2.73E-19  1.03E-19  3.84E-20  1.04E-20  3.88E-21  1.43E-21  3.81E-22  1.39E-22
    42       1.52E-14  6.41E-15  1.97E-15  7.92E-16  3.14E-16  9.08E-17  3.52E-17  1.35E-17  3.79E-18  1.44E-18
             5.45E-19  1.50E-19  5.63E-20  2.11E-20  5.71E-21  2.12E-21  7.82E-22  2.08E-22  7.58E-23



    T(K)     ALFT( 1)  ALFT( 2)  ALFT( 3)  ALFT( 4)  ALFT( 5)  ALFT( 6)  ALFT( 7)  ALFT( 8)  ALFT( 9)  ALFT(10)
    ----     --------  --------  --------  --------  --------  --------  --------  --------  --------  --------
  1.76E+04   1.45E-09
  3.53E+04   9.66E-10
  8.82E+04   5.54E-10
  1.76E+05   3.64E-10
  3.53E+05   2.36E-10
  8.82E+05   1.32E-10
  1.76E+06   8.43E-11
  3.53E+06   5.33E-11
  8.82E+06   2.85E-11
  1.76E+07   1.75E-11
  3.53E+07   1.05E-11
  8.82E+07   5.18E-12
  1.76E+08   2.92E-12
  3.53E+08   1.57E-12
  8.82E+08   6.43E-13
  1.76E+09   3.06E-13
  3.53E+09   1.38E-13
  8.82E+09   4.50E-14
  1.76E+10   1.84E-14
C--------------------------------------------------------------------------------------------------------------
C
C                                                                            
C
C NAME:
C DATE:   /  /  
C
C--------------------------------------------------------------------------------------------------------------
