SEQ='LI'     NUCCHG=42                                                  /IC/

   PARENT LEVEL INDEXING                BWNP= 390207215.6   NPRNTI= 1   NPRNTF= 1
   ---------------------
   INDP         CODE                 S L   WI        WNP
   ----         ----                 - -   --  ----------
     1                              (1)0( 0.0)        0.0 

   IC RESOLVED LEVEL INDEXING           BWNR= 436266841.2   NLVL=  63
   --------------------------
   INDX  INDP   CODE                 S L   WJ        WNR
   ----  ----   ----                 - -   --  ----------
     1     1    2S1                 (2)0( 0.5)        0.0 
     2     1    2P1                 (2)1( 0.5)   703059.0 
     3     1    2P1                 (2)1( 1.5)  1654203.6 
     4     1    3S1                 (2)0( 0.5) 25852864.8 
     5     1    3P1                 (2)1( 0.5) 26048365.0 
     6     1    3P1                 (2)1( 1.5) 26330585.6 
     7     1    3D1                 (2)2( 1.5) 26408861.6 
     8     1    3D1                 (2)2( 2.5) 26501115.1 
     9     1    4S1                 (2)0( 0.5) 34778934.3 
    10     1    4P1                 (2)1( 0.5) 34859410.9 
    11     1    4P1                 (2)1( 1.5) 34978482.0 
    12     1    4D1                 (2)2( 1.5) 35010969.0 
    13     1    4D1                 (2)2( 2.5) 35049876.5 
    14     1    4F1                 (2)3( 2.5) 35051772.6 
    15     1    4F1                 (2)3( 3.5) 35071250.2 
    16     1    5S1                 (2)0( 0.5) 38875351.8 
    17     1    5P1                 (2)1( 0.5) 38916029.2 
    18     1    5P1                 (2)1( 1.5) 38976985.3 
    19     1    5D1                 (2)2( 1.5) 38993485.9 
    20     1    5D1                 (2)2( 2.5) 39013403.6 
    21     1    5F1                 (2)3( 2.5) 39014470.6 
    22     1    5F1                 (2)3( 3.5) 39024442.7 
    23     1    5G1                 (1)*( 3.5) 39035434.0 
    24     1    5G1                 (1)*( 4.5) 39035434.0 
    25     1    6S1                 (2)0( 0.5) 41087662.4 
    26     1    6P1                 (2)1( 0.5) 41111018.1 
    27     1    6P1                 (2)1( 1.5) 41146287.8 
    28     1    6D1                 (2)2( 1.5) 41155792.5 
    29     1    6D1                 (2)2( 2.5) 41167317.9 
    30     1    6F1                 (2)3( 2.5) 41167964.5 
    31     1    6F1                 (2)3( 3.5) 41173735.3 
    32     1    6G1                 (1)*( 3.5) 41181830.3 
    33     1    6G1                 (1)*( 4.5) 41181830.3 
    34     1    6H1                 (1)*( 4.5) 41182109.9 
    35     1    6H1                 (1)*( 5.5) 41182109.9 
    36     1    7S1                 (2)0( 0.5) 42416007.4 
    37     1    7P1                 (2)1( 0.5) 42430637.7 
    38     1    7P1                 (2)1( 1.5) 42452845.0 
    39     1    7D1                 (2)2( 1.5) 42458812.6 
    40     1    7D1                 (2)2( 2.5) 42466070.2 
    41     1    7F1                 (2)3( 2.5) 42466488.2 
    42     1    7F1                 (2)3( 3.5) 42470122.2 
    43     1    7G1                 (1)*( 3.5) 42475999.9 
    44     1    7G1                 (1)*( 4.5) 42475999.9 
    45     1    7H1                 (1)*( 4.5) 42476176.0 
    46     1    7H1                 (1)*( 5.5) 42476176.0 
    47     1    7I1                 (1)*( 5.5) 42476254.7 
    48     1    7I1                 (1)*( 6.5) 42476254.7 
    49     1    8S1                 (2)0( 0.5) 43275407.8 
    50     1    8P1                 (2)1( 0.5) 43285171.9 
    51     1    8P1                 (2)1( 1.5) 43300047.1 
    52     1    8D1                 (2)2( 1.5) 43304036.6 
    53     1    8D1                 (2)2( 2.5) 43308898.4 
    54     1    8F1                 (2)3( 2.5) 43309183.1 
    55     1    8F1                 (2)3( 3.5) 43311617.6 
    56     1    8G1                 (1)*( 3.5) 43315947.0 
    57     1    8G1                 (1)*( 4.5) 43315947.0 
    58     1    8H1                 (1)*( 4.5) 43316064.9 
    59     1    8H1                 (1)*( 5.5) 43316064.9 
    60     1    8I1                 (1)*( 5.5) 43316117.7 
    61     1    8I1                 (1)*( 6.5) 43316117.7 
    62     1    8J1                 (1)*( 6.5) 43316144.6 
    63     1    8J1                 (1)*( 7.5) 43316144.6 

   NL-SHELL INDEXING                     NLREP= 55
   -----------------
   ILREP   N   L
   -----   -   -
     1     1   0
     2     2   0
     3     2   1
     4     3   0
     5     3   1
     6     3   2
     7     4   0
     8     4   1
     9     4   2
    10     4   3
    11     5   0
    12     5   1
    13     5   2
    14     5   3
    15     5   4
    16     6   0
    17     6   1
    18     6   2
    19     6   3
    20     6   4
    21     6   5
    22     7   0
    23     7   1
    24     7   2
    25     7   3
    26     7   4
    27     7   5
    28     7   6
    29     8   0
    30     8   1
    31     8   2
    32     8   3
    33     8   4
    34     8   5
    35     8   6
    36     8   7
    37     9   0
    38     9   1
    39     9   2
    40     9   3
    41     9   4
    42     9   5
    43     9   6
    44     9   7
    45     9   8
    46    10   0
    47    10   1
    48    10   2
    49    10   3
    50    10   4
    51    10   5
    52    10   6
    53    10   7
    54    10   8
    55    10   9

   N-SHELL INDEXING                                     NREP= 42
   ----------------
   INREP   N
   -----   -
     1     1
     2     2
     3     3
     4     4
     5     5
     6     6
     7     7
     8     8
     9     9
    10    10
    11    11
    12    12
    13    13
    14    14
    15    15
    16    16
    17    18
    18    20
    19    22
    20    25
    21    29
    22    35
    23    39
    24    45
    25    49
    26    55
    27    61
    28    70
    29    81
    30   100
    31   115
    32   140
    33   162
    34   200
    35   235
    36   300
    37   353
    38   450
    39   535
    40   700
    41   811
    42   999



 --------------------------
 PRTI= 1  LVLPRT= (1S  0.0)

   INDX TE=  1.60E+04  3.20E+04  8.00E+04  1.60E+05  3.20E+05  8.00E+05  1.60E+06  3.20E+06  8.00E+06  1.60E+07
   ---- ---  3.20E+07  8.00E+07  1.60E+08  3.20E+08  8.00E+08  1.60E+09  3.20E+09  8.00E+09  1.60E+10
     1       3.38E-11  2.39E-11  1.51E-11  1.07E-11  7.55E-12  4.77E-12  3.37E-12  2.37E-12  1.49E-12  1.03E-12
             7.04E-13  4.04E-13  2.50E-13  1.46E-13  6.39E-14  3.16E-14  1.46E-14  4.86E-15  2.00E-15
     2       3.12E-11  2.20E-11  1.39E-11  9.83E-12  6.93E-12  4.35E-12  3.03E-12  2.09E-12  1.24E-12  7.93E-13
             4.80E-13  2.20E-13  1.11E-13  5.13E-14  1.67E-14  6.66E-15  2.55E-15  6.86E-16  2.49E-16
     3       5.85E-11  4.13E-11  2.61E-11  1.84E-11  1.30E-11  8.17E-12  5.70E-12  3.94E-12  2.33E-12  1.50E-12
             9.13E-13  4.21E-13  2.13E-13  9.93E-14  3.24E-14  1.30E-14  4.97E-15  1.34E-15  4.85E-16
     4       1.09E-11  7.74E-12  4.89E-12  3.46E-12  2.44E-12  1.54E-12  1.09E-12  7.67E-13  4.79E-13  3.31E-13
             2.24E-13  1.27E-13  7.76E-14  4.46E-14  1.94E-14  9.51E-15  4.39E-15  1.45E-15  5.96E-16
     5       1.15E-11  8.15E-12  5.15E-12  3.63E-12  2.56E-12  1.61E-12  1.12E-12  7.74E-13  4.57E-13  2.93E-13
             1.77E-13  8.06E-14  4.04E-14  1.87E-14  6.04E-15  2.41E-15  9.20E-16  2.47E-16  8.96E-17
     6       2.21E-11  1.56E-11  9.86E-12  6.97E-12  4.91E-12  3.08E-12  2.16E-12  1.49E-12  8.82E-13  5.67E-13
             3.44E-13  1.58E-13  7.93E-14  3.67E-14  1.19E-14  4.75E-15  1.82E-15  4.89E-16  1.77E-16
     7       1.51E-11  1.07E-11  6.73E-12  4.74E-12  3.33E-12  2.06E-12  1.40E-12  9.28E-13  4.98E-13  2.85E-13
             1.50E-13  5.53E-14  2.37E-14  9.49E-15  2.64E-15  9.69E-16  3.50E-16  8.97E-17  3.19E-17
     8       2.23E-11  1.58E-11  9.95E-12  7.01E-12  4.92E-12  3.04E-12  2.07E-12  1.37E-12  7.38E-13  4.23E-13
             2.22E-13  8.23E-14  3.52E-14  1.41E-14  3.93E-15  1.44E-15  5.21E-16  1.34E-16  4.75E-17
     9       5.01E-12  3.54E-12  2.24E-12  1.58E-12  1.12E-12  7.06E-13  4.98E-13  3.50E-13  2.17E-13  1.49E-13
             9.96E-14  5.55E-14  3.37E-14  1.92E-14  8.28E-15  4.05E-15  1.86E-15  6.15E-16  2.52E-16
    10       5.43E-12  3.84E-12  2.42E-12  1.71E-12  1.21E-12  7.57E-13  5.28E-13  3.63E-13  2.14E-13  1.36E-13
             8.19E-14  3.71E-14  1.85E-14  8.52E-15  2.75E-15  1.09E-15  4.17E-16  1.12E-16  4.06E-17
    11       1.05E-11  7.43E-12  4.70E-12  3.32E-12  2.34E-12  1.47E-12  1.02E-12  7.07E-13  4.17E-13  2.67E-13
             1.61E-13  7.32E-14  3.66E-14  1.69E-14  5.45E-15  2.17E-15  8.29E-16  2.23E-16  8.06E-17
    12       9.43E-12  6.66E-12  4.20E-12  2.96E-12  2.08E-12  1.28E-12  8.76E-13  5.80E-13  3.11E-13  1.78E-13
             9.32E-14  3.44E-14  1.47E-14  5.87E-15  1.63E-15  5.99E-16  2.16E-16  5.54E-17  1.97E-17
    13       1.40E-11  9.89E-12  6.24E-12  4.39E-12  3.08E-12  1.91E-12  1.30E-12  8.62E-13  4.62E-13  2.65E-13
             1.39E-13  5.13E-14  2.19E-14  8.77E-15  2.44E-15  8.95E-16  3.23E-16  8.28E-17  2.94E-17
    14       7.45E-12  5.26E-12  3.31E-12  2.32E-12  1.61E-12  9.71E-13  6.38E-13  3.98E-13  1.89E-13  9.67E-14
             4.48E-14  1.43E-14  5.57E-15  2.08E-15  5.48E-16  1.97E-16  7.00E-17  1.78E-17  6.30E-18
    15       9.88E-12  6.97E-12  4.39E-12  3.07E-12  2.14E-12  1.29E-12  8.47E-13  5.28E-13  2.51E-13  1.28E-13
             5.96E-14  1.89E-14  7.40E-15  2.77E-15  7.29E-16  2.61E-16  9.30E-17  2.36E-17  8.37E-18
    16       2.77E-12  1.95E-12  1.24E-12  8.73E-13  6.17E-13  3.89E-13  2.73E-13  1.91E-13  1.17E-13  7.98E-14
             5.30E-14  2.92E-14  1.76E-14  9.97E-15  4.27E-15  2.09E-15  9.58E-16  3.16E-16  1.30E-16
    17       3.01E-12  2.13E-12  1.34E-12  9.49E-13  6.69E-13  4.19E-13  2.92E-13  2.00E-13  1.17E-13  7.43E-14
             4.43E-14  2.00E-14  9.91E-15  4.55E-15  1.46E-15  5.80E-16  2.22E-16  5.94E-17  2.15E-17
    18       5.87E-12  4.15E-12  2.62E-12  1.85E-12  1.31E-12  8.18E-13  5.70E-13  3.92E-13  2.30E-13  1.46E-13
             8.77E-14  3.96E-14  1.97E-14  9.04E-15  2.91E-15  1.16E-15  4.41E-16  1.18E-16  4.29E-17
    19       5.77E-12  4.07E-12  2.57E-12  1.81E-12  1.27E-12  7.84E-13  5.35E-13  3.53E-13  1.89E-13  1.08E-13
             5.63E-14  2.07E-14  8.82E-15  3.53E-15  9.79E-16  3.59E-16  1.30E-16  3.32E-17  1.18E-17
    20       8.58E-12  6.05E-12  3.82E-12  2.69E-12  1.89E-12  1.17E-12  7.96E-13  5.26E-13  2.82E-13  1.61E-13
             8.41E-14  3.09E-14  1.32E-14  5.27E-15  1.46E-15  5.37E-16  1.94E-16  4.97E-17  1.76E-17
    21       6.56E-12  4.62E-12  2.91E-12  2.04E-12  1.42E-12  8.55E-13  5.62E-13  3.50E-13  1.66E-13  8.50E-14
             3.93E-14  1.25E-14  4.88E-15  1.83E-15  4.80E-16  1.72E-16  6.13E-17  1.56E-17  5.51E-18
    22       8.70E-12  6.14E-12  3.86E-12  2.71E-12  1.88E-12  1.14E-12  7.47E-13  4.65E-13  2.21E-13  1.13E-13
             5.23E-14  1.66E-14  6.49E-15  2.43E-15  6.39E-16  2.29E-16  8.15E-17  2.07E-17  7.33E-18
    23       3.69E-12  2.60E-12  1.63E-12  1.13E-12  7.78E-13  4.53E-13  2.84E-13  1.65E-13  6.94E-14  3.21E-14
             1.36E-14  3.94E-15  1.47E-15  5.35E-16  1.38E-16  4.90E-17  1.74E-17  4.41E-18  1.56E-18
    24       4.62E-12  3.25E-12  2.04E-12  1.42E-12  9.73E-13  5.66E-13  3.54E-13  2.06E-13  8.67E-14  4.01E-14
             1.70E-14  4.92E-15  1.84E-15  6.68E-16  1.72E-16  6.13E-17  2.17E-17  5.51E-18  1.95E-18
    25       1.71E-12  1.21E-12  7.64E-13  5.40E-13  3.81E-13  2.40E-13  1.68E-13  1.17E-13  7.12E-14  4.79E-14
             3.15E-14  1.72E-14  1.03E-14  5.82E-15  2.49E-15  1.21E-15  5.56E-16  1.83E-16  7.51E-17
    26       1.86E-12  1.32E-12  8.32E-13  5.87E-13  4.14E-13  2.59E-13  1.80E-13  1.23E-13  7.13E-14  4.49E-14
             2.67E-14  1.19E-14  5.90E-15  2.70E-15  8.66E-16  3.44E-16  1.31E-16  3.52E-17  1.27E-17
    27       3.65E-12  2.58E-12  1.63E-12  1.15E-12  8.10E-13  5.07E-13  3.53E-13  2.42E-13  1.41E-13  8.89E-14
             5.29E-14  2.37E-14  1.17E-14  5.38E-15  1.73E-15  6.85E-16  2.61E-16  7.01E-17  2.54E-17
    28       3.72E-12  2.63E-12  1.66E-12  1.17E-12  8.18E-13  5.05E-13  3.44E-13  2.27E-13  1.21E-13  6.87E-14
             3.57E-14  1.31E-14  5.57E-15  2.22E-15  6.16E-16  2.26E-16  8.15E-17  2.09E-17  7.42E-18
    29       5.54E-12  3.91E-12  2.47E-12  1.74E-12  1.22E-12  7.53E-13  5.13E-13  3.38E-13  1.80E-13  1.03E-13
             5.34E-14  1.96E-14  8.33E-15  3.33E-15  9.23E-16  3.38E-16  1.22E-16  3.13E-17  1.11E-17
    30       4.88E-12  3.45E-12  2.17E-12  1.52E-12  1.06E-12  6.37E-13  4.18E-13  2.61E-13  1.24E-13  6.30E-14
             2.91E-14  9.23E-15  3.60E-15  1.35E-15  3.54E-16  1.27E-16  4.52E-17  1.15E-17  4.07E-18
    31       6.49E-12  4.58E-12  2.88E-12  2.02E-12  1.40E-12  8.46E-13  5.56E-13  3.46E-13  1.64E-13  8.38E-14
             3.88E-14  1.23E-14  4.79E-15  1.79E-15  4.72E-16  1.69E-16  6.02E-17  1.53E-17  5.41E-18
    32       4.21E-12  2.96E-12  1.86E-12  1.29E-12  8.87E-13  5.16E-13  3.23E-13  1.88E-13  7.90E-14  3.65E-14
             1.55E-14  4.48E-15  1.67E-15  6.08E-16  1.57E-16  5.57E-17  1.98E-17  5.01E-18  1.77E-18
    33       5.26E-12  3.71E-12  2.32E-12  1.62E-12  1.11E-12  6.45E-13  4.04E-13  2.35E-13  9.88E-14  4.57E-14
             1.93E-14  5.60E-15  2.09E-15  7.60E-16  1.96E-16  6.96E-17  2.47E-17  6.26E-18  2.21E-18
    34       1.86E-12  1.31E-12  8.14E-13  5.61E-13  3.78E-13  2.10E-13  1.24E-13  6.70E-14  2.53E-14  1.08E-14
             4.32E-15  1.19E-15  4.33E-16  1.55E-16  3.97E-17  1.41E-17  4.99E-18  1.26E-18  4.47E-19
    35       2.23E-12  1.57E-12  9.77E-13  6.74E-13  4.53E-13  2.52E-13  1.49E-13  8.04E-14  3.04E-14  1.30E-14
             5.18E-15  1.42E-15  5.19E-16  1.87E-16  4.76E-17  1.69E-17  5.99E-18  1.52E-18  5.36E-19
    36       1.14E-12  8.09E-13  5.11E-13  3.61E-13  2.54E-13  1.60E-13  1.11E-13  7.71E-14  4.65E-14  3.11E-14
             2.03E-14  1.10E-14  6.55E-15  3.69E-15  1.57E-15  7.65E-16  3.51E-16  1.15E-16  4.73E-17
    37       1.25E-12  8.80E-13  5.56E-13  3.92E-13  2.76E-13  1.72E-13  1.19E-13  8.11E-14  4.67E-14  2.93E-14
             1.73E-14  7.68E-15  3.79E-15  1.73E-15  5.54E-16  2.20E-16  8.38E-17  2.25E-17  8.13E-18
    38       2.45E-12  1.73E-12  1.09E-12  7.70E-13  5.42E-13  3.39E-13  2.35E-13  1.60E-13  9.24E-14  5.81E-14
             3.43E-14  1.53E-14  7.56E-15  3.45E-15  1.11E-15  4.39E-16  1.67E-16  4.48E-17  1.62E-17
    39       2.53E-12  1.79E-12  1.13E-12  7.95E-13  5.57E-13  3.43E-13  2.33E-13  1.53E-13  8.12E-14  4.61E-14
             2.39E-14  8.73E-15  3.71E-15  1.48E-15  4.10E-16  1.50E-16  5.41E-17  1.39E-17  4.93E-18
    40       3.78E-12  2.67E-12  1.68E-12  1.19E-12  8.31E-13  5.12E-13  3.48E-13  2.29E-13  1.21E-13  6.89E-14
             3.58E-14  1.31E-14  5.55E-15  2.21E-15  6.13E-16  2.25E-16  8.11E-17  2.08E-17  7.38E-18
    41       3.58E-12  2.52E-12  1.59E-12  1.11E-12  7.73E-13  4.66E-13  3.06E-13  1.90E-13  8.99E-14  4.57E-14
             2.11E-14  6.69E-15  2.61E-15  9.75E-16  2.56E-16  9.18E-17  3.27E-17  8.31E-18  2.94E-18
    42       4.75E-12  3.35E-12  2.11E-12  1.48E-12  1.03E-12  6.19E-13  4.07E-13  2.53E-13  1.20E-13  6.09E-14
             2.81E-14  8.91E-15  3.47E-15  1.30E-15  3.41E-16  1.22E-16  4.35E-17  1.11E-17  3.92E-18
    43       3.70E-12  2.61E-12  1.63E-12  1.14E-12  7.80E-13  4.54E-13  2.84E-13  1.65E-13  6.93E-14  3.20E-14
             1.35E-14  3.92E-15  1.46E-15  5.32E-16  1.37E-16  4.88E-17  1.73E-17  4.39E-18  1.55E-18
    44       4.63E-12  3.26E-12  2.04E-12  1.42E-12  9.75E-13  5.67E-13  3.55E-13  2.06E-13  8.67E-14  4.00E-14
             1.69E-14  4.90E-15  1.83E-15  6.65E-16  1.71E-16  6.10E-17  2.16E-17  5.48E-18  1.94E-18
    45       2.61E-12  1.83E-12  1.14E-12  7.87E-13  5.30E-13  2.94E-13  1.74E-13  9.40E-14  3.54E-14  1.52E-14
             6.04E-15  1.66E-15  6.06E-16  2.18E-16  5.56E-17  1.97E-17  6.98E-18  1.77E-18  6.25E-19
    46       3.13E-12  2.20E-12  1.37E-12  9.44E-13  6.36E-13  3.53E-13  2.09E-13  1.13E-13  4.25E-14  1.82E-14
             7.25E-15  1.99E-15  7.27E-16  2.61E-16  6.67E-17  2.37E-17  8.38E-18  2.12E-18  7.51E-19
    47       9.44E-13  6.62E-13  4.08E-13  2.78E-13  1.83E-13  9.62E-14  5.36E-14  2.70E-14  9.29E-15  3.76E-15
             1.44E-15  3.84E-16  1.39E-16  4.94E-17  1.26E-17  4.46E-18  1.58E-18  3.99E-19  1.41E-19
    48       1.10E-12  7.72E-13  4.77E-13  3.24E-13  2.13E-13  1.12E-13  6.26E-14  3.15E-14  1.08E-14  4.39E-15
             1.68E-15  4.49E-16  1.62E-16  5.77E-17  1.47E-17  5.20E-18  1.84E-18  4.66E-19  1.65E-19
    49       8.11E-13  5.73E-13  3.62E-13  2.55E-13  1.80E-13  1.12E-13  7.82E-14  5.38E-14  3.21E-14  2.13E-14
             1.38E-14  7.43E-15  4.42E-15  2.49E-15  1.06E-15  5.14E-16  2.35E-16  7.74E-17  3.17E-17
    50       8.80E-13  6.22E-13  3.92E-13  2.77E-13  1.94E-13  1.21E-13  8.34E-14  5.65E-14  3.23E-14  2.01E-14
             1.18E-14  5.23E-15  2.58E-15  1.18E-15  3.76E-16  1.49E-16  5.67E-17  1.52E-17  5.50E-18
    51       1.73E-12  1.22E-12  7.72E-13  5.45E-13  3.83E-13  2.39E-13  1.65E-13  1.12E-13  6.41E-14  4.00E-14
             2.35E-14  1.04E-14  5.14E-15  2.35E-15  7.50E-16  2.97E-16  1.13E-16  3.04E-17  1.10E-17
    52       1.81E-12  1.28E-12  8.05E-13  5.67E-13  3.97E-13  2.44E-13  1.65E-13  1.08E-13  5.71E-14  3.23E-14
             1.67E-14  6.08E-15  2.58E-15  1.03E-15  2.84E-16  1.04E-16  3.76E-17  9.63E-18  3.42E-18
    53       2.70E-12  1.91E-12  1.20E-12  8.46E-13  5.92E-13  3.65E-13  2.47E-13  1.62E-13  8.54E-14  4.83E-14
             2.50E-14  9.10E-15  3.86E-15  1.54E-15  4.26E-16  1.56E-16  5.63E-17  1.44E-17  5.12E-18
    54       2.65E-12  1.87E-12  1.18E-12  8.26E-13  5.74E-13  3.45E-13  2.26E-13  1.40E-13  6.62E-14  3.36E-14
             1.55E-14  4.90E-15  1.91E-15  7.14E-16  1.88E-16  6.72E-17  2.39E-17  6.08E-18  2.15E-18
    55       3.53E-12  2.49E-12  1.57E-12  1.10E-12  7.63E-13  4.59E-13  3.01E-13  1.87E-13  8.82E-14  4.48E-14
             2.06E-14  6.53E-15  2.54E-15  9.51E-16  2.50E-16  8.95E-17  3.19E-17  8.10E-18  2.87E-18
    56       3.03E-12  2.14E-12  1.34E-12  9.32E-13  6.39E-13  3.72E-13  2.32E-13  1.35E-13  5.66E-14  2.61E-14
             1.10E-14  3.20E-15  1.19E-15  4.34E-16  1.12E-16  3.97E-17  1.41E-17  3.57E-18  1.26E-18
    57       3.79E-12  2.67E-12  1.67E-12  1.17E-12  7.99E-13  4.64E-13  2.91E-13  1.69E-13  7.08E-14  3.27E-14
             1.38E-14  4.00E-15  1.49E-15  5.42E-16  1.40E-16  4.97E-17  1.76E-17  4.47E-18  1.58E-18
    58       2.65E-12  1.86E-12  1.16E-12  7.98E-13  5.37E-13  2.98E-13  1.77E-13  9.52E-14  3.59E-14  1.54E-14
             6.12E-15  1.68E-15  6.13E-16  2.20E-16  5.63E-17  2.00E-17  7.07E-18  1.79E-18  6.33E-19
    59       3.17E-12  2.23E-12  1.39E-12  9.58E-13  6.45E-13  3.58E-13  2.12E-13  1.14E-13  4.31E-14  1.84E-14
             7.34E-15  2.02E-15  7.36E-16  2.64E-16  6.75E-17  2.39E-17  8.48E-18  2.15E-18  7.60E-19
    60       1.57E-12  1.10E-12  6.81E-13  4.63E-13  3.05E-13  1.60E-13  8.93E-14  4.49E-14  1.55E-14  6.27E-15
             2.40E-15  6.40E-16  2.31E-16  8.23E-17  2.09E-17  7.42E-18  2.63E-18  6.65E-19  2.35E-19
    61       1.83E-12  1.29E-12  7.94E-13  5.40E-13  3.55E-13  1.87E-13  1.04E-13  5.24E-14  1.80E-14  7.31E-15
             2.80E-15  7.47E-16  2.69E-16  9.60E-17  2.44E-17  8.66E-18  3.06E-18  7.76E-19  2.74E-19
    62       4.81E-13  3.36E-13  2.05E-13  1.37E-13  8.79E-14  4.36E-14  2.29E-14  1.08E-14  3.47E-15  1.35E-15
             5.05E-16  1.32E-16  4.73E-17  1.68E-17  4.28E-18  1.51E-18  5.36E-19  1.36E-19  4.79E-20
    63       5.50E-13  3.84E-13  2.35E-13  1.57E-13  1.00E-13  4.98E-14  2.62E-14  1.24E-14  3.96E-15  1.54E-15
             5.77E-16  1.51E-16  5.41E-17  1.92E-17  4.89E-18  1.73E-18  6.12E-19  1.55E-19  5.48E-20

                                                                                     --------------------------
                                                                                     PRTF= 1  LVLPRT= (1S  0.0)
   ILREP
   -----
     2       3.38E-11  2.39E-11  1.51E-11  1.07E-11  7.55E-12  4.77E-12  3.37E-12  2.37E-12  1.49E-12  1.03E-12
             7.04E-13  4.04E-13  2.50E-13  1.46E-13  6.39E-14  3.16E-14  1.46E-14  4.86E-15  2.00E-15
     3       8.96E-11  6.34E-11  4.00E-11  2.83E-11  1.99E-11  1.25E-11  8.74E-12  6.03E-12  3.57E-12  2.29E-12
             1.39E-12  6.41E-13  3.24E-13  1.51E-13  4.90E-14  1.96E-14  7.52E-15  2.02E-15  7.34E-16
     4       1.09E-11  7.74E-12  4.89E-12  3.46E-12  2.44E-12  1.54E-12  1.09E-12  7.67E-13  4.79E-13  3.31E-13
             2.24E-13  1.27E-13  7.76E-14  4.46E-14  1.94E-14  9.51E-15  4.39E-15  1.45E-15  5.96E-16
     5       3.36E-11  2.38E-11  1.50E-11  1.06E-11  7.48E-12  4.69E-12  3.28E-12  2.26E-12  1.34E-12  8.60E-13
             5.20E-13  2.38E-13  1.20E-13  5.54E-14  1.79E-14  7.16E-15  2.74E-15  7.36E-16  2.67E-16
     6       3.74E-11  2.65E-11  1.67E-11  1.17E-11  8.24E-12  5.10E-12  3.48E-12  2.30E-12  1.24E-12  7.09E-13
             3.72E-13  1.38E-13  5.89E-14  2.36E-14  6.57E-15  2.41E-15  8.71E-16  2.23E-16  7.93E-17
     7       5.01E-12  3.54E-12  2.24E-12  1.58E-12  1.12E-12  7.06E-13  4.98E-13  3.50E-13  2.17E-13  1.49E-13
             9.96E-14  5.55E-14  3.37E-14  1.92E-14  8.28E-15  4.05E-15  1.86E-15  6.15E-16  2.52E-16
     8       1.59E-11  1.13E-11  7.12E-12  5.03E-12  3.55E-12  2.22E-12  1.55E-12  1.07E-12  6.31E-13  4.04E-13
             2.43E-13  1.10E-13  5.51E-14  2.54E-14  8.19E-15  3.26E-15  1.25E-15  3.35E-16  1.21E-16
     9       2.34E-11  1.66E-11  1.04E-11  7.36E-12  5.16E-12  3.19E-12  2.18E-12  1.44E-12  7.73E-13  4.43E-13
             2.32E-13  8.56E-14  3.66E-14  1.46E-14  4.07E-15  1.49E-15  5.39E-16  1.38E-16  4.91E-17
    10       1.73E-11  1.22E-11  7.69E-12  5.39E-12  3.75E-12  2.26E-12  1.49E-12  9.26E-13  4.41E-13  2.25E-13
             1.04E-13  3.32E-14  1.30E-14  4.86E-15  1.28E-15  4.58E-16  1.63E-16  4.14E-17  1.47E-17
    11       2.77E-12  1.95E-12  1.24E-12  8.73E-13  6.17E-13  3.89E-13  2.73E-13  1.91E-13  1.17E-13  7.98E-14
             5.30E-14  2.92E-14  1.76E-14  9.97E-15  4.27E-15  2.09E-15  9.58E-16  3.16E-16  1.30E-16
    12       8.89E-12  6.28E-12  3.97E-12  2.80E-12  1.97E-12  1.24E-12  8.62E-13  5.93E-13  3.47E-13  2.21E-13
             1.32E-13  5.95E-14  2.96E-14  1.36E-14  4.37E-15  1.74E-15  6.63E-16  1.78E-16  6.44E-17
    13       1.43E-11  1.01E-11  6.39E-12  4.50E-12  3.16E-12  1.95E-12  1.33E-12  8.80E-13  4.70E-13  2.69E-13
             1.40E-13  5.16E-14  2.20E-14  8.80E-15  2.44E-15  8.96E-16  3.23E-16  8.28E-17  2.94E-17
    14       1.53E-11  1.08E-11  6.77E-12  4.75E-12  3.30E-12  1.99E-12  1.31E-12  8.16E-13  3.88E-13  1.98E-13
             9.17E-14  2.91E-14  1.14E-14  4.26E-15  1.12E-15  4.01E-16  1.43E-16  3.63E-17  1.28E-17
    15       8.31E-12  5.86E-12  3.67E-12  2.55E-12  1.75E-12  1.02E-12  6.38E-13  3.71E-13  1.56E-13  7.22E-14
             3.06E-14  8.86E-15  3.30E-15  1.20E-15  3.10E-16  1.10E-16  3.91E-17  9.91E-18  3.51E-18
    16       1.71E-12  1.21E-12  7.64E-13  5.40E-13  3.81E-13  2.40E-13  1.68E-13  1.17E-13  7.12E-14  4.79E-14
             3.15E-14  1.72E-14  1.03E-14  5.82E-15  2.49E-15  1.21E-15  5.56E-16  1.83E-16  7.51E-17
    17       5.51E-12  3.90E-12  2.46E-12  1.74E-12  1.22E-12  7.66E-13  5.32E-13  3.64E-13  2.12E-13  1.34E-13
             7.95E-14  3.56E-14  1.76E-14  8.08E-15  2.59E-15  1.03E-15  3.93E-16  1.05E-16  3.81E-17
    18       9.26E-12  6.54E-12  4.12E-12  2.90E-12  2.04E-12  1.26E-12  8.57E-13  5.65E-13  3.01E-13  1.71E-13
             8.92E-14  3.27E-14  1.39E-14  5.55E-15  1.54E-15  5.64E-16  2.04E-16  5.22E-17  1.85E-17
    19       1.14E-11  8.02E-12  5.05E-12  3.54E-12  2.46E-12  1.48E-12  9.75E-13  6.07E-13  2.88E-13  1.47E-13
             6.79E-14  2.15E-14  8.39E-15  3.14E-15  8.26E-16  2.96E-16  1.05E-16  2.68E-17  9.48E-18
    20       9.47E-12  6.67E-12  4.18E-12  2.91E-12  2.00E-12  1.16E-12  7.27E-13  4.22E-13  1.78E-13  8.22E-14
             3.48E-14  1.01E-14  3.76E-15  1.37E-15  3.52E-16  1.25E-16  4.45E-17  1.13E-17  3.99E-18
    21       4.09E-12  2.88E-12  1.79E-12  1.23E-12  8.31E-13  4.62E-13  2.73E-13  1.47E-13  5.57E-14  2.38E-14
             9.50E-15  2.61E-15  9.52E-16  3.42E-16  8.74E-17  3.10E-17  1.10E-17  2.78E-18  9.83E-19
    22       1.14E-12  8.09E-13  5.11E-13  3.61E-13  2.54E-13  1.60E-13  1.11E-13  7.71E-14  4.65E-14  3.11E-14
             2.03E-14  1.10E-14  6.55E-15  3.69E-15  1.57E-15  7.65E-16  3.51E-16  1.15E-16  4.73E-17
    23       3.69E-12  2.61E-12  1.65E-12  1.16E-12  8.18E-13  5.11E-13  3.54E-13  2.41E-13  1.39E-13  8.73E-14
             5.16E-14  2.30E-14  1.14E-14  5.19E-15  1.66E-15  6.59E-16  2.51E-16  6.73E-17  2.44E-17
    24       6.31E-12  4.46E-12  2.81E-12  1.98E-12  1.39E-12  8.56E-13  5.81E-13  3.82E-13  2.03E-13  1.15E-13
             5.96E-14  2.18E-14  9.26E-15  3.69E-15  1.02E-15  3.75E-16  1.35E-16  3.47E-17  1.23E-17
    25       8.33E-12  5.88E-12  3.70E-12  2.59E-12  1.80E-12  1.09E-12  7.12E-13  4.43E-13  2.10E-13  1.07E-13
             4.92E-14  1.56E-14  6.08E-15  2.27E-15  5.98E-16  2.14E-16  7.62E-17  1.94E-17  6.86E-18
    26       8.33E-12  5.87E-12  3.68E-12  2.56E-12  1.76E-12  1.02E-12  6.39E-13  3.71E-13  1.56E-13  7.21E-14
             3.05E-14  8.83E-15  3.29E-15  1.20E-15  3.09E-16  1.10E-16  3.89E-17  9.87E-18  3.49E-18
    27       5.74E-12  4.03E-12  2.51E-12  1.73E-12  1.17E-12  6.48E-13  3.83E-13  2.07E-13  7.80E-14  3.34E-14
             1.33E-14  3.66E-15  1.33E-15  4.79E-16  1.22E-16  4.34E-17  1.54E-17  3.89E-18  1.38E-18
    28       2.04E-12  1.43E-12  8.85E-13  6.02E-13  3.96E-13  2.08E-13  1.16E-13  5.84E-14  2.01E-14  8.16E-15
             3.12E-15  8.33E-16  3.00E-16  1.07E-16  2.73E-17  9.66E-18  3.42E-18  8.65E-19  3.06E-19
    29       8.11E-13  5.73E-13  3.62E-13  2.55E-13  1.80E-13  1.12E-13  7.82E-14  5.38E-14  3.21E-14  2.13E-14
             1.38E-14  7.43E-15  4.42E-15  2.49E-15  1.06E-15  5.14E-16  2.35E-16  7.74E-17  3.17E-17
    30       2.61E-12  1.85E-12  1.16E-12  8.21E-13  5.77E-13  3.59E-13  2.48E-13  1.68E-13  9.64E-14  6.01E-14
             3.53E-14  1.57E-14  7.72E-15  3.52E-15  1.13E-15  4.46E-16  1.70E-16  4.56E-17  1.65E-17
    31       4.51E-12  3.18E-12  2.01E-12  1.41E-12  9.89E-13  6.09E-13  4.13E-13  2.70E-13  1.43E-13  8.06E-14
             4.17E-14  1.52E-14  6.44E-15  2.57E-15  7.10E-16  2.60E-16  9.39E-17  2.41E-17  8.54E-18
    32       6.19E-12  4.37E-12  2.75E-12  1.92E-12  1.34E-12  8.04E-13  5.27E-13  3.27E-13  1.54E-13  7.84E-14
             3.61E-14  1.14E-14  4.45E-15  1.67E-15  4.37E-16  1.57E-16  5.58E-17  1.42E-17  5.02E-18
    33       6.83E-12  4.81E-12  3.01E-12  2.10E-12  1.44E-12  8.36E-13  5.23E-13  3.03E-13  1.27E-13  5.88E-14
             2.49E-14  7.20E-15  2.68E-15  9.76E-16  2.51E-16  8.94E-17  3.17E-17  8.04E-18  2.84E-18
    34       5.82E-12  4.09E-12  2.55E-12  1.76E-12  1.18E-12  6.56E-13  3.88E-13  2.09E-13  7.90E-14  3.38E-14
             1.35E-14  3.70E-15  1.35E-15  4.84E-16  1.24E-16  4.39E-17  1.55E-17  3.94E-18  1.39E-18
    35       3.41E-12  2.39E-12  1.47E-12  1.00E-12  6.60E-13  3.47E-13  1.94E-13  9.73E-14  3.35E-14  1.36E-14
             5.20E-15  1.39E-15  5.00E-16  1.78E-16  4.54E-17  1.61E-17  5.69E-18  1.44E-18  5.09E-19
    36       1.03E-12  7.20E-13  4.40E-13  2.94E-13  1.88E-13  9.34E-14  4.91E-14  2.32E-14  7.43E-15  2.90E-15
             1.08E-15  2.83E-16  1.01E-16  3.61E-17  9.16E-18  3.24E-18  1.15E-18  2.90E-19  1.03E-19
    37       5.99E-13  4.24E-13  2.67E-13  1.88E-13  1.33E-13  8.25E-14  5.71E-14  3.91E-14  2.32E-14  1.53E-14
             9.85E-15  5.26E-15  3.12E-15  1.75E-15  7.43E-16  3.61E-16  1.65E-16  5.44E-17  2.23E-17
    38       1.93E-12  1.36E-12  8.59E-13  6.06E-13  4.25E-13  2.64E-13  1.81E-13  1.22E-13  6.96E-14  4.32E-14
             2.53E-14  1.11E-14  5.48E-15  2.50E-15  7.97E-16  3.16E-16  1.20E-16  3.23E-17  1.17E-17
    39       3.34E-12  2.36E-12  1.49E-12  1.05E-12  7.32E-13  4.49E-13  3.04E-13  1.98E-13  1.04E-13  5.85E-14
             3.02E-14  1.10E-14  4.65E-15  1.85E-15  5.12E-16  1.88E-16  6.76E-17  1.73E-17  6.15E-18
    40       4.69E-12  3.31E-12  2.08E-12  1.46E-12  1.01E-12  6.08E-13  3.98E-13  2.46E-13  1.16E-13  5.87E-14
             2.70E-14  8.54E-15  3.32E-15  1.24E-15  3.26E-16  1.17E-16  4.16E-17  1.06E-17  3.74E-18
    41       5.50E-12  3.87E-12  2.43E-12  1.69E-12  1.16E-12  6.72E-13  4.20E-13  2.43E-13  1.02E-13  4.71E-14
             1.99E-14  5.75E-15  2.14E-15  7.79E-16  2.01E-16  7.14E-17  2.53E-17  6.42E-18  2.27E-18
    42       5.29E-12  3.72E-12  2.31E-12  1.59E-12  1.07E-12  5.96E-13  3.53E-13  1.90E-13  7.16E-14  3.06E-14
             1.22E-14  3.35E-15  1.22E-15  4.39E-16  1.12E-16  3.97E-17  1.41E-17  3.56E-18  1.26E-18
    43       3.91E-12  2.74E-12  1.69E-12  1.15E-12  7.58E-13  3.99E-13  2.22E-13  1.12E-13  3.85E-14  1.56E-14
             5.97E-15  1.59E-15  5.74E-16  2.05E-16  5.21E-17  1.85E-17  6.53E-18  1.65E-18  5.85E-19
    44       1.99E-12  1.39E-12  8.50E-13  5.69E-13  3.64E-13  1.80E-13  9.48E-14  4.48E-14  1.44E-14  5.60E-15
             2.09E-15  5.48E-16  1.96E-16  6.98E-17  1.77E-17  6.27E-18  2.22E-18  5.61E-19  1.98E-19
    45       5.24E-13  3.64E-13  2.19E-13  1.44E-13  8.93E-14  4.16E-14  2.07E-14  9.26E-15  2.81E-15  1.07E-15
             3.92E-16  1.02E-16  3.62E-17  1.29E-17  3.26E-18  1.15E-18  4.08E-19  1.03E-19  3.65E-20
    46       4.58E-13  3.24E-13  2.04E-13  1.44E-13  1.01E-13  6.26E-14  4.32E-14  2.94E-14  1.73E-14  1.13E-14
             7.26E-15  3.86E-15  2.28E-15  1.28E-15  5.43E-16  2.64E-16  1.21E-16  3.97E-17  1.63E-17
    47       1.47E-12  1.04E-12  6.56E-13  4.61E-13  3.24E-13  2.00E-13  1.37E-13  9.19E-14  5.19E-14  3.20E-14
             1.87E-14  8.21E-15  4.03E-15  1.83E-15  5.85E-16  2.32E-16  8.82E-17  2.36E-17  8.56E-18
    48       2.55E-12  1.80E-12  1.14E-12  7.99E-13  5.58E-13  3.42E-13  2.30E-13  1.50E-13  7.80E-14  4.38E-14
             2.25E-14  8.17E-15  3.46E-15  1.38E-15  3.80E-16  1.39E-16  5.02E-17  1.29E-17  4.57E-18
    49       3.64E-12  2.57E-12  1.61E-12  1.13E-12  7.84E-13  4.70E-13  3.07E-13  1.89E-13  8.88E-14  4.49E-14
             2.06E-14  6.51E-15  2.53E-15  9.47E-16  2.49E-16  8.91E-17  3.17E-17  8.06E-18  2.85E-18
    50       4.43E-12  3.12E-12  1.95E-12  1.36E-12  9.32E-13  5.41E-13  3.37E-13  1.95E-13  8.16E-14  3.76E-14
             1.59E-14  4.59E-15  1.71E-15  6.22E-16  1.60E-16  5.70E-17  2.02E-17  5.12E-18  1.81E-18
    51       4.59E-12  3.23E-12  2.01E-12  1.39E-12  9.33E-13  5.17E-13  3.06E-13  1.65E-13  6.20E-14  2.65E-14
             1.05E-14  2.90E-15  1.06E-15  3.79E-16  9.69E-17  3.44E-17  1.22E-17  3.08E-18  1.09E-18
    52       3.90E-12  2.74E-12  1.69E-12  1.15E-12  7.56E-13  3.98E-13  2.22E-13  1.11E-13  3.83E-14  1.55E-14
             5.94E-15  1.58E-15  5.71E-16  2.04E-16  5.19E-17  1.84E-17  6.50E-18  1.65E-18  5.82E-19
    53       2.56E-12  1.79E-12  1.09E-12  7.31E-13  4.67E-13  2.32E-13  1.22E-13  5.75E-14  1.84E-14  7.19E-15
             2.68E-15  7.03E-16  2.52E-16  8.95E-17  2.27E-17  8.05E-18  2.85E-18  7.20E-19  2.55E-19
    54       1.15E-12  8.01E-13  4.83E-13  3.17E-13  1.96E-13  9.16E-14  4.55E-14  2.04E-14  6.18E-15  2.35E-15
             8.63E-16  2.24E-16  7.97E-17  2.83E-17  7.18E-18  2.54E-18  8.99E-19  2.27E-19  8.04E-20
    55       2.67E-13  1.85E-13  1.10E-13  7.04E-14  4.22E-14  1.85E-14  8.74E-15  3.74E-15  1.09E-15  4.06E-16
             1.48E-16  3.80E-17  1.35E-17  4.80E-18  1.22E-18  4.30E-19  1.52E-19  3.85E-20  1.36E-20

   INREP
   -----
     2       1.23E-10  8.73E-11  5.51E-11  3.90E-11  2.75E-11  1.73E-11  1.21E-11  8.40E-12  5.05E-12  3.33E-12
             2.10E-12  1.05E-12  5.74E-13  2.96E-13  1.13E-13  5.11E-14  2.21E-14  6.87E-15  2.73E-15
     3       8.20E-11  5.79E-11  3.66E-11  2.58E-11  1.82E-11  1.13E-11  7.84E-12  5.33E-12  3.05E-12  1.90E-12
             1.12E-12  5.02E-13  2.56E-13  1.23E-13  4.37E-14  1.90E-14  7.96E-15  2.40E-15  9.39E-16
     4       6.17E-11  4.36E-11  2.75E-11  1.94E-11  1.36E-11  8.38E-12  5.71E-12  3.79E-12  2.06E-12  1.22E-12
             6.79E-13  2.84E-13  1.38E-13  6.39E-14  2.17E-14  9.21E-15  3.79E-15  1.12E-15  4.35E-16
     5       4.96E-11  3.50E-11  2.20E-11  1.55E-11  1.08E-11  6.59E-12  4.41E-12  2.85E-12  1.48E-12  8.40E-13
             4.48E-13  1.78E-13  8.36E-14  3.77E-14  1.24E-14  5.20E-15  2.11E-15  6.19E-16  2.38E-16
     6       4.14E-11  2.92E-11  1.84E-11  1.29E-11  8.93E-12  5.37E-12  3.53E-12  2.22E-12  1.11E-12  6.06E-13
             3.12E-13  1.19E-13  5.48E-14  2.42E-14  7.84E-15  3.24E-15  1.30E-15  3.79E-16  1.45E-16
     7       3.56E-11  2.51E-11  1.57E-11  1.10E-11  7.58E-12  4.49E-12  2.90E-12  1.78E-12  8.52E-13  4.54E-13
             2.27E-13  8.44E-14  3.80E-14  1.65E-14  5.28E-15  2.16E-15  8.65E-16  2.50E-16  9.54E-17
     8       3.12E-11  2.20E-11  1.38E-11  9.56E-12  6.55E-12  3.82E-12  2.42E-12  1.45E-12  6.73E-13  3.50E-13
             1.71E-13  6.21E-14  2.75E-14  1.18E-14  3.73E-15  1.52E-15  6.05E-16  1.74E-16  6.62E-17
     9       2.78E-11  1.95E-11  1.22E-11  8.45E-12  5.74E-12  3.29E-12  2.05E-12  1.21E-12  5.42E-13  2.76E-13
             1.33E-13  4.71E-14  2.06E-14  8.80E-15  2.75E-15  1.11E-15  4.40E-16  1.26E-16  4.79E-17
    10       2.50E-11  1.76E-11  1.09E-11  7.55E-12  5.09E-12  2.87E-12  1.76E-12  1.01E-12  4.44E-13  2.22E-13
             1.05E-13  3.67E-14  1.59E-14  6.73E-15  2.08E-15  8.38E-16  3.31E-16  9.44E-17  3.58E-17
    11       2.28E-11  1.60E-11  9.92E-12  6.80E-12  4.56E-12  2.53E-12  1.52E-12  8.62E-13  3.69E-13  1.81E-13
             8.47E-14  2.91E-14  1.25E-14  5.27E-15  1.62E-15  6.49E-16  2.56E-16  7.27E-17  2.75E-17
    12       2.09E-11  1.46E-11  9.05E-12  6.18E-12  4.10E-12  2.24E-12  1.33E-12  7.40E-13  3.10E-13  1.50E-13
             6.94E-14  2.36E-14  1.01E-14  4.21E-15  1.29E-15  5.14E-16  2.02E-16  5.72E-17  2.16E-17
    13       1.93E-11  1.35E-11  8.31E-12  5.64E-12  3.72E-12  2.00E-12  1.17E-12  6.41E-13  2.63E-13  1.26E-13
             5.76E-14  1.94E-14  8.23E-15  3.42E-15  1.04E-15  4.14E-16  1.62E-16  4.59E-17  1.73E-17
    14       1.79E-11  1.25E-11  7.68E-12  5.18E-12  3.39E-12  1.79E-12  1.03E-12  5.59E-13  2.26E-13  1.07E-13
             4.84E-14  1.61E-14  6.81E-15  2.82E-15  8.53E-16  3.39E-16  1.33E-16  3.74E-17  1.41E-17
    15       1.68E-11  1.17E-11  7.15E-12  4.80E-12  3.11E-12  1.62E-12  9.21E-13  4.91E-13  1.95E-13  9.15E-14
             4.11E-14  1.36E-14  5.71E-15  2.35E-15  7.08E-16  2.81E-16  1.10E-16  3.09E-17  1.16E-17
    16       1.57E-11  1.10E-11  6.66E-12  4.45E-12  2.86E-12  1.47E-12  8.23E-13  4.34E-13  1.70E-13  7.89E-14
             3.52E-14  1.15E-14  4.83E-15  1.98E-15  5.95E-16  2.35E-16  9.17E-17  2.58E-17  9.72E-18
    17       1.39E-11  9.68E-12  5.83E-12  3.84E-12  2.43E-12  1.21E-12  6.66E-13  3.43E-13  1.31E-13  5.99E-14
             2.64E-14  8.56E-15  3.55E-15  1.45E-15  4.33E-16  1.71E-16  6.63E-17  1.86E-17  6.97E-18
    18       1.25E-11  8.66E-12  5.17E-12  3.37E-12  2.09E-12  1.02E-12  5.49E-13  2.78E-13  1.04E-13  4.69E-14
             2.05E-14  6.55E-15  2.70E-15  1.10E-15  3.26E-16  1.28E-16  4.96E-17  1.39E-17  5.19E-18
    19       1.14E-11  7.82E-12  4.62E-12  2.98E-12  1.82E-12  8.65E-13  4.58E-13  2.28E-13  8.37E-14  3.74E-14
             1.62E-14  5.13E-15  2.11E-15  8.51E-16  2.52E-16  9.86E-17  3.81E-17  1.06E-17  4.00E-18
    20       9.90E-12  6.78E-12  3.95E-12  2.50E-12  1.50E-12  6.89E-13  3.56E-13  1.74E-13  6.24E-14  2.75E-14
             1.18E-14  3.69E-15  1.51E-15  6.05E-16  1.78E-16  6.94E-17  2.68E-17  7.45E-18  2.79E-18
    21       8.46E-12  5.73E-12  3.27E-12  2.02E-12  1.18E-12  5.24E-13  2.64E-13  1.26E-13  4.41E-14  1.92E-14
             8.10E-15  2.51E-15  1.02E-15  4.06E-16  1.19E-16  4.61E-17  1.77E-17  4.92E-18  1.84E-18
    22       6.88E-12  4.60E-12  2.54E-12  1.52E-12  8.57E-13  3.63E-13  1.77E-13  8.24E-14  2.81E-14  1.20E-14
             5.01E-15  1.53E-15  6.15E-16  2.44E-16  7.08E-17  2.74E-17  1.05E-17  2.90E-18  1.08E-18
    23       6.09E-12  4.02E-12  2.18E-12  1.28E-12  7.06E-13  2.92E-13  1.40E-13  6.42E-14  2.16E-14  9.15E-15
             3.79E-15  1.15E-15  4.60E-16  1.82E-16  5.25E-17  2.03E-17  7.76E-18  2.14E-18  7.99E-19
    24       5.16E-12  3.36E-12  1.76E-12  1.01E-12  5.43E-13  2.17E-13  1.02E-13  4.60E-14  1.52E-14  6.36E-15
             2.61E-15  7.87E-16  3.13E-16  1.23E-16  3.54E-17  1.36E-17  5.20E-18  1.43E-18  5.33E-19
    25       4.66E-12  3.00E-12  1.55E-12  8.73E-13  4.61E-13  1.81E-13  8.42E-14  3.75E-14  1.23E-14  5.12E-15
             2.09E-15  6.26E-16  2.48E-16  9.75E-17  2.80E-17  1.08E-17  4.10E-18  1.13E-18  4.19E-19
    26       4.05E-12  2.57E-12  1.29E-12  7.11E-13  3.68E-13  1.41E-13  6.45E-14  2.84E-14  9.18E-15  3.80E-15
             1.54E-15  4.59E-16  1.81E-16  7.10E-17  2.03E-17  7.79E-18  2.96E-18  8.13E-19  3.02E-19
    27       3.55E-12  2.22E-12  1.09E-12  5.87E-13  2.98E-13  1.12E-13  5.07E-14  2.21E-14  7.06E-15  2.90E-15
             1.17E-15  3.48E-16  1.37E-16  5.34E-17  1.52E-17  5.83E-18  2.22E-18  6.07E-19  2.25E-19
    28       2.97E-12  1.81E-12  8.58E-13  4.52E-13  2.25E-13  8.21E-14  3.66E-14  1.57E-14  4.96E-15  2.03E-15
             8.14E-16  2.40E-16  9.39E-17  3.65E-17  1.04E-17  3.97E-18  1.50E-18  4.11E-19  1.52E-19
    29       2.43E-12  1.44E-12  6.60E-13  3.39E-13  1.64E-13  5.86E-14  2.57E-14  1.09E-14  3.40E-15  1.38E-15
             5.51E-16  1.61E-16  6.29E-17  2.44E-17  6.90E-18  2.63E-18  9.96E-19  2.72E-19  1.01E-19
    30       1.79E-12  1.02E-12  4.44E-13  2.20E-13  1.03E-13  3.56E-14  1.53E-14  6.41E-15  1.96E-15  7.88E-16
             3.13E-16  9.06E-17  3.52E-17  1.36E-17  3.83E-18  1.46E-18  5.49E-19  1.50E-19  5.53E-20
    31       1.44E-12  8.02E-13  3.36E-13  1.63E-13  7.51E-14  2.54E-14  1.08E-14  4.48E-15  1.36E-15  5.42E-16
             2.14E-16  6.18E-17  2.39E-17  9.21E-18  2.59E-18  9.81E-19  3.70E-19  1.00E-19  3.71E-20
    32       1.04E-12  5.59E-13  2.24E-13  1.05E-13  4.75E-14  1.57E-14  6.56E-15  2.69E-15  8.06E-16  3.19E-16
             1.25E-16  3.59E-17  1.39E-17  5.32E-18  1.49E-18  5.63E-19  2.12E-19  5.73E-20  2.11E-20
    33       8.08E-13  4.23E-13  1.64E-13  7.57E-14  3.35E-14  1.09E-14  4.51E-15  1.83E-15  5.46E-16  2.15E-16
             8.41E-17  2.40E-17  9.23E-18  3.53E-18  9.85E-19  3.72E-19  1.40E-19  3.78E-20  1.39E-20
    34       5.49E-13  2.77E-13  1.03E-13  4.63E-14  2.01E-14  6.38E-15  2.61E-15  1.05E-15  3.10E-16  1.21E-16
             4.71E-17  1.34E-17  5.12E-18  1.95E-18  5.43E-19  2.05E-19  7.68E-20  2.07E-20  7.63E-21
    35       4.02E-13  1.97E-13  7.13E-14  3.15E-14  1.35E-14  4.22E-15  1.71E-15  6.84E-16  2.00E-16  7.80E-17
             3.02E-17  8.53E-18  3.26E-18  1.24E-18  3.44E-19  1.30E-19  4.85E-20  1.31E-20  4.80E-21
    36       2.45E-13  1.16E-13  4.02E-14  1.73E-14  7.28E-15  2.23E-15  8.97E-16  3.55E-16  1.03E-16  3.99E-17
             1.54E-17  4.31E-18  1.64E-18  6.23E-19  1.72E-19  6.46E-20  2.41E-20  6.49E-21  2.38E-21
    37       1.73E-13  8.01E-14  2.72E-14  1.16E-14  4.80E-15  1.46E-15  5.81E-16  2.29E-16  6.59E-17  2.54E-17
             9.77E-18  2.73E-18  1.04E-18  3.93E-19  1.08E-19  4.06E-20  1.52E-20  4.07E-21  1.49E-21
    38       1.01E-13  4.55E-14  1.50E-14  6.25E-15  2.56E-15  7.65E-16  3.02E-16  1.18E-16  3.38E-17  1.30E-17
             4.96E-18  1.38E-18  5.24E-19  1.98E-19  5.43E-20  2.03E-20  7.56E-21  2.03E-21  7.43E-22
    39       6.81E-14  3.00E-14  9.69E-15  4.00E-15  1.62E-15  4.81E-16  1.89E-16  7.36E-17  2.09E-17  8.02E-18
             3.06E-18  8.49E-19  3.21E-19  1.21E-19  3.31E-20  1.24E-20  4.60E-21  1.23E-21  4.51E-22
    40       3.59E-14  1.54E-14  4.86E-15  1.98E-15  7.93E-16  2.32E-16  9.06E-17  3.51E-17  9.89E-18  3.77E-18
             1.43E-18  3.96E-19  1.49E-19  5.62E-20  1.53E-20  5.72E-21  2.12E-21  5.67E-22  2.07E-22
    41       2.49E-14  1.06E-14  3.30E-15  1.34E-15  5.33E-16  1.55E-16  6.03E-17  2.33E-17  6.54E-18  2.49E-18
             9.45E-19  2.61E-19  9.81E-20  3.68E-20  1.00E-20  3.74E-21  1.39E-21  3.70E-22  1.35E-22
    42       1.46E-14  6.14E-15  1.89E-15  7.58E-16  3.00E-16  8.68E-17  3.36E-17  1.29E-17  3.62E-18  1.38E-18
             5.21E-19  1.43E-19  5.39E-20  2.02E-20  5.50E-21  2.05E-21  7.58E-22  2.02E-22  7.39E-23



    T(K)     ALFT( 1)  ALFT( 2)  ALFT( 3)  ALFT( 4)  ALFT( 5)  ALFT( 6)  ALFT( 7)  ALFT( 8)  ALFT( 9)  ALFT(10)
    ----     --------  --------  --------  --------  --------  --------  --------  --------  --------  --------
  1.60E+04   1.21E-09
  3.20E+04   8.00E-10
  8.00E+04   4.56E-10
  1.60E+05   2.98E-10
  3.20E+05   1.86E-10
  8.00E+05   9.96E-11
  1.60E+06   6.14E-11
  3.20E+06   3.73E-11
  8.00E+06   1.87E-11
  1.60E+07   1.07E-11
  3.20E+07   5.97E-12
  8.00E+07   2.58E-12
  1.60E+08   1.30E-12
  3.20E+08   6.26E-13
  8.00E+08   2.23E-13
  1.60E+09   9.77E-14
  3.20E+09   4.12E-14
  8.00E+09   1.25E-14
  1.60E+10   4.91E-15
C--------------------------------------------------------------------------------------------------------------
C
C                                                                            
C
C NAME:
C DATE:   /  /  
C
C--------------------------------------------------------------------------------------------------------------
